Player,Pos,Age,G,MP,FG,FGA,FG%,3P,3PA,3P%,2P,2PA,2P%,eFG%,FT,FTA,FT%,ORB,DRB,TRB,AST,STL,BLK,TOV,PF,PTS,Status,Season
Kareem Abdul-Jabbar,C,37,79,2630,723,1207,0.599,0,1,0.0,723,1206,0.6,0.599,289,395,0.732,162,460,622,249,63,162,197,238,1735,Candidate,1985
Alvan Adams,PF,30,82,2136,476,915,0.52,0,0,0.0,476,915,0.52,0.52,250,283,0.883,153,347,500,308,115,48,197,254,1202,OOR,1985
Mark Aguirre,SF,25,80,2699,794,1569,0.506,27,85,0.318,767,1484,0.517,0.515,440,580,0.759,188,289,477,249,60,24,253,250,2055,OOR,1985
Danny Ainge,SG,25,75,2564,419,792,0.529,15,56,0.268,404,736,0.549,0.539,118,136,0.868,76,192,268,399,122,6,149,228,971,OOR,1985
Chuck Aleksinas,C,25,74,1114,161,337,0.478,0,1,0.0,161,336,0.479,0.478,55,75,0.733,87,183,270,36,15,15,72,171,377,OOR,1985
J.J. Anderson,SF,24,44,457,61,149,0.409,0,2,0.0,61,147,0.415,0.409,27,45,0.6,29,53,82,21,29,9,32,70,149,OOR,1985
Ron Anderson,SF,26,36,520,84,195,0.431,1,2,0.5,83,193,0.43,0.433,41,50,0.82,39,49,88,34,9,7,34,40,210,OOR,1985
John Bagley,PG,24,81,2401,338,693,0.488,3,26,0.115,335,667,0.502,0.49,125,167,0.749,54,237,291,697,129,5,207,132,804,OOR,1985
James Bailey,PF,27,74,1297,156,349,0.447,0,1,0.0,156,348,0.448,0.447,73,108,0.676,122,222,344,39,30,50,100,286,385,OOR,1985
Thurl Bailey,PF,23,80,2481,507,1034,0.49,1,1,1.0,506,1033,0.49,0.491,197,234,0.842,153,372,525,138,51,105,152,215,1212,OOR,1985
Greg Ballard,SF,30,82,2664,469,978,0.48,14,46,0.304,455,932,0.488,0.487,120,151,0.795,150,381,531,208,100,33,106,221,1072,OOR,1985
Gene Banks,SF,25,82,2091,289,493,0.586,1,3,0.333,288,490,0.588,0.587,199,257,0.774,133,312,445,234,65,13,140,220,778,OOR,1985
Ken Bannister,PF,24,75,1404,209,445,0.47,0,0,0.0,209,445,0.47,0.47,91,192,0.474,108,222,330,39,38,40,141,279,509,OOR,1985
Charles Barkley,PF,21,82,2347,427,783,0.545,1,6,0.167,426,777,0.548,0.546,293,400,0.733,266,437,703,155,95,80,209,301,1148,OOR,1985
Kent Benson,C,30,72,1401,201,397,0.506,0,3,0.0,201,394,0.51,0.506,76,94,0.809,103,221,324,93,53,44,68,207,478,OOR,1985
Larry Bird,SF,28,80,3161,918,1760,0.522,56,131,0.427,862,1629,0.529,0.538,403,457,0.882,164,678,842,531,129,98,248,208,2295,MVP,1985
Otis Birdsong,SG,29,56,1842,495,968,0.511,4,21,0.19,491,947,0.518,0.513,161,259,0.622,60,88,148,232,84,7,117,145,1155,OOR,1985
Rolando Blackman,SG,25,81,2834,625,1230,0.508,6,20,0.3,619,1210,0.512,0.511,342,413,0.828,107,193,300,289,61,16,162,96,1598,OOR,1985
Cory Blackwell,SF,21,60,551,87,237,0.367,0,2,0.0,87,235,0.37,0.367,28,55,0.509,42,54,96,26,25,3,44,55,202,OOR,1985
Sam Bowie,C,23,76,2216,299,557,0.537,0,0,0.0,299,557,0.537,0.537,160,225,0.711,207,449,656,215,55,203,172,278,758,OOR,1985
Dudley Bradley,SG,27,73,1232,142,299,0.475,20,64,0.313,122,235,0.519,0.508,54,79,0.684,34,100,134,173,96,21,84,152,358,OOR,1985
Mike Bratz,PG,29,56,746,106,250,0.424,6,26,0.231,100,224,0.446,0.436,69,82,0.841,11,47,58,122,47,4,54,76,287,OOR,1985
Randy Breuer,C,24,78,1083,162,317,0.511,0,0,0.0,162,317,0.511,0.511,89,127,0.701,92,164,256,40,21,82,63,179,413,OOR,1985
Ron Brewer,SG,29,20,326,62,118,0.525,0,2,0.0,62,116,0.534,0.525,23,25,0.92,9,12,21,17,6,6,9,23,147,OOR,1985
Frank Brickowski,C,25,78,1115,150,305,0.492,0,4,0.0,150,301,0.498,0.492,85,127,0.669,76,184,260,100,34,15,100,171,385,OOR,1985
Junior Bridgeman,SF,31,80,2042,460,990,0.465,14,39,0.359,446,951,0.469,0.472,181,206,0.879,55,175,230,171,47,18,116,128,1115,OOR,1985
Rickey Brown,C,26,69,814,78,192,0.406,0,0,0.0,78,192,0.406,0.406,39,68,0.574,76,147,223,25,19,22,51,117,195,OOR,1985
Tony Brown,SF,24,82,1586,214,465,0.46,0,6,0.0,214,459,0.466,0.46,116,171,0.678,146,142,288,159,59,12,116,212,544,OOR,1985
Wallace Bryant,C,25,56,860,67,148,0.453,0,0,0.0,67,148,0.453,0.453,30,44,0.682,74,167,241,84,21,24,46,110,164,OOR,1985
Quinn Buckner,PG,30,75,858,74,193,0.383,0,1,0.0,74,192,0.385,0.383,32,50,0.64,26,61,87,148,63,2,67,142,180,OOR,1985
Steve Burtt,SG,22,47,418,72,188,0.383,0,1,0.0,72,187,0.385,0.383,53,77,0.688,10,18,28,20,21,4,33,76,197,OOR,1985
Don Buse,PG,34,65,939,82,203,0.404,31,87,0.356,51,116,0.44,0.48,23,30,0.767,21,40,61,203,38,1,45,75,218,OOR,1985
Michael Cage,PF,23,75,1610,216,398,0.543,0,0,0.0,216,398,0.543,0.543,101,137,0.737,126,266,392,51,41,32,81,164,533,OOR,1985
Tony Campbell,SF,22,56,625,130,262,0.496,0,1,0.0,130,261,0.498,0.496,56,70,0.8,41,48,89,24,28,3,69,107,316,OOR,1985
Rick Carlisle,SG,25,38,179,26,67,0.388,0,2,0.0,26,65,0.4,0.388,15,17,0.882,8,13,21,25,3,0,19,21,67,OOR,1985
Antoine Carr,PF,23,62,1195,198,375,0.528,2,6,0.333,196,369,0.531,0.531,101,128,0.789,79,153,232,80,29,78,108,219,499,OOR,1985
Kenny Carr,PF,29,48,1120,190,363,0.523,0,3,0.0,190,360,0.528,0.523,118,164,0.72,90,233,323,56,25,17,100,141,498,OOR,1985
M.L. Carr,SF,34,47,397,62,149,0.416,9,23,0.391,53,126,0.421,0.446,17,17,1.0,21,22,43,24,21,6,24,44,150,OOR,1985
Butch Carter,SG,26,69,1279,214,476,0.45,11,43,0.256,203,433,0.469,0.461,109,134,0.813,36,59,95,167,57,5,109,151,548,OOR,1985
Howard Carter,SG,23,11,66,4,23,0.174,0,3,0.0,4,20,0.2,0.174,1,1,1.0,1,2,3,4,1,0,8,4,9,OOR,1985
Harvey Catchings,C,33,70,1049,72,149,0.483,0,1,0.0,72,148,0.486,0.483,59,89,0.663,89,173,262,14,15,57,55,162,203,OOR,1985
Ron Cavenall,C,25,53,653,28,86,0.326,0,0,0.0,28,86,0.326,0.326,22,39,0.564,53,113,166,19,12,42,45,123,78,OOR,1985
Tom Chambers,PF,25,81,2923,629,1302,0.483,6,22,0.273,623,1280,0.487,0.485,475,571,0.832,164,415,579,209,70,57,260,312,1739,OOR,1985
Maurice Cheeks,PG,28,78,2616,422,741,0.57,6,26,0.231,416,715,0.582,0.574,175,199,0.879,54,163,217,497,169,24,155,184,1025,OOR,1985
Carlos Clark,SG,24,62,562,64,152,0.421,0,5,0.0,64,147,0.435,0.421,41,53,0.774,29,40,69,48,35,2,42,66,169,OOR,1985
Don Collins,SG,26,11,91,12,34,0.353,0,0,0.0,12,34,0.353,0.353,8,9,0.889,10,9,19,7,7,4,8,5,32,OOR,1985
Steve Colter,PG,22,78,1462,216,477,0.453,26,74,0.351,190,403,0.471,0.48,98,130,0.754,40,110,150,243,75,9,112,142,556,OOR,1985
Lester Conner,PG,25,79,2258,246,546,0.451,4,20,0.2,242,526,0.46,0.454,144,192,0.75,87,159,246,369,161,13,138,136,640,OOR,1985
Darwin Cook,PG,26,58,1063,212,453,0.468,2,23,0.087,210,430,0.488,0.47,47,54,0.87,21,71,92,160,74,10,75,96,473,OOR,1985
Jeff Cook,PF,28,72,1288,138,279,0.495,0,1,0.0,138,278,0.496,0.495,47,64,0.734,122,192,314,62,30,23,48,203,323,OOR,1985
Joe Cooper,C,27,3,45,7,15,0.467,0,0,0.0,7,15,0.467,0.467,3,6,0.5,3,6,9,2,2,1,0,7,17,OOR,1985
Michael Cooper,SG,28,82,2189,276,593,0.465,35,123,0.285,241,470,0.513,0.495,115,133,0.865,56,199,255,429,93,49,156,208,702,OOR,1985
Wayne Cooper,C,28,80,2031,404,856,0.472,0,2,0.0,404,854,0.473,0.472,161,235,0.685,229,402,631,86,28,197,149,304,969,OOR,1985
Dave Corzine,C,28,82,2062,276,568,0.486,0,1,0.0,276,567,0.487,0.486,149,200,0.745,130,292,422,140,32,64,124,189,701,OOR,1985
Charlie Criss,PG,36,4,115,7,17,0.412,0,2,0.0,7,15,0.467,0.412,4,6,0.667,2,12,14,22,3,0,11,5,18,OOR,1985
Pat Cummings,C,28,63,2069,410,797,0.514,0,4,0.0,410,793,0.517,0.514,177,227,0.78,139,379,518,109,50,17,166,247,997,OOR,1985
Terry Cummings,PF,23,79,2722,759,1532,0.495,0,1,0.0,759,1531,0.496,0.495,343,463,0.741,244,472,716,228,117,67,190,264,1861,Candidate,1985
Earl Cureton,C,27,81,1642,207,428,0.484,0,3,0.0,207,425,0.487,0.484,82,144,0.569,169,250,419,83,56,42,114,216,496,OOR,1985
Quintin Dailey,SG,24,79,2101,525,1111,0.473,7,30,0.233,518,1081,0.479,0.476,205,251,0.817,57,151,208,191,71,5,154,192,1262,OOR,1985
Adrian Dantley,SF,29,55,1971,512,964,0.531,0,0,0.0,512,964,0.531,0.531,438,545,0.804,148,175,323,186,57,8,171,133,1462,OOR,1985
Brad Davis,PG,29,82,2539,310,614,0.505,47,115,0.409,263,499,0.527,0.543,158,178,0.888,39,154,193,581,91,10,123,219,825,OOR,1985
Charles Davis,SF,26,61,774,153,356,0.43,1,10,0.1,152,346,0.439,0.431,51,62,0.823,59,94,153,51,22,5,54,113,358,OOR,1985
Johnny Davis,PG,29,76,1920,337,791,0.426,12,46,0.261,325,745,0.436,0.434,255,300,0.85,35,84,119,426,43,4,152,136,941,OOR,1985
Walter Davis,SG,30,23,570,139,309,0.45,3,10,0.3,136,299,0.455,0.455,64,73,0.877,6,29,35,98,18,0,50,42,345,OOR,1985
Darryl Dawkins,C,28,39,972,192,339,0.566,0,1,0.0,192,338,0.568,0.566,143,201,0.711,55,126,181,45,14,35,93,171,527,OOR,1985
Darren Daye,SF,24,80,1573,258,504,0.512,1,7,0.143,257,497,0.517,0.513,178,249,0.715,93,179,272,240,53,19,134,164,695,OOR,1985
James Donaldson,C,27,82,2392,351,551,0.637,0,0,0.0,351,551,0.637,0.637,227,303,0.749,168,500,668,48,28,130,206,217,929,OOR,1985
John Drew,SF,30,19,463,107,260,0.412,0,4,0.0,107,256,0.418,0.412,94,122,0.77,36,46,82,35,22,2,42,65,308,OOR,1985
Larry Drew,PG,26,72,2373,457,913,0.501,7,28,0.25,450,885,0.508,0.504,154,194,0.794,39,125,164,484,93,8,179,147,1075,OOR,1985
Clyde Drexler,SG,22,80,2555,573,1161,0.494,8,37,0.216,565,1124,0.503,0.497,223,294,0.759,217,259,476,441,177,68,223,265,1377,OOR,1985
Mike Dunleavy,PG,30,19,433,64,135,0.474,16,47,0.34,48,88,0.545,0.533,25,29,0.862,6,25,31,85,15,3,40,55,169,OOR,1985
T.R. Dunn,SG,29,81,2290,175,358,0.489,0,2,0.0,175,356,0.492,0.489,84,116,0.724,169,216,385,153,140,14,65,213,434,OOR,1985
Devin Durrant,SF,24,59,756,114,274,0.416,0,3,0.0,114,271,0.421,0.416,72,102,0.706,49,75,124,80,19,10,77,106,300,OOR,1985
Mark Eaton,C,28,82,2813,302,673,0.449,0,0,0.0,302,673,0.449,0.449,190,267,0.712,207,720,927,124,36,456,206,312,794,OOR,1985
Jerry Eaves,PG,25,3,37,3,6,0.5,0,0,0.0,3,6,0.5,0.5,5,6,0.833,0,0,0,4,0,0,4,6,11,OOR,1985
Kenton Edelin,SF,22,10,143,4,13,0.308,0,0,0.0,4,13,0.308,0.308,3,8,0.375,8,18,26,10,5,4,3,39,11,OOR,1985
Franklin Edwards,PG,25,16,198,36,66,0.545,0,0,0.0,36,66,0.545,0.545,19,24,0.792,3,11,14,38,17,0,17,10,91,OOR,1985
James Edwards,C,29,70,1787,384,766,0.501,0,3,0.0,384,763,0.503,0.501,276,370,0.746,95,292,387,153,26,52,162,237,1044,OOR,1985
Craig Ehlo,SG,23,45,189,34,69,0.493,0,3,0.0,34,66,0.515,0.493,19,30,0.633,8,17,25,26,11,3,22,26,87,OOR,1985
Dale Ellis,SF,24,72,1314,274,603,0.454,42,109,0.385,232,494,0.47,0.489,77,104,0.74,100,138,238,56,46,7,58,131,667,OOR,1985
Chris Engler,C,25,11,82,8,20,0.4,0,0,0.0,8,20,0.4,0.4,5,9,0.556,12,18,30,0,2,5,2,5,21,OOR,1985
Alex English,SF,31,81,2924,939,1812,0.518,1,5,0.2,938,1807,0.519,0.518,383,462,0.829,203,255,458,344,101,46,251,259,2262,OOR,1985
Julius Erving,SF,34,78,2535,610,1236,0.494,3,14,0.214,607,1222,0.497,0.495,338,442,0.765,172,242,414,233,135,109,208,199,1561,OOR,1985
Mike Evans,SG,29,81,1437,323,661,0.489,57,157,0.363,266,504,0.528,0.532,113,131,0.863,26,93,119,231,65,12,130,174,816,OOR,1985
Kenny Fields,SF,22,51,535,84,191,0.44,0,0,0.0,84,191,0.44,0.44,27,36,0.75,41,43,84,38,9,10,32,84,195,OOR,1985
Vern Fleming,PG,22,80,2486,433,922,0.47,0,4,0.0,433,918,0.472,0.47,260,339,0.767,148,175,323,247,99,8,197,232,1126,OOR,1985
Sleepy Floyd,SG,24,82,2873,610,1372,0.445,42,143,0.294,568,1229,0.462,0.46,336,415,0.81,62,140,202,406,134,41,251,226,1598,OOR,1985
Phil Ford,PG,28,25,290,14,47,0.298,0,4,0.0,14,43,0.326,0.298,16,18,0.889,3,24,27,61,6,1,17,33,44,OOR,1985
Rod Foster,PG,24,79,1318,286,636,0.45,41,126,0.325,245,510,0.48,0.482,83,110,0.755,27,53,80,186,61,0,117,171,696,OOR,1985
World B. Free,SG,31,71,2249,609,1328,0.459,71,193,0.368,538,1135,0.474,0.485,308,411,0.749,61,150,211,320,75,16,139,163,1597,OOR,1985
Bill Garnett,PF,24,65,1123,149,310,0.481,0,2,0.0,149,308,0.484,0.481,120,174,0.69,98,188,286,67,28,15,92,196,418,OOR,1985
George Gervin,SG,32,72,2091,600,1182,0.508,0,10,0.0,600,1172,0.512,0.508,324,384,0.844,79,155,234,178,66,48,198,208,1524,OOR,1985
Artis Gilmore,C,35,81,2756,532,854,0.623,0,2,0.0,532,852,0.624,0.623,484,646,0.749,231,615,846,131,40,173,241,306,1548,OOR,1985
Mike Glenn,SG,29,60,1126,228,388,0.588,0,2,0.0,228,386,0.591,0.588,62,76,0.816,20,61,81,122,27,0,55,74,518,OOR,1985
Mike Gminski,C,25,81,2418,380,818,0.465,0,1,0.0,380,817,0.465,0.465,276,328,0.841,229,404,633,158,38,92,136,135,1036,OOR,1985
Lancaster Gordon,SG,22,63,682,110,287,0.383,2,9,0.222,108,278,0.388,0.387,37,49,0.755,26,35,61,88,33,6,69,61,259,OOR,1985
Stewart Granger,PG,23,9,92,6,17,0.353,0,1,0.0,6,16,0.375,0.353,4,8,0.5,1,5,6,12,2,0,12,13,16,OOR,1985
Butch Graves,SG,23,4,11,2,6,0.333,0,1,0.0,2,5,0.4,0.333,1,5,0.2,0,2,2,1,1,0,1,4,5,OOR,1985
Stuart Gray,C,21,52,391,35,92,0.38,0,0,0.0,35,92,0.38,0.38,32,47,0.681,29,94,123,15,9,14,51,82,102,OOR,1985
Rickey Green,PG,30,77,2431,381,798,0.477,6,20,0.3,375,778,0.482,0.481,232,267,0.869,37,152,189,597,132,3,177,131,1000,OOR,1985
Sidney Green,PF,24,48,740,108,250,0.432,0,4,0.0,108,246,0.439,0.432,79,98,0.806,72,174,246,29,11,14,68,102,295,OOR,1985
Dave Greenwood,PF,27,61,1523,152,332,0.458,0,1,0.0,152,331,0.459,0.458,67,94,0.713,108,280,388,78,34,18,63,190,371,OOR,1985
Kevin Grevey,SF,31,78,1182,190,424,0.448,8,33,0.242,182,391,0.465,0.458,88,107,0.822,27,76,103,94,30,2,55,85,476,OOR,1985
Darrell Griffith,SG,26,78,2776,728,1593,0.457,92,257,0.358,636,1336,0.476,0.486,216,298,0.725,124,220,344,243,133,30,247,178,1764,OOR,1985
Ernie Grunfeld,SF,29,69,1061,188,384,0.49,2,8,0.25,186,376,0.495,0.492,77,104,0.74,41,110,151,105,50,7,40,129,455,OOR,1985
Bob Hansen,SG,24,54,646,110,225,0.489,1,7,0.143,109,218,0.5,0.491,40,72,0.556,20,50,70,75,25,1,49,88,261,OOR,1985
Bill Hanzlik,SF,27,80,1673,220,522,0.421,1,15,0.067,219,507,0.432,0.422,180,238,0.756,88,119,207,210,84,26,115,291,621,OOR,1985
Derek Harper,PG,23,82,2218,329,633,0.52,21,61,0.344,308,572,0.538,0.536,111,154,0.721,47,152,199,360,144,37,123,194,790,OOR,1985
Scott Hastings,PF,24,64,825,89,188,0.473,0,0,0.0,89,188,0.473,0.473,63,81,0.778,59,100,159,46,24,23,50,135,241,OOR,1985
Steve Hayes,C,29,11,101,10,18,0.556,0,0,0.0,10,18,0.556,0.556,2,4,0.5,11,23,34,1,1,4,2,19,22,OOR,1985
Gerald Henderson,PG,29,79,2648,427,891,0.479,9,38,0.237,418,853,0.49,0.484,199,255,0.78,71,119,190,559,140,9,231,196,1062,OOR,1985
Rod Higgins,SF,25,68,942,119,270,0.441,10,37,0.27,109,233,0.468,0.459,60,90,0.667,55,92,147,73,21,13,49,91,308,OOR,1985
Roy Hinson,PF,23,76,2344,465,925,0.503,0,3,0.0,465,922,0.504,0.503,271,376,0.721,186,410,596,68,51,173,171,311,1201,OOR,1985
Craig Hodges,SG,24,82,2496,359,732,0.49,47,135,0.348,312,597,0.523,0.523,106,130,0.815,74,112,186,349,96,1,135,262,871,OOR,1985
Lionel Hollins,PG,31,80,1950,249,540,0.461,3,13,0.231,246,527,0.467,0.464,108,136,0.794,33,140,173,417,78,10,170,187,609,OOR,1985
Michael Holton,SG,23,74,1761,257,576,0.446,14,45,0.311,243,531,0.458,0.458,96,118,0.814,30,102,132,198,59,6,123,141,624,OOR,1985
Phil Hubbard,SF,28,76,2249,415,822,0.505,0,4,0.0,415,818,0.507,0.505,371,494,0.751,214,265,479,114,81,9,178,258,1201,OOR,1985
Jay Humphries,SG,22,80,2062,279,626,0.446,4,20,0.2,275,606,0.454,0.449,141,170,0.829,32,132,164,350,107,8,167,209,703,OOR,1985
Geoff Huston,PG,27,8,93,12,25,0.48,0,0,0.0,12,25,0.48,0.48,2,3,0.667,0,1,1,23,0,0,8,8,26,OOR,1985
Marc Iavaroni,PF,28,69,1334,162,354,0.458,0,4,0.0,162,350,0.463,0.458,87,128,0.68,95,209,304,119,35,35,119,217,411,OOR,1985
Dan Issel,C,36,77,1684,363,791,0.459,1,7,0.143,362,784,0.462,0.46,257,319,0.806,80,251,331,137,65,31,93,171,984,OOR,1985
Ralph Jackson,PG,22,1,12,1,3,0.333,0,0,0.0,1,3,0.333,0.333,0,0,0.0,1,0,1,4,2,0,1,1,2,OOR,1985
Clemon Johnson,C,28,58,875,117,235,0.498,0,1,0.0,117,234,0.5,0.498,36,49,0.735,92,129,221,33,15,44,43,112,270,OOR,1985
Dennis Johnson,PG,30,80,2976,493,1066,0.462,7,26,0.269,486,1040,0.467,0.466,261,306,0.853,91,226,317,543,96,39,212,224,1254,OOR,1985
Eddie Johnson,SG,29,73,2367,453,946,0.479,22,72,0.306,431,874,0.493,0.49,265,332,0.798,38,154,192,566,43,7,244,184,1193,OOR,1985
Eddie Johnson,SF,25,82,3029,769,1565,0.491,13,54,0.241,756,1511,0.5,0.496,325,373,0.871,151,256,407,273,83,22,225,237,1876,OOR,1985
Frank Johnson,PG,26,46,925,175,358,0.489,6,17,0.353,169,341,0.496,0.497,72,96,0.75,23,40,63,143,43,3,59,72,428,OOR,1985
George Johnson,C,36,65,800,42,79,0.532,1,1,1.0,41,78,0.526,0.538,22,27,0.815,74,111,185,22,19,78,39,151,107,OOR,1985
George Johnson,SF,28,55,756,107,263,0.407,1,10,0.1,106,253,0.419,0.409,49,56,0.875,48,116,164,38,31,16,49,99,264,OOR,1985
Magic Johnson,PG,25,77,2781,504,899,0.561,7,37,0.189,497,862,0.577,0.565,391,464,0.843,90,386,476,968,113,25,305,155,1406,Candidate,1985
Marques Johnson,SF,28,72,2448,494,1094,0.452,3,13,0.231,491,1081,0.454,0.453,190,260,0.731,188,240,428,248,72,30,176,193,1181,OOR,1985
Mickey Johnson,PF,32,66,1565,304,714,0.426,7,30,0.233,297,684,0.434,0.431,260,316,0.823,149,247,396,149,70,35,142,221,875,OOR,1985
Steve Johnson,C,27,74,1659,281,516,0.545,0,3,0.0,281,513,0.548,0.545,181,252,0.718,146,291,437,64,37,62,151,265,743,OOR,1985
Vinnie Johnson,SG,28,82,2093,428,942,0.454,5,27,0.185,423,915,0.462,0.457,190,247,0.769,134,118,252,325,71,20,135,205,1051,OOR,1985
Bobby Jones,PF,33,80,1633,207,385,0.538,0,4,0.0,207,381,0.543,0.538,186,216,0.861,105,192,297,155,84,50,118,183,600,OOR,1985
Caldwell Jones,C,34,42,885,53,115,0.461,0,2,0.0,53,113,0.469,0.461,36,47,0.766,49,162,211,34,12,31,40,125,142,OOR,1985
Charles Jones,C-PF,27,31,667,67,127,0.528,0,0,0.0,67,127,0.528,0.528,40,58,0.69,71,113,184,26,22,79,25,107,174,OOR,1985
Earl Jones,C,24,2,7,0,1,0.0,0,0,0.0,0,1,0.0,0.0,0,0,0.0,0,0,0,0,0,0,1,0,0,OOR,1985
Edgar Jones,PF,28,44,769,130,275,0.473,0,4,0.0,130,271,0.48,0.473,82,111,0.739,50,121,171,29,20,29,61,123,342,OOR,1985
Major Jones,PF,31,47,418,48,87,0.552,0,0,0.0,48,87,0.552,0.552,33,51,0.647,48,80,128,15,9,14,35,58,129,OOR,1985
Ozell Jones,C,24,67,888,106,180,0.589,0,1,0.0,106,179,0.592,0.589,33,83,0.398,65,173,238,56,30,57,61,139,245,OOR,1985
Michael Jordan,SG,21,82,3144,837,1625,0.515,9,52,0.173,828,1573,0.526,0.518,630,746,0.845,167,367,534,481,196,69,291,285,2313,OOR,1985
Rich Kelley,C,31,77,1276,103,216,0.477,0,2,0.0,103,214,0.481,0.477,84,112,0.75,118,232,350,120,42,30,124,227,290,OOR,1985
Clark Kellogg,PF,23,77,2449,562,1112,0.505,7,14,0.5,555,1098,0.505,0.509,301,396,0.76,224,500,724,244,86,26,231,247,1432,OOR,1985
Greg Kelser,SF,27,10,114,21,53,0.396,0,1,0.0,21,52,0.404,0.396,20,28,0.714,6,13,19,13,7,0,12,16,62,OOR,1985
Jerome Kersey,SF,22,77,958,178,372,0.478,0,3,0.0,178,369,0.482,0.478,117,181,0.646,95,111,206,63,49,29,66,147,473,OOR,1985
Albert King,SF,25,42,860,226,460,0.491,0,8,0.0,226,452,0.5,0.491,85,104,0.817,70,89,159,58,41,9,65,110,537,OOR,1985
Bernard King,SF,28,55,2063,691,1303,0.53,1,10,0.1,690,1293,0.534,0.531,426,552,0.772,114,203,317,204,71,15,204,191,1809,OOR,1985
Reggie King,SF,27,60,860,63,149,0.423,0,0,0.0,63,149,0.423,0.423,41,59,0.695,44,78,122,53,28,11,42,74,167,OOR,1985
Greg Kite,C,23,55,424,33,88,0.375,0,0,0.0,33,88,0.375,0.375,22,32,0.688,38,51,89,17,3,10,29,84,88,OOR,1985
Billy Knight,SF-SG,32,68,800,156,354,0.441,11,25,0.44,145,329,0.441,0.456,64,73,0.877,50,68,118,80,16,2,70,62,387,OOR,1985
Joe Kopicki,PF,24,42,308,50,95,0.526,2,3,0.667,48,92,0.522,0.537,43,54,0.796,29,57,86,29,13,1,28,58,145,OOR,1985
Mitch Kupchak,PF,30,58,716,123,244,0.504,0,0,0.0,123,244,0.504,0.504,60,91,0.659,68,116,184,21,19,20,48,104,306,OOR,1985
Tom LaGarde,C,29,1,8,0,1,0.0,0,0,0.0,0,1,0.0,0.0,1,2,0.5,1,1,2,0,0,0,1,2,1,OOR,1985
Bill Laimbeer,C,27,82,2892,595,1177,0.506,4,18,0.222,591,1159,0.51,0.507,244,306,0.797,295,718,1013,154,69,71,129,308,1438,OOR,1985
Allen Leavell,PG,27,42,536,88,209,0.421,8,37,0.216,80,172,0.465,0.44,44,57,0.772,8,29,37,102,23,4,51,61,228,OOR,1985
Ronnie Lester,PG,26,32,278,34,82,0.415,0,1,0.0,34,81,0.42,0.415,21,31,0.677,4,22,26,80,15,3,32,25,89,OOR,1985
Fat Lever,PG,24,82,2559,424,985,0.43,6,24,0.25,418,961,0.435,0.434,197,256,0.77,147,264,411,613,202,30,203,226,1051,OOR,1985
Cliff Levingston,PF,24,74,2017,291,552,0.527,0,2,0.0,291,550,0.529,0.527,145,222,0.653,230,336,566,104,70,69,133,231,727,OOR,1985
Alton Lister,C,26,81,2091,322,598,0.538,0,1,0.0,322,597,0.539,0.538,154,262,0.588,219,428,647,127,49,167,183,287,798,OOR,1985
Lewis Lloyd,SG,25,82,2128,457,869,0.526,2,8,0.25,455,861,0.528,0.527,161,220,0.732,98,133,231,280,73,28,177,196,1077,OOR,1985
John Long,SG,28,66,1820,431,885,0.487,5,15,0.333,426,870,0.49,0.49,106,123,0.862,81,109,190,130,71,14,98,139,973,OOR,1985
Sidney Lowe,PG,25,21,190,10,27,0.37,0,1,0.0,10,26,0.385,0.37,8,8,1.0,4,12,16,50,11,0,13,28,28,OOR,1985
John Lucas,PG,31,47,1158,206,446,0.462,21,66,0.318,185,380,0.487,0.485,103,129,0.798,21,64,85,318,62,2,102,78,536,OOR,1985
Maurice Lucas,PF,32,63,1670,346,727,0.476,0,4,0.0,346,723,0.479,0.476,150,200,0.75,138,419,557,145,39,17,151,183,842,OOR,1985
Kyle Macy,PG,27,65,2018,282,582,0.485,23,85,0.271,259,497,0.521,0.504,127,140,0.907,33,146,179,380,85,3,111,128,714,OOR,1985
Rick Mahorn,PF,26,77,2072,206,413,0.499,0,0,0.0,206,413,0.499,0.499,71,104,0.683,150,458,608,121,59,104,133,308,483,OOR,1985
Jeff Malone,SG,23,76,2613,605,1213,0.499,15,72,0.208,590,1141,0.517,0.505,211,250,0.844,60,146,206,184,52,9,107,176,1436,OOR,1985
Moses Malone,C,29,79,2957,602,1284,0.469,0,2,0.0,602,1282,0.47,0.469,737,904,0.815,385,646,1031,130,67,123,286,216,1941,Candidate,1985
Pace Mannion,SF,24,34,190,27,63,0.429,0,1,0.0,27,62,0.435,0.429,16,23,0.696,12,11,23,27,16,3,18,17,70,OOR,1985
Wes Matthews,PG,25,78,1523,191,386,0.495,2,16,0.125,189,370,0.511,0.497,59,85,0.694,16,51,67,354,73,12,124,133,443,OOR,1985
Cedric Maxwell,SF,29,57,1495,201,377,0.533,0,2,0.0,201,375,0.536,0.533,231,278,0.831,98,144,242,102,36,15,98,140,633,OOR,1985
Bob McAdoo,C,33,66,1254,284,546,0.52,0,1,0.0,284,545,0.521,0.52,122,162,0.753,79,216,295,67,18,53,95,170,690,OOR,1985
Tim McCormick,C,22,78,1584,269,483,0.557,0,1,0.0,269,482,0.558,0.557,188,263,0.715,146,252,398,78,18,33,114,207,726,OOR,1985
Rodney McCray,SF,23,82,3001,476,890,0.535,0,6,0.0,476,884,0.538,0.535,231,313,0.738,201,338,539,355,90,75,178,215,1183,OOR,1985
Scooter McCray,PF,24,6,93,6,10,0.6,0,0,0.0,6,10,0.6,0.6,3,4,0.75,6,11,17,7,1,3,10,13,15,OOR,1985
Hank McDowell,PF,25,34,132,20,42,0.476,0,1,0.0,20,41,0.488,0.476,7,10,0.7,7,15,22,9,3,5,8,22,47,OOR,1985
Mike McGee,SF,25,76,1170,329,612,0.538,22,61,0.361,307,551,0.557,0.556,94,160,0.588,97,68,165,71,39,7,81,147,774,OOR,1985
Kevin McHale,PF,27,79,2653,605,1062,0.57,0,6,0.0,605,1056,0.573,0.57,355,467,0.76,229,483,712,141,28,120,157,234,1565,OOR,1985
Kevin McKenna,SG,26,29,535,61,134,0.455,5,13,0.385,56,121,0.463,0.474,38,43,0.884,20,29,49,58,30,7,32,63,165,OOR,1985
Tom McMillen,C,32,69,1547,252,534,0.472,0,5,0.0,252,529,0.476,0.472,112,135,0.83,64,146,210,52,8,17,44,163,616,OOR,1985
Mark McNamara,C,25,45,273,40,76,0.526,0,0,0.0,40,76,0.526,0.526,32,62,0.516,31,43,74,6,7,8,19,27,112,OOR,1985
Joe Meriweather,C,31,76,1061,121,243,0.498,1,2,0.5,120,241,0.498,0.5,96,124,0.774,94,169,263,27,17,28,50,181,339,OOR,1985
Larry Micheaux,PF,24,57,565,91,157,0.58,0,3,0.0,91,154,0.591,0.58,29,43,0.674,62,81,143,30,20,21,36,75,211,OOR,1985
Mike Mitchell,SF,29,82,2853,775,1558,0.497,5,23,0.217,770,1535,0.502,0.499,269,346,0.777,145,272,417,151,61,27,144,219,1824,OOR,1985
Paul Mokeski,C,28,79,1586,205,429,0.478,0,2,0.0,205,427,0.48,0.478,81,116,0.698,107,303,410,99,28,35,85,266,491,OOR,1985
Sidney Moncrief,PG,27,73,2734,561,1162,0.483,9,33,0.273,552,1129,0.489,0.487,454,548,0.828,149,242,391,382,117,39,184,197,1585,OOR,1985
Johnny Moore,PG,26,82,2689,416,910,0.457,25,89,0.281,391,821,0.476,0.471,189,248,0.762,94,284,378,816,229,18,236,247,1046,OOR,1985
Jay Murphy,PF,22,23,149,8,50,0.16,0,1,0.0,8,49,0.163,0.16,12,21,0.571,6,35,41,4,1,2,8,21,28,OOR,1985
Larry Nance,PF,25,61,2202,515,877,0.587,1,2,0.5,514,875,0.587,0.588,180,254,0.709,195,341,536,159,88,104,136,185,1211,OOR,1985
Calvin Natt,PF,28,78,2657,685,1255,0.546,0,3,0.0,685,1252,0.547,0.546,447,564,0.793,209,401,610,238,75,33,190,182,1817,OOR,1985
Kenny Natt,SG,26,8,29,2,6,0.333,0,0,0.0,2,6,0.333,0.333,2,4,0.5,2,1,3,3,2,0,3,3,6,OOR,1985
Ed Nealy,PF,24,22,225,26,44,0.591,0,0,0.0,26,44,0.591,0.591,10,19,0.526,15,29,44,18,3,1,12,26,62,OOR,1985
Chuck Nevitt,C,25,11,59,5,17,0.294,0,0,0.0,5,17,0.294,0.294,2,8,0.25,5,15,20,3,0,15,10,20,12,OOR,1985
Kurt Nimphius,C,26,82,2010,196,434,0.452,0,6,0.0,196,428,0.458,0.452,108,140,0.771,136,272,408,183,30,126,95,262,500,OOR,1985
Norm Nixon,PG,29,81,2894,596,1281,0.465,33,99,0.333,563,1182,0.476,0.478,170,218,0.78,55,163,218,711,95,4,273,175,1395,OOR,1985
Audie Norris,C,24,78,1117,133,245,0.543,0,3,0.0,133,242,0.55,0.543,135,203,0.665,90,160,250,47,42,33,100,221,401,OOR,1985
Mike O'Koren,SF,26,43,1119,194,393,0.494,8,21,0.381,186,372,0.5,0.504,42,67,0.627,46,120,166,102,32,16,51,115,438,OOR,1985
Hakeem Olajuwon,C,22,82,2914,677,1258,0.538,0,0,0.0,677,1258,0.538,0.538,338,551,0.613,440,534,974,111,99,220,234,344,1692,OOR,1985
Mark Olberding,PF,28,81,2277,265,528,0.502,0,3,0.0,265,525,0.505,0.502,293,352,0.832,139,374,513,243,56,11,185,298,823,OOR,1985
Jawann Oldham,C,27,63,993,89,192,0.464,0,1,0.0,89,191,0.466,0.464,34,50,0.68,79,157,236,31,11,127,58,166,212,OOR,1985
Louis Orr,PF,26,79,2452,372,766,0.486,1,10,0.1,371,756,0.491,0.486,262,334,0.784,171,220,391,134,100,27,138,195,1007,OOR,1985
Robert Parish,C,31,79,2850,551,1016,0.542,0,0,0.0,551,1016,0.542,0.542,292,393,0.743,263,577,840,125,56,101,186,223,1394,OOR,1985
Billy Paultz,C,36,62,370,32,87,0.368,0,0,0.0,32,87,0.368,0.368,18,28,0.643,24,72,96,16,6,11,30,51,82,OOR,1985
Jim Paxson,SG,27,68,2253,508,988,0.514,6,39,0.154,502,949,0.529,0.517,196,248,0.79,69,153,222,264,101,5,108,115,1218,OOR,1985
John Paxson,PG,24,78,1259,196,385,0.509,10,34,0.294,186,351,0.53,0.522,84,100,0.84,19,49,68,215,45,3,81,117,486,OOR,1985
Sam Perkins,PF,23,82,2317,347,736,0.471,9,36,0.25,338,700,0.483,0.478,200,244,0.82,189,416,605,135,63,63,102,236,903,OOR,1985
Jim Petersen,PF,22,60,714,70,144,0.486,0,0,0.0,70,144,0.486,0.486,50,66,0.758,44,103,147,29,14,32,71,125,190,OOR,1985
Ricky Pierce,SG,25,44,882,165,307,0.537,1,4,0.25,164,303,0.541,0.539,102,124,0.823,49,68,117,94,34,5,63,117,433,OOR,1985
Charles Pittman,SF,26,68,1001,107,227,0.471,0,2,0.0,107,225,0.476,0.471,109,146,0.747,90,137,227,69,20,21,100,144,323,OOR,1985
Gary Plummer,PF,22,66,702,92,232,0.397,1,4,0.25,91,228,0.399,0.399,65,92,0.707,54,80,134,26,15,14,50,127,250,OOR,1985
David Pope,SF,22,22,129,17,53,0.321,0,1,0.0,17,52,0.327,0.321,7,13,0.538,9,9,18,5,3,3,7,30,41,OOR,1985
Ben Poquette,PF,29,79,1656,210,457,0.46,3,17,0.176,207,440,0.47,0.463,109,137,0.796,148,325,473,79,47,58,70,220,532,OOR,1985
Paul Pressey,SF,26,80,2876,480,928,0.517,7,20,0.35,473,908,0.521,0.521,317,418,0.758,149,280,429,543,129,56,247,258,1284,OOR,1985
Kurt Rambis,PF,26,82,1617,181,327,0.554,0,0,0.0,181,327,0.554,0.554,68,103,0.66,164,364,528,69,82,47,97,211,430,OOR,1985
Kelvin Ransey,PG,26,81,1689,300,654,0.459,2,11,0.182,298,643,0.463,0.46,122,142,0.859,40,90,130,355,87,7,113,134,724,OOR,1985
Leo Rautins,SF,24,4,12,0,2,0.0,0,0,0.0,0,2,0.0,0.0,0,0,0.0,1,1,2,3,0,0,1,3,0,OOR,1985
Robert Reid,SF,29,82,1763,312,648,0.481,1,16,0.063,311,632,0.492,0.482,88,126,0.698,81,192,273,171,48,22,101,196,713,OOR,1985
Clint Richardson,SG,28,74,1531,183,404,0.453,1,3,0.333,182,401,0.454,0.454,76,89,0.854,60,95,155,157,37,15,78,143,443,OOR,1985
Micheal Ray Richardson,PG,29,82,3127,690,1470,0.469,29,115,0.252,661,1355,0.488,0.479,240,313,0.767,156,301,457,669,243,22,249,277,1649,OOR,1985
Doc Rivers,PG,23,69,2126,334,701,0.476,15,36,0.417,319,665,0.48,0.487,291,378,0.77,66,148,214,410,163,53,176,250,974,OOR,1985
Fred Roberts,PF,24,74,1178,208,418,0.498,1,1,1.0,207,417,0.496,0.499,150,182,0.824,78,108,186,87,28,22,89,141,567,OOR,1985
Alvin Robertson,SG,22,79,1685,299,600,0.498,4,11,0.364,295,589,0.501,0.502,124,169,0.734,116,149,265,275,127,24,167,217,726,OOR,1985
Rick Robey,C,29,4,48,2,9,0.222,0,0,0.0,2,9,0.222,0.222,1,2,0.5,3,5,8,5,2,0,8,7,5,OOR,1985
Cliff Robinson,PF,24,60,1870,422,896,0.471,1,3,0.333,421,893,0.471,0.472,158,213,0.742,141,405,546,149,51,47,161,187,1003,OOR,1985
Truck Robinson,PF,33,2,35,2,5,0.4,0,0,0.0,2,5,0.4,0.4,0,2,0.0,6,3,9,3,2,3,5,3,4,OOR,1985
Tree Rollins,C,29,70,1750,186,339,0.549,0,0,0.0,186,339,0.549,0.549,67,93,0.72,113,329,442,52,35,167,80,213,439,OOR,1985
Lorenzo Romar,PG,26,9,51,3,16,0.188,0,3,0.0,3,13,0.231,0.188,5,5,1.0,0,0,0,12,4,0,5,7,11,OOR,1985
Dan Roundfield,PF,31,56,1492,236,505,0.467,0,2,0.0,236,503,0.469,0.467,139,178,0.781,175,278,453,102,26,54,123,147,611,OOR,1985
Jeff Ruland,C,26,37,1436,250,439,0.569,0,2,0.0,250,437,0.572,0.569,200,292,0.685,127,283,410,162,31,27,179,128,700,OOR,1985
Campy Russell,SF,33,3,24,2,7,0.286,0,1,0.0,2,6,0.333,0.286,2,3,0.667,0,5,5,3,0,0,5,3,6,OOR,1985
Walker Russell,PG,24,21,377,34,63,0.54,1,1,1.0,33,62,0.532,0.548,14,17,0.824,8,32,40,66,17,4,40,37,83,OOR,1985
Ralph Sampson,PF,24,82,3086,753,1499,0.502,0,6,0.0,753,1493,0.504,0.502,303,448,0.676,227,626,853,224,81,168,326,306,1809,OOR,1985
Mike Sanders,SF,24,21,418,85,175,0.486,0,0,0.0,85,175,0.486,0.486,45,59,0.763,38,51,89,29,23,4,34,59,215,OOR,1985
Wayne Sappleton,PF,24,33,298,41,87,0.471,0,0,0.0,41,87,0.471,0.471,14,34,0.412,28,47,75,7,7,4,21,50,96,OOR,1985
Danny Schayes,C,25,56,542,60,129,0.465,0,0,0.0,60,129,0.465,0.465,79,97,0.814,48,96,144,38,20,25,44,98,199,OOR,1985
Tom Scheffler,C,30,39,268,21,51,0.412,0,0,0.0,21,51,0.412,0.412,10,20,0.5,18,58,76,11,8,11,15,48,52,OOR,1985
John Schweitz,SG,24,19,110,25,74,0.338,0,4,0.0,25,70,0.357,0.338,7,10,0.7,6,15,21,18,0,1,14,12,57,OOR,1985
Alvin Scott,SF,29,77,1238,111,259,0.429,1,5,0.2,110,254,0.433,0.431,53,74,0.716,46,115,161,127,39,25,60,125,276,OOR,1985
Byron Scott,SG,23,81,2305,541,1003,0.539,26,60,0.433,515,943,0.546,0.552,187,228,0.82,57,153,210,244,100,17,138,197,1295,OOR,1985
Tom Sewell,SG,22,21,87,9,36,0.25,0,2,0.0,9,34,0.265,0.25,2,4,0.5,2,2,4,6,3,1,7,13,20,OOR,1985
Lonnie Shelton,PF,29,57,1244,158,363,0.435,0,5,0.0,158,358,0.441,0.435,51,77,0.662,82,185,267,96,44,18,74,187,367,OOR,1985
Purvis Short,SF,27,78,3081,819,1780,0.46,47,150,0.313,772,1630,0.474,0.473,501,613,0.817,157,241,398,234,116,27,241,255,2186,OOR,1985
Jerry Sichting,PG,28,70,1808,325,624,0.521,9,37,0.243,316,587,0.538,0.528,112,128,0.875,24,90,114,264,47,4,102,116,771,OOR,1985
Jack Sikma,C,29,68,2402,461,943,0.489,2,10,0.2,459,933,0.492,0.49,335,393,0.852,164,559,723,285,83,91,160,239,1259,OOR,1985
Charlie Sitton,SF,22,43,304,39,94,0.415,0,2,0.0,39,92,0.424,0.415,13,25,0.52,24,36,60,26,7,6,19,50,91,OOR,1985
Tom Sluby,SG,22,31,151,30,58,0.517,0,2,0.0,30,56,0.536,0.517,13,21,0.619,5,7,12,16,3,0,11,18,73,OOR,1985
Derek Smith,SG,23,80,2762,682,1271,0.537,3,19,0.158,679,1252,0.542,0.538,400,504,0.794,174,253,427,216,77,52,230,317,1767,OOR,1985
Larry Smith,PF,27,80,2497,366,690,0.53,0,0,0.0,366,690,0.53,0.53,155,256,0.605,405,464,869,96,78,54,160,285,887,OOR,1985
Robert Smith,PG,29,7,48,4,17,0.235,0,4,0.0,4,13,0.308,0.235,8,10,0.8,0,4,4,7,2,0,3,6,16,OOR,1985
Ricky Sobers,SG,32,71,1490,280,628,0.446,8,28,0.286,272,600,0.453,0.452,132,162,0.815,27,76,103,252,49,9,158,156,700,OOR,1985
Rory Sparrow,PG,26,79,2292,326,662,0.492,7,31,0.226,319,631,0.506,0.498,122,141,0.865,38,131,169,557,81,9,150,200,781,OOR,1985
Larry Spriggs,PF,25,75,1292,194,354,0.548,0,3,0.0,194,351,0.553,0.548,112,146,0.767,77,150,227,132,47,13,115,195,500,OOR,1985
Terence Stansbury,SG,23,74,1278,210,458,0.459,4,25,0.16,206,433,0.476,0.463,102,126,0.81,39,75,114,127,47,12,80,205,526,OOR,1985
Brook Steppe,SG,25,54,486,83,178,0.466,0,1,0.0,83,177,0.469,0.466,87,104,0.837,25,32,57,36,16,4,43,61,253,OOR,1985
Steve Stipanovich,C,24,82,2315,414,871,0.475,1,11,0.091,413,860,0.48,0.476,297,372,0.798,141,473,614,199,71,78,184,265,1126,OOR,1985
John Stockton,PG,22,82,1490,157,333,0.471,2,11,0.182,155,322,0.481,0.474,142,193,0.736,26,79,105,415,109,11,150,203,458,OOR,1985
Jon Sundvold,PG,23,73,1150,170,400,0.425,12,38,0.316,158,362,0.436,0.44,48,59,0.814,17,53,70,206,36,1,85,87,400,OOR,1985
Dane Suttle,SG,23,6,24,6,13,0.462,0,1,0.0,6,12,0.5,0.462,2,2,1.0,0,3,3,2,1,0,1,3,14,OOR,1985
Terry Teagle,SG,24,21,349,74,137,0.54,2,4,0.5,72,133,0.541,0.547,25,35,0.714,22,21,43,14,13,5,15,36,175,OOR,1985
Reggie Theus,SG,27,82,2543,501,1029,0.487,5,38,0.132,496,991,0.501,0.489,334,387,0.863,106,164,270,656,95,18,307,250,1341,OOR,1985
Peter Thibeaux,SF,23,51,461,94,195,0.482,0,2,0.0,94,193,0.487,0.482,43,67,0.642,29,40,69,17,11,17,34,85,231,OOR,1985
David Thirdkill,SF,24,18,183,20,38,0.526,0,1,0.0,20,37,0.541,0.526,11,19,0.579,10,7,17,4,5,3,14,22,51,OOR,1985
Isiah Thomas,PG,23,81,3089,646,1410,0.458,29,113,0.257,617,1297,0.476,0.468,399,493,0.809,114,247,361,1123,187,25,302,288,1720,OOR,1985
Jim Thomas,SG,24,80,2059,347,726,0.478,8,42,0.19,339,684,0.496,0.483,183,234,0.782,74,187,261,234,76,5,131,195,885,OOR,1985
Bernard Thompson,SF,22,59,535,79,212,0.373,0,8,0.0,79,204,0.387,0.373,39,51,0.765,37,39,76,52,31,10,35,79,197,OOR,1985
LaSalle Thompson,C,23,82,2458,369,695,0.531,0,0,0.0,369,695,0.531,0.531,227,315,0.721,274,580,854,130,98,128,202,328,965,OOR,1985
Mychal Thompson,PF,30,79,2616,572,1111,0.515,0,0,0.0,572,1111,0.515,0.515,307,449,0.684,211,407,618,205,78,104,231,216,1451,OOR,1985
Paul Thompson,SF,23,49,942,189,459,0.412,6,30,0.2,183,429,0.427,0.418,69,87,0.793,57,101,158,78,56,25,57,119,453,OOR,1985
Otis Thorpe,PF,22,82,1918,411,685,0.6,0,2,0.0,411,683,0.602,0.6,230,371,0.62,187,369,556,111,34,37,187,256,1052,OOR,1985
Sedale Threatt,PG,23,82,1304,188,416,0.452,4,22,0.182,184,394,0.467,0.457,66,90,0.733,21,78,99,175,80,16,99,171,446,OOR,1985
Andrew Toney,SG,27,70,2237,450,914,0.492,39,105,0.371,411,809,0.508,0.514,306,355,0.862,35,142,177,363,65,24,224,211,1245,OOR,1985
Linton Townes,SF,25,1,8,0,6,0.0,0,0,0.0,0,6,0.0,0.0,2,2,1.0,1,0,1,0,0,0,0,1,2,OOR,1985
Kelly Tripucka,SF,25,55,1675,396,831,0.477,2,5,0.4,394,826,0.477,0.478,255,288,0.885,66,152,218,135,49,14,118,118,1049,OOR,1985
Trent Tucker,SG,25,77,1819,293,606,0.483,29,72,0.403,264,534,0.494,0.507,38,48,0.792,74,114,188,199,75,15,64,195,653,OOR,1985
Elston Turner,SF,25,81,1491,181,388,0.466,1,6,0.167,180,382,0.471,0.468,51,65,0.785,88,128,216,158,96,7,70,152,414,OOR,1985
Jeff Turner,PF,22,72,1429,171,377,0.454,0,3,0.0,171,374,0.457,0.454,79,92,0.859,88,130,218,108,29,7,90,243,421,OOR,1985
Melvin Turpin,C,24,79,1949,363,711,0.511,0,0,0.0,363,711,0.511,0.511,109,139,0.784,155,297,452,36,38,87,118,211,835,OOR,1985
Terry Tyler,SF,28,82,2004,422,855,0.494,0,8,0.0,422,847,0.498,0.494,106,148,0.716,148,275,423,63,49,90,76,192,950,OOR,1985
Darnell Valentine,PG,25,75,2278,321,679,0.473,0,2,0.0,321,677,0.474,0.473,230,290,0.793,54,165,219,522,143,5,194,189,872,OOR,1985
Kiki Vandeweghe,SF,26,72,2502,618,1158,0.534,11,33,0.333,607,1125,0.54,0.538,369,412,0.896,74,154,228,106,37,22,116,116,1616,OOR,1985
Pete Verhoeven,PF,25,54,366,51,108,0.472,0,0,0.0,51,108,0.472,0.472,21,25,0.84,28,35,63,17,15,7,20,85,123,OOR,1985
Jay Vincent,PF,25,79,2543,545,1138,0.479,0,4,0.0,545,1134,0.481,0.479,351,420,0.836,185,519,704,169,48,22,170,226,1441,OOR,1985
Danny Vranes,SF,26,76,2163,186,402,0.463,1,4,0.25,185,398,0.465,0.464,67,127,0.528,154,282,436,152,76,57,119,256,440,OOR,1985
Granville Waiters,C,24,62,703,85,190,0.447,0,1,0.0,85,189,0.45,0.447,29,50,0.58,57,113,170,30,16,44,55,107,199,OOR,1985
Darrell Walker,PG,23,82,2489,430,989,0.435,0,17,0.0,430,972,0.442,0.435,243,347,0.7,128,150,278,408,167,21,204,244,1103,OOR,1985
Bill Walton,C,32,67,1647,269,516,0.521,0,2,0.0,269,514,0.523,0.521,138,203,0.68,168,432,600,156,50,140,174,184,676,OOR,1985
Bryan Warrick,PG,25,58,713,85,173,0.491,1,4,0.25,84,169,0.497,0.494,44,57,0.772,10,48,58,153,23,6,70,85,215,OOR,1985
Scott Wedman,SF,32,78,1127,220,460,0.478,17,34,0.5,203,426,0.477,0.497,42,55,0.764,57,102,159,94,23,10,47,111,499,OOR,1985
Mark West,C,24,66,888,106,194,0.546,0,1,0.0,106,193,0.549,0.546,43,87,0.494,90,161,251,15,13,49,59,197,255,OOR,1985
Ennis Whatley,PG,22,70,1385,140,313,0.447,1,9,0.111,139,304,0.457,0.449,68,86,0.791,34,67,101,381,66,10,144,141,349,OOR,1985
Rory White,PF,25,80,1106,144,279,0.516,0,0,0.0,144,279,0.516,0.516,90,130,0.692,94,101,195,34,35,20,87,115,378,OOR,1985
Willie White,SG,22,39,234,52,124,0.419,4,11,0.364,48,113,0.425,0.435,21,31,0.677,15,21,36,29,5,2,30,24,129,OOR,1985
Jerome Whitehead,C,28,79,2536,421,825,0.51,0,0,0.0,421,825,0.51,0.51,184,235,0.783,219,403,622,53,45,43,141,322,1026,OOR,1985
Mitchell Wiggins,SG,25,82,1575,318,657,0.484,6,23,0.261,312,634,0.492,0.489,96,131,0.733,110,125,235,119,83,13,90,195,738,OOR,1985
Jamaal Wilkes,SF,31,42,761,148,303,0.488,0,1,0.0,148,302,0.49,0.488,51,66,0.773,35,59,94,41,19,3,49,65,347,OOR,1985
Dominique Wilkins,SF,25,81,3023,853,1891,0.451,25,81,0.309,828,1810,0.457,0.458,486,603,0.806,226,331,557,200,135,54,225,170,2217,OOR,1985
Eddie Lee Wilkins,C,22,54,917,116,233,0.498,0,2,0.0,116,231,0.502,0.498,66,122,0.541,86,176,262,16,21,16,64,155,298,OOR,1985
Jeff Wilkins,C,29,79,1505,285,582,0.49,0,1,0.0,285,581,0.491,0.49,61,80,0.763,78,288,366,81,35,18,91,173,631,OOR,1985
Dale Wilkinson,SF-PF,24,12,45,4,16,0.25,0,1,0.0,4,15,0.267,0.25,6,7,0.857,1,3,4,2,0,0,4,10,14,OOR,1985
Buck Williams,PF,24,82,3182,577,1089,0.53,1,4,0.25,576,1085,0.531,0.53,336,538,0.625,323,682,1005,167,63,110,238,293,1491,OOR,1985
Gus Williams,PG,31,79,2960,638,1483,0.43,51,176,0.29,587,1307,0.449,0.447,251,346,0.725,72,123,195,608,178,32,213,159,1578,OOR,1985
Guy Williams,SF,24,21,119,29,63,0.46,1,4,0.25,28,59,0.475,0.468,2,5,0.4,15,12,27,9,5,2,8,17,61,OOR,1985
Herb Williams,C,26,75,2557,575,1211,0.475,1,9,0.111,574,1202,0.478,0.475,224,341,0.657,154,480,634,252,54,134,265,218,1375,OOR,1985
Kevin Williams,SG,23,46,413,58,134,0.433,0,5,0.0,58,129,0.45,0.433,47,64,0.734,19,44,63,61,22,4,49,86,163,OOR,1985
Ray Williams,PG,30,23,459,55,143,0.385,6,23,0.261,49,120,0.408,0.406,31,46,0.674,16,41,57,90,30,5,42,56,147,OOR,1985
Sam Williams,PF,25,46,488,58,148,0.392,0,1,0.0,58,147,0.395,0.392,28,47,0.596,38,68,106,11,26,26,44,92,144,OOR,1985
Sly Williams,SF,27,34,867,167,380,0.439,4,15,0.267,163,365,0.447,0.445,79,123,0.642,45,123,168,94,28,8,78,83,417,OOR,1985
Kevin Willis,PF,22,82,1785,322,690,0.467,2,9,0.222,320,681,0.47,0.468,119,181,0.657,177,345,522,36,31,49,104,226,765,OOR,1985
Michael Wilson,SG,25,19,267,36,77,0.468,0,0,0.0,36,77,0.468,0.468,27,36,0.75,14,17,31,35,14,5,20,21,99,OOR,1985
Othell Wilson,PG,23,74,1260,134,291,0.46,3,16,0.188,131,275,0.476,0.466,54,76,0.711,35,96,131,217,77,12,95,122,325,OOR,1985
Randy Wittman,SG,25,41,1168,187,352,0.531,2,7,0.286,185,345,0.536,0.534,30,41,0.732,16,57,73,125,28,7,57,58,406,OOR,1985
Al Wood,SG,26,80,2545,515,1061,0.485,7,33,0.212,508,1028,0.494,0.489,166,214,0.776,99,180,279,236,84,52,120,187,1203,OOR,1985
Leon Wood,PG,22,38,269,50,134,0.373,4,30,0.133,46,104,0.442,0.388,18,26,0.692,3,15,18,45,8,0,25,17,122,OOR,1985
Mike Woodson,SG,26,78,1998,530,1068,0.496,5,21,0.238,525,1047,0.501,0.499,264,330,0.8,69,129,198,143,117,28,139,216,1329,OOR,1985
Orlando Woolridge,SF,25,77,2816,679,1225,0.554,0,5,0.0,679,1220,0.557,0.554,409,521,0.785,158,277,435,135,58,38,178,185,1767,OOR,1985
James Worthy,SF,23,80,2696,610,1066,0.572,0,7,0.0,610,1059,0.576,0.572,190,245,0.776,169,342,511,201,87,67,198,196,1410,OOR,1985
Danny Young,PG,22,3,26,2,10,0.2,0,1,0.0,2,9,0.222,0.2,0,0,0.0,0,3,3,2,3,0,2,2,4,OOR,1985
Michael Young,SF,24,2,11,2,6,0.333,0,1,0.0,2,5,0.4,0.333,0,0,0.0,1,1,2,0,0,0,0,0,4,OOR,1985
