Player,Pos,Age,G,MP,FG,FGA,FG%,3P,3PA,3P%,2P,2PA,2P%,eFG%,FT,FTA,FT%,ORB,DRB,TRB,AST,STL,BLK,TOV,PF,PTS,Status,Season
Mark Acres,C,27,80,1691,138,285,0.484,3,4,0.75,135,281,0.48,0.489,83,120,0.692,154,277,431,67,36,25,70,248,362,OOR,1990
Michael Adams,PG,27,79,2690,398,989,0.402,158,432,0.366,240,557,0.431,0.482,267,314,0.85,49,176,225,495,121,3,141,133,1221,OOR,1990
Mark Aguirre,SF,30,78,2005,438,898,0.488,31,93,0.333,407,805,0.506,0.505,192,254,0.756,117,188,305,145,34,19,121,201,1099,OOR,1990
Danny Ainge,PG,30,75,2727,506,1154,0.438,108,289,0.374,398,865,0.46,0.485,222,267,0.831,69,257,326,453,113,18,185,238,1342,OOR,1990
Mark Alarie,PF,26,82,1893,371,785,0.473,10,49,0.204,361,736,0.49,0.479,108,133,0.812,151,223,374,142,60,39,101,219,860,OOR,1990
Steve Alford,PG,25,41,302,63,138,0.457,7,22,0.318,56,116,0.483,0.482,35,37,0.946,2,23,25,39,15,3,16,22,168,OOR,1990
Randy Allen,SG,25,63,746,106,239,0.444,0,7,0.0,106,232,0.457,0.444,23,43,0.535,49,89,138,23,16,19,28,102,235,OOR,1990
Greg Anderson,PF,25,60,1291,219,432,0.507,0,0,0.0,219,432,0.507,0.507,91,170,0.535,112,261,373,24,32,54,80,176,529,OOR,1990
Nick Anderson,SG,22,81,1785,372,753,0.494,1,17,0.059,371,736,0.504,0.495,186,264,0.705,107,209,316,124,69,34,138,140,931,OOR,1990
Richard Anderson,PF,29,54,604,88,211,0.417,37,100,0.37,51,111,0.459,0.505,18,23,0.783,33,94,127,55,20,9,26,64,231,OOR,1990
Ron Anderson,SF,31,78,2089,379,841,0.451,3,21,0.143,376,820,0.459,0.452,165,197,0.838,81,214,295,143,72,13,78,143,926,OOR,1990
Willie Anderson,SG,23,82,2788,532,1082,0.492,7,26,0.269,525,1056,0.497,0.495,217,290,0.748,115,257,372,364,111,58,198,252,1288,OOR,1990
Michael Ansley,SF,22,72,1221,231,465,0.497,0,0,0.0,231,465,0.497,0.497,164,227,0.722,187,175,362,40,24,17,50,152,626,OOR,1990
B.J. Armstrong,PG,22,81,1291,190,392,0.485,3,6,0.5,187,386,0.484,0.489,69,78,0.885,19,83,102,199,46,6,83,105,452,OOR,1990
John Bagley,PG,29,54,1095,100,218,0.459,1,18,0.056,99,200,0.495,0.461,29,39,0.744,26,63,89,296,40,4,90,77,230,OOR,1990
Thurl Bailey,SF,28,82,2583,470,977,0.481,0,8,0.0,470,969,0.485,0.481,222,285,0.779,116,294,410,137,32,100,139,175,1162,OOR,1990
Ken Bannister,PF,29,52,589,77,161,0.478,0,1,0.0,77,160,0.481,0.478,52,110,0.473,39,73,112,18,17,7,44,92,206,OOR,1990
Charles Barkley,SF,26,79,3085,706,1177,0.6,20,92,0.217,686,1085,0.632,0.608,557,744,0.749,361,548,909,307,148,50,243,250,1989,Candidate,1990
Dana Barros,PG,22,81,1630,299,738,0.405,95,238,0.399,204,500,0.408,0.47,89,110,0.809,35,97,132,205,53,1,123,97,782,OOR,1990
John Battle,SG,27,60,1477,275,544,0.506,2,13,0.154,273,531,0.514,0.507,102,135,0.756,27,72,99,154,28,3,89,115,654,OOR,1990
Kenny Battle,SG,25,59,729,93,170,0.547,1,4,0.25,92,166,0.554,0.55,55,82,0.671,44,80,124,38,35,11,32,94,242,OOR,1990
William Bedford,C,26,42,246,54,125,0.432,1,6,0.167,53,119,0.445,0.436,9,22,0.409,15,43,58,4,3,17,21,39,118,OOR,1990
Benoit Benjamin,C,25,71,2313,362,688,0.526,0,1,0.0,362,687,0.527,0.526,235,321,0.732,156,501,657,159,59,187,187,217,959,OOR,1990
Winston Bennett,SF,24,55,990,137,286,0.479,0,0,0.0,137,286,0.479,0.479,64,96,0.667,84,104,188,54,23,10,62,133,338,OOR,1990
Larry Bird,SF,33,75,2944,718,1517,0.473,65,195,0.333,653,1322,0.494,0.495,319,343,0.93,90,622,712,562,106,61,243,173,1820,OOR,1990
Uwe Blab,C,27,47,531,39,98,0.398,0,0,0.0,39,98,0.398,0.398,20,37,0.541,29,79,108,25,1,22,35,102,98,OOR,1990
Rolando Blackman,SG,30,80,2934,626,1256,0.498,13,43,0.302,613,1213,0.505,0.504,287,340,0.844,88,192,280,289,77,21,174,128,1552,OOR,1990
Mookie Blaylock,PG,22,50,1267,212,571,0.371,18,80,0.225,194,491,0.395,0.387,63,81,0.778,42,98,140,210,82,14,111,110,505,OOR,1990
Muggsy Bogues,PG,25,81,2743,326,664,0.491,5,26,0.192,321,638,0.503,0.495,106,134,0.791,48,159,207,867,166,3,146,168,763,OOR,1990
Manute Bol,C,27,75,1310,56,169,0.331,9,48,0.188,47,121,0.388,0.358,25,49,0.51,33,243,276,36,13,238,51,194,146,OOR,1990
Anthony Bowie,SG,26,66,918,119,293,0.406,6,21,0.286,113,272,0.415,0.416,40,54,0.741,36,82,118,96,42,5,59,80,284,OOR,1990
Sam Bowie,C,28,68,2207,347,834,0.416,10,31,0.323,337,803,0.42,0.422,294,379,0.776,206,484,690,91,38,121,125,211,998,OOR,1990
Adrian Branch,SF,26,11,91,25,61,0.41,1,1,1.0,24,60,0.4,0.418,14,22,0.636,8,12,20,4,6,0,8,14,65,OOR,1990
Randy Breuer,C,29,81,1879,298,696,0.428,0,1,0.0,298,695,0.429,0.428,126,193,0.653,154,263,417,97,42,108,96,196,722,OOR,1990
Frank Brickowski,C,30,78,1438,211,387,0.545,0,2,0.0,211,385,0.548,0.545,95,141,0.674,89,238,327,105,66,37,93,226,517,OOR,1990
Scott Brooks,PG,24,72,975,119,276,0.431,31,79,0.392,88,197,0.447,0.487,50,57,0.877,15,49,64,207,47,0,38,105,319,OOR,1990
Chucky Brown,SF,21,75,1339,210,447,0.47,0,7,0.0,210,440,0.477,0.47,125,164,0.762,83,148,231,50,33,26,69,148,545,OOR,1990
Mike Brown,C,26,82,1397,177,344,0.515,1,2,0.5,176,342,0.515,0.516,157,199,0.789,111,262,373,47,32,28,88,187,512,OOR,1990
Raymond Brown,PF,24,16,56,8,28,0.286,0,0,0.0,8,28,0.286,0.286,0,2,0.0,10,5,15,4,0,0,6,11,16,OOR,1990
Tony Brown,SF,29,61,635,88,206,0.427,5,20,0.25,83,186,0.446,0.439,38,56,0.679,39,33,72,41,32,4,51,79,219,OOR,1990
Stanley Brundy,SF,22,16,128,15,30,0.5,0,0,0.0,15,30,0.5,0.5,7,18,0.389,15,11,26,3,6,5,6,24,37,OOR,1990
Mark Bryant,PF,24,58,562,70,153,0.458,0,0,0.0,70,153,0.458,0.458,28,50,0.56,54,92,146,13,18,9,25,93,168,OOR,1990
Torgeir Bryn,C,25,3,10,0,2,0.0,0,0,0.0,0,2,0.0,0.0,4,6,0.667,0,2,2,0,2,1,1,5,4,OOR,1990
Steve Bucknall,SG,23,18,75,9,33,0.273,0,1,0.0,9,32,0.281,0.273,5,6,0.833,5,2,7,10,2,1,11,10,23,OOR,1990
Greg Butler,C,23,13,33,3,12,0.25,0,0,0.0,3,12,0.25,0.25,0,2,0.0,3,6,9,1,0,0,3,8,6,OOR,1990
Michael Cage,C,28,82,2595,325,645,0.504,0,0,0.0,325,645,0.504,0.504,148,212,0.698,306,515,821,70,79,45,94,232,798,OOR,1990
Adrian Caldwell,PF,23,51,331,42,76,0.553,0,0,0.0,42,76,0.553,0.553,13,28,0.464,36,73,109,7,11,18,32,69,97,OOR,1990
Tony Campbell,SG,27,82,3164,723,1581,0.457,9,54,0.167,714,1527,0.468,0.46,448,569,0.787,209,242,451,213,111,31,251,260,1903,OOR,1990
Rick Carlisle,SG,30,5,21,1,7,0.143,0,3,0.0,1,4,0.25,0.143,0,0,0.0,0,0,0,5,1,1,4,7,2,OOR,1990
Antoine Carr,PF,28,77,1727,356,721,0.494,0,7,0.0,356,714,0.499,0.494,237,298,0.795,115,207,322,119,30,68,125,247,949,OOR,1990
Joe Barry Carroll,C,31,76,1721,312,759,0.411,0,2,0.0,312,757,0.412,0.411,137,177,0.774,133,310,443,97,47,115,142,192,761,OOR,1990
Bill Cartwright,C,32,71,2160,292,598,0.488,0,0,0.0,292,598,0.488,0.488,227,280,0.811,137,328,465,145,38,34,123,243,811,OOR,1990
Terry Catledge,PF,26,74,2462,546,1152,0.474,2,8,0.25,544,1144,0.476,0.475,341,486,0.702,271,292,563,72,36,17,181,201,1435,OOR,1990
Tom Chambers,PF,30,81,3046,810,1617,0.501,24,86,0.279,786,1531,0.513,0.508,557,647,0.861,121,450,571,190,88,47,218,260,2201,OOR,1990
Rex Chapman,SG,22,54,1762,377,924,0.408,47,142,0.331,330,782,0.422,0.433,144,192,0.75,52,127,179,132,46,6,100,113,945,OOR,1990
Maurice Cheeks,PG,33,81,2519,307,609,0.504,4,16,0.25,303,593,0.511,0.507,171,202,0.847,50,190,240,453,124,10,121,78,789,OOR,1990
Derrick Chievous,SF,22,55,591,105,220,0.477,3,9,0.333,102,211,0.483,0.484,80,111,0.721,35,55,90,31,26,5,45,70,293,OOR,1990
Ben Coleman,PF,28,22,305,46,97,0.474,0,1,0.0,46,96,0.479,0.474,34,41,0.829,31,56,87,12,7,7,26,54,126,OOR,1990
Steve Colter,PG,27,73,977,142,297,0.478,0,5,0.0,142,292,0.486,0.478,77,95,0.811,55,121,176,148,47,10,38,98,361,OOR,1990
Lester Conner,PG,30,82,2355,237,573,0.414,2,13,0.154,235,560,0.42,0.415,172,214,0.804,90,175,265,385,172,8,138,182,648,OOR,1990
Michael Cooper,SG,33,80,1851,191,493,0.387,50,157,0.318,141,336,0.42,0.438,83,94,0.883,59,168,227,215,67,36,91,206,515,OOR,1990
Wayne Cooper,C,33,79,1176,138,304,0.454,0,3,0.0,138,301,0.458,0.454,25,39,0.641,118,221,339,44,18,95,39,211,301,OOR,1990
Lanard Copeland,SG,24,23,110,31,68,0.456,1,5,0.2,30,63,0.476,0.463,11,14,0.786,4,6,10,9,1,1,19,12,74,OOR,1990
Tyrone Corbin,SF,27,82,3011,521,1083,0.481,0,11,0.0,521,1072,0.486,0.481,161,209,0.77,219,385,604,216,175,41,143,288,1203,OOR,1990
Dave Corzine,C,33,6,79,11,29,0.379,0,0,0.0,11,29,0.379,0.379,0,2,0.0,7,11,18,2,2,0,8,7,22,OOR,1990
Pat Cummings,C,33,37,391,77,159,0.484,0,0,0.0,77,159,0.484,0.484,21,37,0.568,28,65,93,13,12,4,32,60,175,OOR,1990
Terry Cummings,PF,28,81,2821,728,1532,0.475,19,59,0.322,709,1473,0.481,0.481,343,440,0.78,226,451,677,219,110,52,202,286,1818,OOR,1990
Dell Curry,SG,25,67,1860,461,990,0.466,52,147,0.354,409,843,0.485,0.492,96,104,0.923,31,137,168,159,98,26,100,148,1070,OOR,1990
Quintin Dailey,SG,29,30,491,97,240,0.404,1,5,0.2,96,235,0.409,0.406,52,66,0.788,18,33,51,34,12,0,34,63,247,OOR,1990
Adrian Dantley,SF,34,45,1300,231,484,0.477,0,2,0.0,231,482,0.479,0.477,200,254,0.787,78,94,172,80,20,7,75,99,662,OOR,1990
Brad Daugherty,C,24,41,1438,244,509,0.479,0,2,0.0,244,507,0.481,0.479,202,287,0.704,77,296,373,130,29,22,110,108,690,OOR,1990
Brad Davis,PG,34,73,1292,179,365,0.49,35,104,0.337,144,261,0.552,0.538,77,100,0.77,12,81,93,242,47,9,86,151,470,OOR,1990
Charles Davis,SF,31,53,429,58,158,0.367,7,25,0.28,51,133,0.383,0.389,7,8,0.875,25,56,81,18,10,8,20,52,130,OOR,1990
Terry Davis,PF,22,63,884,122,262,0.466,0,1,0.0,122,261,0.467,0.466,54,87,0.621,93,136,229,25,25,28,68,171,298,OOR,1990
Walter Davis,SG,35,69,1635,497,1033,0.481,6,46,0.13,491,987,0.497,0.484,207,227,0.912,46,133,179,155,59,9,102,160,1207,OOR,1990
Johnny Dawkins,PG,26,81,2865,465,950,0.489,22,66,0.333,443,884,0.501,0.501,210,244,0.861,48,199,247,601,121,9,214,159,1162,OOR,1990
Vinny Del Negro,SG,23,76,1858,297,643,0.462,10,32,0.313,287,611,0.47,0.47,135,155,0.871,39,159,198,250,64,10,111,182,739,OOR,1990
Byron Dinkins,PG,22,33,362,44,109,0.404,1,9,0.111,43,100,0.43,0.408,26,30,0.867,13,27,40,75,19,2,37,30,115,OOR,1990
Vlade Divac,C,21,82,1611,274,549,0.499,0,5,0.0,274,544,0.504,0.499,153,216,0.708,167,345,512,75,79,114,110,240,701,OOR,1990
James Donaldson,C,32,73,2265,258,479,0.539,0,0,0.0,258,479,0.539,0.539,149,213,0.7,155,475,630,57,22,47,119,129,665,OOR,1990
Sherman Douglas,PG,23,81,2470,463,938,0.494,5,31,0.161,458,907,0.505,0.496,224,326,0.687,70,136,206,619,145,10,246,187,1155,OOR,1990
Terry Dozier,SF,23,9,92,9,27,0.333,0,1,0.0,9,26,0.346,0.333,4,8,0.5,7,8,15,3,6,2,7,10,22,OOR,1990
Greg Dreiling,C,27,49,307,20,53,0.377,0,0,0.0,20,53,0.377,0.377,25,34,0.735,21,66,87,8,4,14,19,69,65,OOR,1990
Larry Drew,PG,31,80,1333,170,383,0.444,32,81,0.395,138,302,0.457,0.486,46,60,0.767,12,86,98,217,47,4,95,92,418,OOR,1990
Clyde Drexler,SG,27,73,2683,670,1357,0.494,30,106,0.283,640,1251,0.512,0.505,333,430,0.774,208,299,507,432,145,51,191,222,1703,OOR,1990
Kevin Duckworth,C,25,82,2462,548,1146,0.478,0,0,0.0,548,1146,0.478,0.478,231,312,0.74,184,325,509,91,36,34,171,271,1327,OOR,1990
Chris Dudley,PF,24,64,1356,146,355,0.411,0,0,0.0,146,355,0.411,0.411,58,182,0.319,174,249,423,39,41,72,84,164,350,OOR,1990
Joe Dumars,SG,26,75,2578,508,1058,0.48,22,55,0.4,486,1003,0.485,0.491,297,330,0.9,60,152,212,368,63,2,145,129,1335,OOR,1990
Mike Dunleavy,PG,35,5,43,4,14,0.286,2,9,0.222,2,5,0.4,0.357,7,8,0.875,0,2,2,10,1,0,8,7,17,OOR,1990
T.R. Dunn,SF,34,65,657,44,97,0.454,0,2,0.0,44,95,0.463,0.454,26,39,0.667,56,82,138,43,41,4,19,67,114,OOR,1990
Ledell Eackles,SG,23,78,1696,413,940,0.439,19,59,0.322,394,881,0.447,0.449,210,280,0.75,74,101,175,182,50,4,143,157,1055,OOR,1990
Mark Eaton,C,33,82,2281,158,300,0.527,0,0,0.0,158,300,0.527,0.527,79,118,0.669,171,430,601,39,33,201,75,238,395,OOR,1990
Blue Edwards,SF,24,82,1889,286,564,0.507,9,30,0.3,277,534,0.519,0.515,146,203,0.719,69,182,251,145,76,36,152,280,727,OOR,1990
James Edwards,C,34,82,2283,462,928,0.498,0,3,0.0,462,925,0.499,0.498,265,354,0.749,112,233,345,63,23,37,133,295,1189,OOR,1990
Jay Edwards,SG,21,4,26,3,7,0.429,0,2,0.0,3,5,0.6,0.429,1,3,0.333,1,1,2,4,1,0,1,4,7,OOR,1990
Kevin Edwards,SG,24,78,2211,395,959,0.412,9,30,0.3,386,929,0.416,0.417,139,183,0.76,77,205,282,252,125,33,180,149,938,OOR,1990
Craig Ehlo,SG,28,81,2894,436,940,0.464,104,248,0.419,332,692,0.48,0.519,126,185,0.681,147,292,439,371,126,23,161,226,1102,OOR,1990
Sean Elliott,SF,21,81,2032,311,647,0.481,1,9,0.111,310,638,0.486,0.481,187,216,0.866,127,170,297,154,45,14,112,172,810,OOR,1990
Dale Ellis,SG,29,55,2033,502,1011,0.497,96,256,0.375,406,755,0.538,0.544,193,236,0.818,90,148,238,110,59,7,119,124,1293,OOR,1990
Pervis Ellison,C,22,34,866,111,251,0.442,0,2,0.0,111,249,0.446,0.442,49,78,0.628,64,132,196,65,16,57,62,132,271,OOR,1990
Alex English,SF,36,80,2211,635,1293,0.491,2,5,0.4,633,1288,0.491,0.492,161,183,0.88,119,167,286,225,51,23,93,130,1433,OOR,1990
Patrick Ewing,C,27,82,3165,922,1673,0.551,1,4,0.25,921,1669,0.552,0.551,502,648,0.775,235,658,893,182,78,327,278,325,2347,Candidate,1990
Jim Farmer,SG,25,38,400,89,203,0.438,8,27,0.296,81,176,0.46,0.458,57,80,0.713,17,26,43,25,17,1,27,44,243,OOR,1990
Duane Ferrell,SF,24,14,29,5,14,0.357,0,1,0.0,5,13,0.385,0.357,2,6,0.333,3,4,7,2,1,0,2,3,12,OOR,1990
Vern Fleming,PG,27,82,2876,467,919,0.508,12,34,0.353,455,885,0.514,0.515,230,294,0.782,118,204,322,610,92,10,206,213,1176,OOR,1990
Sleepy Floyd,PG,29,82,2630,362,803,0.451,89,234,0.38,273,569,0.48,0.506,187,232,0.806,46,152,198,600,94,11,204,159,1000,OOR,1990
Tellis Frank,PF,24,77,1762,278,607,0.458,0,0,0.0,278,607,0.458,0.458,179,234,0.765,151,234,385,85,51,27,134,282,735,OOR,1990
Corey Gaines,SG,24,9,81,4,12,0.333,1,2,0.5,3,10,0.3,0.375,1,4,0.25,1,4,5,26,4,0,10,11,10,OOR,1990
Kevin Gamble,SF,24,71,990,137,301,0.455,3,18,0.167,134,283,0.473,0.46,85,107,0.794,42,70,112,119,28,8,44,77,362,OOR,1990
Winston Garland,PG,25,79,1762,230,573,0.401,12,36,0.333,218,537,0.406,0.412,102,122,0.836,51,163,214,303,78,10,158,152,574,OOR,1990
Tom Garrick,SG,23,73,1721,208,421,0.494,4,21,0.19,204,400,0.51,0.499,88,114,0.772,34,128,162,289,90,7,117,151,508,OOR,1990
Kenny Gattison,PF,25,63,941,148,269,0.55,1,1,1.0,147,268,0.549,0.552,75,110,0.682,75,122,197,39,35,31,67,150,372,OOR,1990
Derrick Gervin,PF,26,21,339,93,197,0.472,0,3,0.0,93,194,0.479,0.472,65,89,0.73,29,36,65,8,20,7,12,47,251,OOR,1990
Armen Gilliam,PF,25,76,2426,484,940,0.515,0,2,0.0,484,938,0.516,0.515,303,419,0.723,211,388,599,99,69,51,183,212,1271,OOR,1990
Mike Gminski,C,30,81,2659,458,1002,0.457,3,17,0.176,455,985,0.462,0.459,193,235,0.821,196,491,687,128,43,102,98,136,1112,OOR,1990
Gary Grant,PG,24,44,1529,241,517,0.466,5,21,0.238,236,496,0.476,0.471,88,113,0.779,59,136,195,442,108,5,206,120,575,OOR,1990
Greg Grant,PG,23,67,678,83,216,0.384,3,16,0.188,80,200,0.4,0.391,39,59,0.661,16,43,59,168,36,1,77,58,208,OOR,1990
Harvey Grant,PF,24,81,1846,284,601,0.473,0,8,0.0,284,593,0.479,0.473,96,137,0.701,138,204,342,131,52,43,85,194,664,OOR,1990
Horace Grant,PF,24,80,2753,446,853,0.523,0,0,0.0,446,853,0.523,0.523,179,256,0.699,236,393,629,227,92,84,110,230,1071,OOR,1990
Stuart Gray,C,26,58,560,42,99,0.424,0,5,0.0,42,94,0.447,0.424,32,47,0.681,40,105,145,19,15,26,24,90,116,OOR,1990
Jeff Grayer,SF,24,71,1427,224,487,0.46,1,8,0.125,223,479,0.466,0.461,99,152,0.651,94,123,217,107,48,10,82,125,548,OOR,1990
A.C. Green,PF,26,82,2709,385,806,0.478,13,46,0.283,372,760,0.489,0.486,278,370,0.751,262,450,712,90,66,50,116,207,1061,OOR,1990
Rickey Green,PG,35,69,927,100,231,0.433,1,11,0.091,99,220,0.45,0.435,43,51,0.843,9,45,54,182,51,1,62,60,244,OOR,1990
Sidney Green,C,29,73,1860,312,667,0.468,1,3,0.333,311,664,0.468,0.469,136,209,0.651,166,422,588,99,50,26,119,231,761,OOR,1990
Dave Greenwood,PF,32,37,205,22,52,0.423,0,0,0.0,22,52,0.423,0.423,16,29,0.552,24,54,78,12,4,9,16,40,60,OOR,1990
Darrell Griffith,SG,31,82,1444,301,649,0.464,80,215,0.372,221,434,0.509,0.525,51,78,0.654,43,123,166,63,68,19,75,149,733,OOR,1990
Scott Haffner,PG,23,43,559,88,217,0.406,3,21,0.143,85,196,0.434,0.412,17,25,0.68,7,44,51,80,13,2,33,53,196,OOR,1990
Jack Haley,PF,26,67,1084,138,347,0.398,0,1,0.0,138,346,0.399,0.398,85,125,0.68,115,185,300,26,18,12,72,170,361,OOR,1990
Tom Hammonds,PF,22,61,805,129,295,0.437,0,1,0.0,129,294,0.439,0.437,63,98,0.643,61,107,168,51,11,14,46,98,321,OOR,1990
Bob Hansen,SG,29,81,2174,265,568,0.467,54,154,0.351,211,414,0.51,0.514,33,64,0.516,66,163,229,149,52,11,79,194,617,OOR,1990
Bill Hanzlik,PF,32,81,1605,179,396,0.452,6,31,0.194,173,365,0.474,0.46,136,183,0.743,67,140,207,186,78,29,87,249,500,OOR,1990
Tim Hardaway,PG,23,79,2663,464,985,0.471,23,84,0.274,441,901,0.489,0.483,211,276,0.764,57,253,310,689,165,12,260,232,1162,OOR,1990
Derek Harper,PG,28,82,3007,567,1161,0.488,89,240,0.371,478,921,0.519,0.527,250,315,0.794,54,190,244,609,187,26,207,224,1473,OOR,1990
Ron Harper,SG,26,35,1367,301,637,0.473,14,51,0.275,287,586,0.49,0.484,182,231,0.788,74,132,206,182,81,41,100,105,798,OOR,1990
Steve Harris,SG,26,15,93,14,40,0.35,0,0,0.0,14,40,0.35,0.35,3,4,0.75,5,5,10,1,7,1,5,9,31,OOR,1990
Scott Hastings,PF,29,40,166,10,33,0.303,3,12,0.25,7,21,0.333,0.348,19,22,0.864,7,25,32,8,3,3,7,31,42,OOR,1990
Hersey Hawkins,SG,23,82,2856,522,1136,0.46,84,200,0.42,438,936,0.468,0.496,387,436,0.888,85,219,304,261,130,28,185,217,1515,OOR,1990
Gerald Henderson,PG,34,57,464,53,109,0.486,17,38,0.447,36,71,0.507,0.564,12,15,0.8,11,32,43,74,16,2,24,50,135,OOR,1990
Mike Higgins,SF,22,11,50,3,8,0.375,0,0,0.0,3,8,0.375,0.375,8,10,0.8,2,2,4,3,2,2,1,5,14,OOR,1990
Rod Higgins,PF,30,82,1993,304,632,0.481,67,193,0.347,237,439,0.54,0.534,234,285,0.821,120,302,422,129,47,53,93,184,909,OOR,1990
Roy Hinson,PF,28,25,793,145,286,0.507,0,0,0.0,145,286,0.507,0.507,86,99,0.869,61,111,172,22,14,27,52,87,376,OOR,1990
Craig Hodges,SG,29,63,1055,145,331,0.438,87,181,0.481,58,150,0.387,0.569,30,33,0.909,11,42,53,110,30,2,30,87,407,OOR,1990
Michael Holton,PG,28,16,109,14,26,0.538,0,0,0.0,14,26,0.538,0.538,1,2,0.5,1,1,2,16,1,0,13,19,29,OOR,1990
Dave Hoppen,C,25,10,135,16,41,0.39,0,0,0.0,16,41,0.39,0.39,8,10,0.8,19,17,36,6,2,1,8,26,40,OOR,1990
Dennis Hopson,SG,24,79,2551,474,1093,0.434,32,101,0.317,442,992,0.446,0.448,271,342,0.792,113,166,279,151,100,51,168,183,1251,OOR,1990
Tito Horford,C,24,35,236,18,62,0.29,0,0,0.0,18,62,0.29,0.29,15,24,0.625,19,40,59,2,5,16,14,33,51,OOR,1990
Jeff Hornacek,SG,26,67,2278,483,901,0.536,40,98,0.408,443,803,0.552,0.558,173,202,0.856,86,227,313,337,117,14,125,144,1179,OOR,1990
Ed Horton,PF,22,45,374,80,162,0.494,0,4,0.0,80,158,0.506,0.494,42,69,0.609,59,49,108,19,9,5,39,63,202,OOR,1990
Eddie Hughes,PG,29,60,892,83,202,0.411,20,49,0.408,63,153,0.412,0.46,23,34,0.676,15,55,70,116,48,1,39,87,209,OOR,1990
Jay Humphries,PG,27,81,2818,496,1005,0.494,21,70,0.3,475,935,0.508,0.504,224,285,0.786,80,189,269,472,156,11,151,253,1237,OOR,1990
Byron Irvin,SG,23,50,488,96,203,0.473,5,14,0.357,91,189,0.481,0.485,61,91,0.67,30,44,74,47,28,1,39,40,258,OOR,1990
Jaren Jackson,SG,22,28,160,25,69,0.362,0,3,0.0,25,66,0.379,0.362,17,21,0.81,16,8,24,13,13,1,18,16,67,OOR,1990
Mark Jackson,PG,24,82,2428,327,749,0.437,35,131,0.267,292,618,0.472,0.46,120,165,0.727,106,212,318,604,109,4,211,121,809,OOR,1990
Michael Jackson,PG,25,17,58,3,11,0.273,1,2,0.5,2,9,0.222,0.318,3,6,0.5,2,5,7,8,5,0,4,3,10,OOR,1990
Avery Johnson,PG,24,53,575,55,142,0.387,1,4,0.25,54,138,0.391,0.391,29,40,0.725,21,22,43,162,26,1,48,55,140,OOR,1990
Buck Johnson,SF,26,82,2832,504,1019,0.495,2,17,0.118,502,1002,0.501,0.496,205,270,0.759,113,268,381,252,104,62,167,321,1215,OOR,1990
Dennis Johnson,PG,35,75,2036,206,475,0.434,1,24,0.042,205,451,0.455,0.435,118,140,0.843,48,153,201,485,81,14,117,179,531,OOR,1990
Eddie Johnson,SF,30,64,1811,411,907,0.453,70,184,0.38,341,723,0.472,0.492,188,205,0.917,69,177,246,107,32,10,108,174,1080,OOR,1990
Eric Johnson,PG,23,48,272,20,84,0.238,1,6,0.167,19,78,0.244,0.244,13,17,0.765,8,20,28,64,17,2,26,49,54,OOR,1990
Kevin Johnson,PG,23,74,2782,578,1159,0.499,8,41,0.195,570,1118,0.51,0.502,501,598,0.838,42,228,270,846,95,14,263,143,1665,OOR,1990
Magic Johnson,PG,30,79,2937,546,1138,0.48,106,276,0.384,440,862,0.51,0.526,567,637,0.89,128,394,522,907,132,34,289,167,1765,MVP,1990
Marques Johnson,SF,33,10,99,12,32,0.375,2,3,0.667,10,29,0.345,0.406,14,17,0.824,8,9,17,9,0,1,10,12,40,OOR,1990
Steve Johnson,C,32,25,259,48,92,0.522,0,0,0.0,48,92,0.522,0.522,21,35,0.6,19,34,53,17,3,5,31,56,117,OOR,1990
Vinnie Johnson,SG,33,82,1972,334,775,0.431,5,34,0.147,329,741,0.444,0.434,131,196,0.668,108,148,256,255,71,13,123,143,804,OOR,1990
Nate Johnston,PF-SF,23,21,87,18,48,0.375,1,4,0.25,17,44,0.386,0.385,9,13,0.692,13,10,23,1,3,8,6,11,46,OOR,1990
Anthony Jones,SG,27,66,650,72,194,0.371,4,13,0.308,68,181,0.376,0.381,47,69,0.681,33,49,82,29,32,16,42,77,195,OOR,1990
Caldwell Jones,PF,39,72,885,67,144,0.465,1,5,0.2,66,139,0.475,0.469,38,54,0.704,76,154,230,20,20,27,48,146,173,OOR,1990
Charles Jones,C,32,81,2240,94,185,0.508,0,0,0.0,94,185,0.508,0.508,68,105,0.648,145,359,504,139,50,197,76,296,256,OOR,1990
Michael Jordan,SG,26,82,3197,1034,1964,0.526,92,245,0.376,942,1719,0.548,0.55,593,699,0.848,143,422,565,519,227,54,247,241,2753,Candidate,1990
Shawn Kemp,PF,20,81,1120,203,424,0.479,2,12,0.167,201,412,0.488,0.481,117,159,0.736,146,200,346,26,47,70,107,204,525,OOR,1990
Tim Kempton,PF,26,71,1061,153,312,0.49,0,1,0.0,153,311,0.492,0.49,77,114,0.675,51,167,218,118,30,9,80,144,383,OOR,1990
Steve Kerr,PG,24,78,1664,192,432,0.444,73,144,0.507,119,288,0.413,0.529,63,73,0.863,12,86,98,248,45,7,74,59,520,OOR,1990
Jerome Kersey,SF,27,82,2843,519,1085,0.478,3,20,0.15,516,1065,0.485,0.48,269,390,0.69,251,439,690,188,121,63,144,304,1310,OOR,1990
Randolph Keys,SF,23,80,1615,293,678,0.432,14,43,0.326,279,635,0.439,0.442,101,140,0.721,100,153,253,88,68,8,84,224,701,OOR,1990
Stan Kimbrough,PG,23,10,50,7,16,0.438,0,0,0.0,7,16,0.438,0.438,2,2,1.0,4,3,7,5,4,0,4,4,16,OOR,1990
Bernard King,SF,33,82,2687,711,1459,0.487,3,23,0.13,708,1436,0.493,0.488,412,513,0.803,129,275,404,376,51,7,248,230,1837,OOR,1990
Stacey King,PF,23,82,1777,267,530,0.504,0,1,0.0,267,529,0.505,0.504,194,267,0.727,169,215,384,87,38,58,119,215,728,OOR,1990
Greg Kite,C,28,71,1515,101,234,0.432,1,1,1.0,100,233,0.429,0.434,27,54,0.5,131,246,377,76,31,51,76,201,230,OOR,1990
Joe Kleine,C,28,81,1365,176,367,0.48,0,4,0.0,176,363,0.485,0.48,83,100,0.83,117,238,355,46,15,27,64,170,435,OOR,1990
Jon Koncak,C,26,54,977,78,127,0.614,0,1,0.0,78,126,0.619,0.614,42,79,0.532,58,168,226,23,38,34,47,182,198,OOR,1990
Frank Kornet,PF,23,57,438,42,114,0.368,5,20,0.25,37,94,0.394,0.39,24,39,0.615,25,46,71,21,14,3,23,54,113,OOR,1990
Larry Krystkowiak,PF,25,16,381,43,118,0.364,0,2,0.0,43,116,0.371,0.364,26,33,0.788,16,60,76,25,10,2,19,41,112,OOR,1990
Bill Laimbeer,C,32,81,2675,380,785,0.484,57,158,0.361,323,627,0.515,0.52,164,192,0.854,166,614,780,171,57,84,98,278,981,OOR,1990
Jerome Lane,PF,23,67,956,145,309,0.469,0,5,0.0,145,304,0.477,0.469,44,120,0.367,144,217,361,105,53,17,85,189,334,OOR,1990
Andrew Lang,C,23,74,1011,97,174,0.557,0,0,0.0,97,174,0.557,0.557,64,98,0.653,83,188,271,21,22,133,41,171,258,OOR,1990
Jeff Lebo,SG,23,4,32,2,7,0.286,0,0,0.0,2,7,0.286,0.286,2,2,1.0,2,2,4,3,2,0,1,7,6,OOR,1990
Eric Leckner,C,23,77,764,125,222,0.563,0,0,0.0,125,222,0.563,0.563,81,109,0.743,48,144,192,19,15,23,63,157,331,OOR,1990
Tim Legler,SG,23,11,83,11,29,0.379,0,1,0.0,11,28,0.393,0.379,6,6,1.0,4,4,8,6,2,0,4,12,28,OOR,1990
Gary Leonard,C,22,22,127,13,31,0.419,0,1,0.0,13,30,0.433,0.419,6,14,0.429,10,17,27,1,3,9,8,26,32,OOR,1990
Jim Les,PG,26,7,92,5,14,0.357,0,1,0.0,5,13,0.385,0.357,13,17,0.765,3,4,7,21,3,0,10,9,23,OOR,1990
Clifford Lett,PG,24,4,28,2,8,0.25,0,0,0.0,2,8,0.25,0.25,0,0,0.0,0,0,0,1,0,0,2,8,4,OOR,1990
Fat Lever,SG,29,79,2832,568,1283,0.443,36,87,0.414,532,1196,0.445,0.457,271,337,0.804,230,504,734,517,168,13,156,172,1443,OOR,1990
Cliff Levingston,PF,29,75,1706,216,424,0.509,1,5,0.2,215,419,0.513,0.511,83,122,0.68,113,206,319,80,55,41,49,216,516,OOR,1990
Ralph Lewis,SG-SF,26,7,26,4,7,0.571,0,0,0.0,4,7,0.571,0.571,2,2,1.0,4,2,6,0,1,0,2,3,10,OOR,1990
Reggie Lewis,SG,24,79,2522,540,1089,0.496,4,15,0.267,536,1074,0.499,0.498,256,317,0.808,109,238,347,225,88,63,120,216,1340,OOR,1990
Todd Lichti,SG,23,79,1326,250,514,0.486,0,14,0.0,250,500,0.5,0.486,130,174,0.747,49,102,151,116,55,13,95,145,630,OOR,1990
Alton Lister,C,31,3,40,4,8,0.5,0,1,0.0,4,7,0.571,0.5,4,7,0.571,5,3,8,2,1,0,0,8,12,OOR,1990
Lewis Lloyd,SG,30,21,123,30,53,0.566,0,0,0.0,30,53,0.566,0.566,9,16,0.563,8,10,18,11,3,0,20,12,69,OOR,1990
Brad Lohaus,PF,25,80,1943,305,663,0.46,47,137,0.343,258,526,0.49,0.495,75,103,0.728,98,300,398,168,58,88,109,211,732,OOR,1990
Grant Long,PF,23,81,1856,257,532,0.483,0,3,0.0,257,529,0.486,0.483,172,241,0.714,156,246,402,96,91,38,139,300,686,OOR,1990
John Long,SG,33,48,1030,174,384,0.453,10,29,0.345,164,355,0.462,0.466,46,55,0.836,26,57,83,85,45,5,75,66,404,OOR,1990
Sidney Lowe,PG,30,80,1744,73,229,0.319,2,9,0.222,71,220,0.323,0.323,39,54,0.722,41,122,163,337,73,4,63,114,187,OOR,1990
John Lucas,PG,36,49,938,109,291,0.375,26,87,0.299,83,204,0.407,0.419,42,55,0.764,19,71,90,238,45,2,85,59,286,OOR,1990
Rick Mahorn,PF,31,75,2271,313,630,0.497,2,9,0.222,311,621,0.501,0.498,183,256,0.715,167,401,568,98,44,103,104,251,811,OOR,1990
Dan Majerle,SG,24,73,2244,296,698,0.424,19,80,0.238,277,618,0.448,0.438,198,260,0.762,144,286,430,188,100,32,82,177,809,OOR,1990
Jeff Malone,SG,28,75,2567,781,1592,0.491,1,6,0.167,780,1586,0.492,0.491,257,293,0.877,54,152,206,243,48,6,125,116,1820,OOR,1990
Karl Malone,PF,26,82,3122,914,1627,0.562,16,43,0.372,898,1584,0.567,0.567,696,913,0.762,232,679,911,226,121,50,304,259,2540,Candidate,1990
Moses Malone,C,34,81,2735,517,1077,0.48,1,9,0.111,516,1068,0.483,0.481,493,631,0.781,364,448,812,130,47,84,232,158,1528,OOR,1990
Danny Manning,PF,23,71,2269,440,826,0.533,0,5,0.0,440,821,0.536,0.533,274,370,0.741,142,280,422,187,91,39,188,261,1154,OOR,1990
Roy Marble,SG,23,24,162,16,58,0.276,0,2,0.0,16,56,0.286,0.276,19,29,0.655,15,9,24,11,7,1,14,16,51,OOR,1990
Šarūnas Marčiulionis,SG,25,75,1695,289,557,0.519,10,39,0.256,279,518,0.539,0.528,317,403,0.787,84,137,221,121,94,7,137,230,905,OOR,1990
Jeff Martin,SG,23,69,1351,170,414,0.411,2,15,0.133,168,399,0.421,0.413,91,129,0.705,78,81,159,44,41,16,47,97,433,OOR,1990
Anthony Mason,PF,23,21,108,14,40,0.35,0,0,0.0,14,40,0.35,0.35,9,15,0.6,11,23,34,7,2,2,11,20,37,OOR,1990
Wes Matthews,PG,30,1,13,1,3,0.333,0,1,0.0,1,2,0.5,0.333,2,2,1.0,0,0,0,5,0,0,0,0,4,OOR,1990
Vernon Maxwell,SG,24,79,1987,275,627,0.439,28,105,0.267,247,522,0.473,0.461,136,211,0.645,50,178,228,296,84,10,143,148,714,OOR,1990
Bob McCann,SF,25,10,62,7,21,0.333,0,0,0.0,7,21,0.333,0.333,12,14,0.857,4,8,12,6,2,2,6,7,26,OOR,1990
Mel McCants,SF,22,13,65,8,26,0.308,0,0,0.0,8,26,0.308,0.308,6,8,0.75,1,5,6,2,3,1,1,11,22,OOR,1990
George McCloud,SF,22,44,413,45,144,0.313,13,40,0.325,32,104,0.308,0.358,15,19,0.789,12,30,42,45,19,3,36,56,118,OOR,1990
Tim McCormick,C,27,18,116,10,29,0.345,0,0,0.0,10,29,0.345,0.345,10,19,0.526,8,19,27,3,3,1,10,24,30,OOR,1990
Rodney McCray,SF,28,82,3238,537,1043,0.515,11,42,0.262,526,1001,0.525,0.52,273,348,0.784,192,477,669,377,60,70,174,176,1358,OOR,1990
Xavier McDaniel,SF,26,69,2432,611,1233,0.496,5,17,0.294,606,1216,0.498,0.498,244,333,0.733,165,282,447,171,73,36,187,231,1471,OOR,1990
Mike McGee,SF,30,14,280,42,87,0.483,8,23,0.348,34,64,0.531,0.529,10,21,0.476,11,25,36,16,8,1,14,28,102,OOR,1990
Kevin McHale,PF,32,82,2722,648,1181,0.549,23,69,0.333,625,1112,0.562,0.558,393,440,0.893,201,476,677,172,30,157,183,250,1712,OOR,1990
Derrick McKey,SF,23,80,2748,468,949,0.493,3,23,0.13,465,926,0.502,0.495,315,403,0.782,170,319,489,187,87,81,192,247,1254,OOR,1990
Carlton McKinney,SG,25,7,104,8,32,0.25,0,1,0.0,8,31,0.258,0.25,2,4,0.5,4,8,12,7,6,1,7,15,18,OOR,1990
Nate McMillan,SG,25,82,2338,207,438,0.473,11,31,0.355,196,407,0.482,0.485,98,153,0.641,127,276,403,598,140,37,187,289,523,OOR,1990
Mark McNamara,C,30,33,190,38,86,0.442,0,0,0.0,38,86,0.442,0.442,26,40,0.65,22,41,63,3,2,1,21,31,102,OOR,1990
Scott Meents,PF,26,26,148,19,44,0.432,0,0,0.0,19,44,0.432,0.432,17,23,0.739,7,23,30,7,4,3,9,12,55,OOR,1990
Reggie Miller,SG,24,82,3192,661,1287,0.514,150,362,0.414,511,925,0.552,0.572,544,627,0.868,95,200,295,311,110,18,222,175,2016,OOR,1990
Sam Mitchell,PF,26,80,2414,372,834,0.446,0,9,0.0,372,825,0.451,0.446,268,349,0.768,180,282,462,89,66,54,96,301,1012,OOR,1990
Paul Mokeski,C,33,38,449,63,150,0.42,0,1,0.0,63,149,0.423,0.42,25,36,0.694,27,72,99,17,8,10,26,76,151,OOR,1990
Johnny Moore,PG,31,53,516,47,126,0.373,8,34,0.235,39,92,0.424,0.405,16,27,0.593,16,36,52,82,32,3,39,55,118,OOR,1990
Chris Morris,SF,24,80,2449,449,1065,0.422,61,193,0.316,388,872,0.445,0.45,228,316,0.722,194,228,422,143,130,79,185,219,1187,OOR,1990
Mike Morrison,SG,22,36,153,23,68,0.338,2,7,0.286,21,61,0.344,0.353,24,30,0.8,7,13,20,11,2,0,23,20,72,OOR,1990
John Morton,SG,22,37,402,48,161,0.298,7,30,0.233,41,131,0.313,0.32,43,62,0.694,7,25,32,67,18,4,51,30,146,OOR,1990
Chris Mullin,SF,26,78,2830,682,1272,0.536,87,234,0.372,595,1038,0.573,0.57,505,568,0.889,130,333,463,319,123,45,239,142,1956,OOR,1990
Tod Murphy,C,26,82,2493,260,552,0.471,16,43,0.372,244,509,0.479,0.486,144,203,0.709,207,357,564,106,76,60,61,229,680,OOR,1990
Pete Myers,SG,26,52,751,89,225,0.396,0,7,0.0,89,218,0.408,0.396,66,100,0.66,33,63,96,135,35,11,76,109,244,OOR,1990
Larry Nance,PF,30,62,2065,412,807,0.511,1,1,1.0,411,806,0.51,0.511,186,239,0.778,162,354,516,161,54,122,110,185,1011,OOR,1990
Calvin Natt,SF,33,14,164,20,31,0.645,0,0,0.0,20,31,0.645,0.645,17,22,0.773,10,25,35,9,1,0,5,14,57,OOR,1990
Ed Nealy,PF,29,46,503,37,70,0.529,0,2,0.0,37,68,0.544,0.529,30,41,0.732,46,92,138,28,16,4,17,67,104,OOR,1990
Chuck Nevitt,C,30,3,9,2,2,1.0,0,0,0.0,2,2,1.0,1.0,0,0,0.0,0,3,3,1,0,1,2,3,4,OOR,1990
Johnny Newman,SF,26,80,2277,374,786,0.476,45,142,0.317,329,644,0.511,0.504,239,299,0.799,60,131,191,180,95,22,143,254,1032,OOR,1990
Kurt Nimphius,C,31,38,314,38,91,0.418,0,1,0.0,38,90,0.422,0.418,14,30,0.467,22,39,61,6,4,18,12,45,90,OOR,1990
Dyron Nix,SF,22,20,109,14,39,0.359,0,0,0.0,14,39,0.359,0.359,11,16,0.688,8,18,26,5,3,1,7,15,39,OOR,1990
Ken Norman,SF,25,70,2334,484,949,0.51,7,16,0.438,477,933,0.511,0.514,153,242,0.632,143,327,470,160,78,59,190,196,1128,OOR,1990
Charles Oakley,PF,26,61,2196,336,641,0.524,0,3,0.0,336,638,0.527,0.524,217,285,0.761,258,469,727,146,64,16,165,220,889,OOR,1990
Hakeem Olajuwon,C,27,82,3124,806,1609,0.501,1,6,0.167,805,1603,0.502,0.501,382,536,0.713,299,850,1149,234,174,376,316,314,1995,OOR,1990
Jawann Oldham,C,32,6,45,3,6,0.5,0,0,0.0,3,6,0.5,0.5,3,7,0.429,4,12,16,1,2,3,4,9,9,OOR,1990
José Ortiz,PF,26,13,64,19,42,0.452,1,2,0.5,18,40,0.45,0.464,3,5,0.6,8,7,15,7,2,1,5,15,42,OOR,1990
Robert Parish,C,36,79,2396,505,871,0.58,0,0,0.0,505,871,0.58,0.58,233,312,0.747,259,537,796,103,38,69,169,189,1243,OOR,1990
Žarko Paspalj,SF,23,28,181,27,79,0.342,0,1,0.0,27,78,0.346,0.342,18,22,0.818,15,15,30,10,3,7,21,37,72,OOR,1990
Jim Paxson,PG,32,72,1283,191,422,0.453,5,20,0.25,186,402,0.463,0.459,73,90,0.811,24,53,77,137,33,5,54,115,460,OOR,1990
John Paxson,PG,29,82,2365,365,708,0.516,33,92,0.359,332,616,0.539,0.539,56,68,0.824,27,92,119,335,83,6,85,176,819,OOR,1990
Kenny Payne,SF,23,35,216,47,108,0.435,4,10,0.4,43,98,0.439,0.454,16,18,0.889,11,15,26,10,7,6,20,37,114,OOR,1990
Will Perdue,C,24,77,884,111,268,0.414,0,5,0.0,111,263,0.422,0.414,72,104,0.692,88,126,214,46,19,26,65,150,294,OOR,1990
Sam Perkins,SF,28,76,2668,435,883,0.493,6,28,0.214,429,855,0.502,0.496,330,424,0.778,209,363,572,175,88,64,148,225,1206,OOR,1990
Tim Perry,C,24,60,612,100,195,0.513,1,1,1.0,99,194,0.51,0.515,53,90,0.589,79,73,152,17,21,22,47,76,254,OOR,1990
Chuck Person,SF,25,77,2714,605,1242,0.487,94,253,0.372,511,989,0.517,0.525,211,270,0.781,126,319,445,230,53,20,170,217,1515,OOR,1990
Jim Petersen,C,27,43,592,60,141,0.426,0,1,0.0,60,140,0.429,0.426,52,73,0.712,49,111,160,23,17,20,36,103,172,OOR,1990
Dražen Petrović,SG,25,77,967,207,427,0.485,34,74,0.459,173,353,0.49,0.525,135,160,0.844,50,61,111,116,23,2,96,134,583,OOR,1990
Ricky Pierce,SG,30,59,1709,503,987,0.51,46,133,0.346,457,854,0.535,0.533,307,366,0.839,64,103,167,133,50,7,129,158,1359,OOR,1990
Ed Pinckney,PF,26,77,1082,135,249,0.542,0,1,0.0,135,248,0.544,0.542,92,119,0.773,93,132,225,68,34,42,56,126,362,OOR,1990
Scottie Pippen,SF,24,82,3148,562,1150,0.489,28,112,0.25,534,1038,0.514,0.501,199,295,0.675,150,397,547,444,211,101,278,298,1351,OOR,1990
Olden Polynice,C,25,79,1085,156,289,0.54,1,2,0.5,155,287,0.54,0.542,47,99,0.475,128,172,300,15,25,21,35,187,360,OOR,1990
Terry Porter,PG,26,80,2781,448,969,0.462,89,238,0.374,359,731,0.491,0.508,421,472,0.892,59,213,272,726,151,4,245,150,1406,OOR,1990
Paul Pressey,SG,31,57,1400,239,506,0.472,6,43,0.14,233,463,0.503,0.478,144,190,0.758,59,113,172,244,71,23,109,149,628,OOR,1990
Harold Pressley,SF,26,72,1603,240,566,0.424,46,148,0.311,194,418,0.464,0.465,110,141,0.78,94,215,309,149,58,36,88,148,636,OOR,1990
Mark Price,PG,25,73,2706,489,1066,0.459,152,374,0.406,337,692,0.487,0.53,300,338,0.888,66,185,251,666,114,5,214,89,1430,OOR,1990
Brian Quinnett,SG,23,31,193,19,58,0.328,0,2,0.0,19,56,0.339,0.328,2,3,0.667,9,19,28,11,3,4,4,27,40,OOR,1990
Kurt Rambis,PF,31,74,1904,190,373,0.509,0,3,0.0,190,370,0.514,0.509,82,127,0.646,156,369,525,135,100,37,104,208,462,OOR,1990
Blair Rasmussen,C,27,81,1995,445,895,0.497,0,1,0.0,445,894,0.498,0.497,111,134,0.828,174,420,594,82,40,104,75,300,1001,OOR,1990
J.R. Reid,C,21,82,2757,358,814,0.44,0,5,0.0,358,809,0.443,0.44,192,289,0.664,199,492,691,101,92,54,172,292,908,OOR,1990
Robert Reid,SF,34,72,1202,175,447,0.391,10,32,0.313,165,415,0.398,0.403,54,86,0.628,34,117,151,90,38,16,45,153,414,OOR,1990
Jerry Reynolds,SF,27,67,1817,309,741,0.417,1,14,0.071,308,727,0.424,0.418,239,322,0.742,91,232,323,180,93,64,139,162,858,OOR,1990
Glen Rice,SF,22,77,2311,470,1071,0.439,17,69,0.246,453,1002,0.452,0.447,91,124,0.734,100,252,352,138,67,27,113,198,1048,OOR,1990
Pooh Richardson,PG,23,82,2581,426,925,0.461,23,83,0.277,403,842,0.479,0.473,63,107,0.589,55,162,217,554,133,25,141,143,938,OOR,1990
Mitch Richmond,SG,24,78,2799,640,1287,0.497,34,95,0.358,606,1192,0.508,0.51,406,469,0.866,98,262,360,223,98,24,201,210,1720,OOR,1990
David Rivers,PG,25,52,724,80,197,0.406,0,5,0.0,80,192,0.417,0.406,59,78,0.756,30,55,85,155,31,0,88,53,219,OOR,1990
Doc Rivers,PG,28,48,1526,218,480,0.454,24,66,0.364,194,414,0.469,0.479,138,170,0.812,47,153,200,264,116,22,98,151,598,OOR,1990
Fred Roberts,PF,29,82,2235,330,666,0.495,2,11,0.182,328,655,0.501,0.497,195,249,0.783,107,204,311,147,56,25,130,210,857,OOR,1990
Alvin Robertson,SG,27,81,2599,476,946,0.503,4,26,0.154,472,920,0.513,0.505,197,266,0.741,230,329,559,445,207,17,217,280,1153,OOR,1990
Clifford Robinson,PF,23,82,1565,298,751,0.397,12,44,0.273,286,707,0.405,0.405,138,251,0.55,110,198,308,72,53,53,129,226,746,OOR,1990
David Robinson,C,24,82,3002,690,1300,0.531,0,2,0.0,690,1298,0.532,0.531,613,837,0.732,303,680,983,164,138,319,257,259,1993,OOR,1990
Dennis Rodman,SF,28,82,2377,288,496,0.581,1,9,0.111,287,487,0.589,0.582,142,217,0.654,336,456,792,72,52,60,90,276,719,OOR,1990
Tree Rollins,C,34,48,674,57,125,0.456,0,1,0.0,57,124,0.46,0.456,11,16,0.688,58,95,153,24,13,53,35,83,125,OOR,1990
Doug Roth,C,22,42,412,37,86,0.43,0,1,0.0,37,85,0.435,0.43,7,14,0.5,44,76,120,20,8,13,16,70,81,OOR,1990
Scott Roth,SF,26,71,1061,159,420,0.379,18,52,0.346,141,368,0.383,0.4,150,201,0.746,34,78,112,115,51,6,85,144,486,OOR,1990
Jim Rowinski,PF,29,14,112,14,32,0.438,0,0,0.0,14,32,0.438,0.438,22,26,0.846,17,12,29,5,1,2,10,19,50,OOR,1990
Brian Rowsom,PF,24,44,559,78,179,0.436,1,2,0.5,77,177,0.435,0.439,68,83,0.819,44,87,131,22,18,11,25,58,225,OOR,1990
Donald Royal,SF,23,66,746,117,255,0.459,0,1,0.0,117,254,0.461,0.459,153,197,0.777,69,68,137,43,32,8,81,107,387,OOR,1990
Delaney Rudd,PG,27,77,850,111,259,0.429,16,56,0.286,95,203,0.468,0.459,35,53,0.66,12,43,55,177,22,1,88,81,273,OOR,1990
John Salley,PF,25,82,1914,209,408,0.512,1,4,0.25,208,404,0.515,0.513,174,244,0.713,154,285,439,67,51,153,97,282,593,OOR,1990
Ralph Sampson,C,29,26,417,48,129,0.372,1,4,0.25,47,125,0.376,0.376,12,23,0.522,11,73,84,28,14,22,34,66,109,OOR,1990
Jeff Sanders,PF,24,31,182,13,40,0.325,0,0,0.0,13,40,0.325,0.325,2,4,0.5,17,22,39,9,4,4,15,27,28,OOR,1990
Mike Sanders,SF,29,82,1531,225,479,0.47,5,14,0.357,220,465,0.473,0.475,55,75,0.733,78,152,230,89,43,23,79,220,510,OOR,1990
Danny Schayes,C,30,53,1194,163,330,0.494,0,4,0.0,163,326,0.5,0.494,225,264,0.852,117,225,342,61,41,45,72,200,551,OOR,1990
Detlef Schrempf,PF,27,78,2573,424,822,0.516,17,48,0.354,407,774,0.526,0.526,402,490,0.82,149,471,620,247,59,16,180,271,1267,OOR,1990
Byron Scott,SG,28,77,2593,472,1005,0.47,93,220,0.423,379,785,0.483,0.516,160,209,0.766,51,191,242,274,77,31,122,180,1197,OOR,1990
Rony Seikaly,C,24,74,2409,486,968,0.502,0,1,0.0,486,967,0.503,0.502,256,431,0.594,253,513,766,78,78,124,236,258,1228,OOR,1990
Brad Sellers,PF,27,59,700,103,254,0.406,0,5,0.0,103,249,0.414,0.406,58,73,0.795,39,50,89,33,17,22,46,74,264,OOR,1990
Charles Shackleford,C,23,70,1557,247,535,0.462,0,1,0.0,247,534,0.463,0.462,79,115,0.687,180,299,479,56,40,35,116,183,573,OOR,1990
John Shasky,C,25,14,51,4,14,0.286,0,0,0.0,4,14,0.286,0.286,2,6,0.333,4,9,13,1,1,2,2,10,10,OOR,1990
Purvis Short,SF,32,82,2213,432,950,0.455,10,35,0.286,422,915,0.461,0.46,198,237,0.835,101,147,248,145,66,20,119,202,1072,OOR,1990
Dexter Shouse,PG,26,3,18,0,4,0.0,0,1,0.0,0,3,0.0,0.0,0,0,0.0,0,0,0,2,1,1,2,2,0,OOR,1990
Jerry Sichting,PG,33,35,496,50,125,0.4,3,12,0.25,47,113,0.416,0.412,18,22,0.818,3,16,19,94,16,2,22,40,121,OOR,1990
Jack Sikma,C,34,71,2250,344,827,0.416,68,199,0.342,276,628,0.439,0.457,230,260,0.885,109,383,492,229,76,48,139,244,986,OOR,1990
Scott Skiles,PG,25,70,1460,190,464,0.409,52,132,0.394,138,332,0.416,0.466,104,119,0.874,23,136,159,334,36,4,90,126,536,OOR,1990
Charles Smith,PF,24,78,2732,595,1145,0.52,1,12,0.083,594,1133,0.524,0.52,454,572,0.794,177,347,524,114,86,119,162,294,1645,OOR,1990
Charles Smith,PG,22,60,519,59,133,0.444,0,7,0.0,59,126,0.468,0.444,53,76,0.697,14,55,69,103,35,3,36,75,171,OOR,1990
Derek Smith,SF,28,75,1405,261,514,0.508,16,36,0.444,245,478,0.513,0.523,130,186,0.699,62,110,172,109,35,20,85,198,668,OOR,1990
Kenny Smith,PG,24,79,2421,378,811,0.466,26,83,0.313,352,728,0.484,0.482,161,196,0.821,18,139,157,445,79,8,169,143,943,OOR,1990
Larry Smith,PF,32,74,1300,101,213,0.474,0,2,0.0,101,211,0.479,0.474,20,55,0.364,180,272,452,69,56,28,70,203,222,OOR,1990
Michael Smith,PF,24,65,620,136,286,0.476,2,28,0.071,134,258,0.519,0.479,53,64,0.828,40,60,100,79,9,1,54,51,327,OOR,1990
Otis Smith,SF,26,65,1644,348,708,0.492,10,40,0.25,338,668,0.506,0.499,169,222,0.761,117,183,300,147,76,57,102,174,875,OOR,1990
Rik Smits,C,23,82,2404,515,967,0.533,0,1,0.0,515,966,0.533,0.533,241,297,0.811,135,377,512,142,45,169,143,328,1271,OOR,1990
Mike Smrek,C,27,13,107,10,24,0.417,0,0,0.0,10,24,0.417,0.417,1,6,0.167,11,23,34,1,4,11,9,18,21,OOR,1990
Rory Sparrow,PG,31,82,1756,210,510,0.412,8,40,0.2,202,470,0.43,0.42,59,77,0.766,37,101,138,298,49,4,99,140,487,OOR,1990
John Stockton,PG,27,78,2915,472,918,0.514,47,113,0.416,425,805,0.528,0.54,354,432,0.819,57,149,206,1134,207,18,272,233,1345,OOR,1990
Greg Stokes,PF,26,11,34,1,9,0.111,0,0,0.0,1,9,0.111,0.111,2,2,1.0,2,3,5,0,0,0,3,8,4,OOR,1990
Rod Strickland,PG,23,82,2140,343,756,0.454,8,30,0.267,335,726,0.461,0.459,174,278,0.626,90,169,259,468,127,14,170,160,868,OOR,1990
Jon Sundvold,SG,28,63,867,148,363,0.408,44,100,0.44,104,263,0.395,0.468,44,52,0.846,15,56,71,102,25,0,52,69,384,OOR,1990
Roy Tarpley,PF,25,45,1648,314,696,0.451,0,6,0.0,314,690,0.455,0.451,130,172,0.756,189,400,589,67,79,70,117,160,758,OOR,1990
Jay Taylor,SG,22,17,114,21,52,0.404,3,13,0.231,18,39,0.462,0.433,6,9,0.667,5,6,11,5,5,3,10,9,51,OOR,1990
Leonard Taylor,PF,23,10,37,0,6,0.0,0,1,0.0,0,5,0.0,0.0,11,16,0.688,4,8,12,1,0,0,5,4,11,OOR,1990
Terry Teagle,SF,29,82,2376,538,1122,0.48,3,14,0.214,535,1108,0.483,0.481,244,294,0.83,114,253,367,155,91,15,144,231,1323,OOR,1990
Reggie Theus,SG,32,76,2350,517,1178,0.439,26,105,0.248,491,1073,0.458,0.45,378,443,0.853,75,146,221,407,60,12,226,194,1438,OOR,1990
Isiah Thomas,PG,28,81,2993,579,1322,0.438,42,136,0.309,537,1186,0.453,0.454,292,377,0.775,74,234,308,765,139,19,322,206,1492,OOR,1990
Billy Thompson,SF,26,79,2142,375,727,0.516,2,4,0.5,373,723,0.516,0.517,115,185,0.622,238,313,551,166,54,89,156,237,867,OOR,1990
LaSalle Thompson,C,28,82,2126,223,471,0.473,1,5,0.2,222,466,0.476,0.475,107,134,0.799,175,455,630,106,65,71,150,313,554,OOR,1990
Mychal Thompson,C,35,70,1883,281,562,0.5,0,0,0.0,281,562,0.5,0.5,144,204,0.706,173,304,477,43,33,73,79,207,706,OOR,1990
Bob Thornton,PF,27,56,592,48,112,0.429,1,3,0.333,47,109,0.431,0.433,26,51,0.51,45,88,133,17,20,12,35,105,123,OOR,1990
Otis Thorpe,PF,27,82,2947,547,998,0.548,0,10,0.0,547,988,0.554,0.548,307,446,0.688,258,476,734,261,66,24,229,270,1401,OOR,1990
Sedale Threatt,PG,28,65,1481,303,599,0.506,8,32,0.25,295,567,0.52,0.513,130,157,0.828,43,72,115,216,65,8,77,164,744,OOR,1990
Wayman Tisdale,PF,25,79,2937,726,1383,0.525,0,6,0.0,726,1377,0.527,0.525,306,391,0.783,185,410,595,108,54,54,153,251,1758,OOR,1990
Tom Tolbert,PF,24,70,1347,218,442,0.493,5,18,0.278,213,424,0.502,0.499,175,241,0.726,122,241,363,58,23,25,79,191,616,OOR,1990
Sedric Toney,PG,27,64,968,87,250,0.348,23,63,0.365,64,187,0.342,0.394,67,83,0.807,14,46,60,174,33,0,73,106,264,OOR,1990
Kelly Tripucka,SF,30,79,2404,442,1029,0.43,38,104,0.365,404,925,0.437,0.448,310,351,0.883,82,240,322,224,75,16,176,220,1232,OOR,1990
Trent Tucker,SG,30,81,1725,253,606,0.417,95,245,0.388,158,361,0.438,0.496,66,86,0.767,57,117,174,173,74,8,73,159,667,OOR,1990
Andre Turner,PG,25,11,115,11,38,0.289,0,2,0.0,11,36,0.306,0.289,4,4,1.0,4,4,8,23,8,0,12,6,26,OOR,1990
Henry Turner,PF,23,36,315,58,122,0.475,0,3,0.0,58,119,0.487,0.475,40,65,0.615,22,28,50,22,17,7,26,40,156,OOR,1990
Jeff Turner,PF,27,60,1105,132,308,0.429,2,10,0.2,130,298,0.436,0.432,42,54,0.778,52,175,227,53,23,12,61,161,308,OOR,1990
Melvin Turpin,C,29,59,818,110,209,0.526,0,2,0.0,110,207,0.531,0.526,56,71,0.789,88,133,221,27,15,47,45,135,276,OOR,1990
Kelvin Upshaw,SG,27,40,387,64,146,0.438,4,15,0.267,60,131,0.458,0.452,28,37,0.757,9,32,41,54,27,1,27,53,160,OOR,1990
Kiki Vandeweghe,SF,31,22,563,102,231,0.442,10,19,0.526,92,212,0.434,0.463,44,48,0.917,15,38,53,41,15,3,26,28,258,OOR,1990
Jay Vincent,SF,30,41,459,86,183,0.47,1,2,0.5,85,181,0.47,0.473,41,49,0.837,20,42,62,18,18,5,33,52,214,OOR,1990
Sam Vincent,PG,26,63,1657,258,564,0.457,1,14,0.071,257,550,0.467,0.458,188,214,0.879,37,157,194,354,65,20,132,108,705,OOR,1990
Gary Voce,PF,24,1,4,1,3,0.333,0,0,0.0,1,3,0.333,0.333,0,0,0.0,2,0,2,0,0,0,0,0,2,OOR,1990
Alexander Volkov,C,25,72,937,137,284,0.482,13,34,0.382,124,250,0.496,0.505,70,120,0.583,52,67,119,83,36,22,52,166,357,OOR,1990
Mark Wade,PG,24,1,3,0,0,0.0,0,0,0.0,0,0,0.0,0.0,0,0,0.0,0,0,0,2,0,0,0,0,0,OOR,1990
Darrell Walker,PG,28,81,2883,316,696,0.454,2,21,0.095,314,675,0.465,0.455,138,201,0.687,173,541,714,652,139,30,173,220,772,OOR,1990
Kenny Walker,PF,25,68,1595,204,384,0.531,2,5,0.4,202,379,0.533,0.534,125,173,0.723,131,212,343,49,33,52,60,178,535,OOR,1990
Spud Webb,PG,26,82,2184,294,616,0.477,1,19,0.053,293,597,0.491,0.478,162,186,0.871,38,163,201,477,105,12,141,185,751,OOR,1990
Chris Welp,C,26,27,198,23,61,0.377,0,0,0.0,23,61,0.377,0.377,19,25,0.76,18,30,48,9,6,8,15,58,65,OOR,1990
Bill Wennington,C,26,60,814,105,234,0.449,0,4,0.0,105,230,0.457,0.449,60,75,0.8,64,134,198,41,20,21,50,144,270,OOR,1990
Doug West,SG,22,52,378,53,135,0.393,3,11,0.273,50,124,0.403,0.404,26,32,0.813,24,46,70,18,10,6,31,61,135,OOR,1990
Mark West,C,29,82,2399,331,530,0.625,0,0,0.0,331,530,0.625,0.625,199,288,0.691,212,516,728,45,36,184,126,277,861,OOR,1990
Randy White,PF,22,55,707,93,252,0.369,1,14,0.071,92,238,0.387,0.371,50,89,0.562,78,95,173,21,24,6,47,124,237,OOR,1990
Mitchell Wiggins,SG,30,66,1852,416,853,0.488,0,3,0.0,416,850,0.489,0.488,192,237,0.81,133,153,286,104,85,1,87,165,1024,OOR,1990
Morlon Wiley,PG,23,40,638,92,208,0.442,17,46,0.37,75,162,0.463,0.483,28,38,0.737,13,39,52,114,45,3,63,65,229,OOR,1990
Dominique Wilkins,SF,30,80,2888,810,1672,0.484,59,183,0.322,751,1489,0.504,0.502,459,569,0.807,217,304,521,200,126,47,174,141,2138,OOR,1990
Eddie Lee Wilkins,C,27,79,972,141,310,0.455,0,2,0.0,141,308,0.458,0.455,89,147,0.605,114,151,265,16,18,18,73,152,371,OOR,1990
Gerald Wilkins,SG,26,82,2609,472,1032,0.457,39,125,0.312,433,907,0.477,0.476,208,259,0.803,133,238,371,330,95,21,194,188,1191,OOR,1990
Buck Williams,PF,29,82,2801,413,754,0.548,0,1,0.0,413,753,0.548,0.548,288,408,0.706,250,550,800,116,69,39,168,285,1114,OOR,1990
Herb Williams,C,31,81,2199,295,665,0.444,2,9,0.222,293,656,0.447,0.445,108,159,0.679,76,315,391,119,51,106,106,243,700,OOR,1990
Hot Rod Williams,PF,27,82,2776,528,1070,0.493,0,0,0.0,528,1070,0.493,0.493,325,440,0.739,220,443,663,168,86,167,143,214,1381,OOR,1990
John Williams,SF,23,18,632,130,274,0.474,2,18,0.111,128,256,0.5,0.478,65,84,0.774,27,109,136,84,21,9,43,33,327,OOR,1990
Micheal Williams,PG,23,28,329,60,119,0.504,0,3,0.0,60,116,0.517,0.504,36,46,0.783,12,20,32,81,22,1,33,39,156,OOR,1990
Mike Williams,PF-SF,26,21,102,6,18,0.333,0,1,0.0,6,17,0.353,0.333,3,6,0.5,5,18,23,2,3,7,3,30,15,OOR,1990
Reggie Williams,SF,25,47,743,131,338,0.388,6,37,0.162,125,301,0.415,0.396,52,68,0.765,28,55,83,53,32,14,45,102,320,OOR,1990
Kevin Willis,PF,27,81,2273,418,805,0.519,2,7,0.286,416,798,0.521,0.52,168,246,0.683,253,392,645,57,63,47,144,259,1006,OOR,1990
David Wingate,SG,26,78,1856,220,491,0.448,0,13,0.0,220,478,0.46,0.448,87,112,0.777,62,133,195,208,89,18,127,154,527,OOR,1990
Randy Wittman,SF,30,61,544,62,122,0.508,1,2,0.5,61,120,0.508,0.512,5,6,0.833,4,26,30,39,7,4,23,21,130,OOR,1990
Joe Wolf,C,25,77,1325,155,392,0.395,5,25,0.2,150,367,0.409,0.402,55,71,0.775,63,169,232,62,30,24,77,129,370,OOR,1990
Leon Wood,SG,27,28,200,16,49,0.327,4,21,0.19,12,28,0.429,0.367,14,16,0.875,1,11,12,47,6,0,8,16,50,OOR,1990
Mike Woodson,SG,31,61,972,160,405,0.395,12,41,0.293,148,364,0.407,0.41,62,86,0.721,25,63,88,66,42,11,49,100,394,OOR,1990
Orlando Woolridge,SF,30,62,1421,306,550,0.556,0,5,0.0,306,545,0.561,0.556,176,240,0.733,49,136,185,96,39,46,73,160,788,OOR,1990
Haywoode Workman,PG,24,6,16,2,3,0.667,0,0,0.0,2,3,0.667,0.667,2,2,1.0,0,3,3,2,3,0,0,3,6,OOR,1990
James Worthy,SF,28,80,2960,711,1298,0.548,15,49,0.306,696,1249,0.557,0.554,248,317,0.782,160,318,478,288,99,49,160,190,1685,OOR,1990
Danny Young,PG,27,82,1393,138,328,0.421,16,59,0.271,122,269,0.454,0.445,91,112,0.813,29,93,122,231,82,4,80,84,383,OOR,1990
Michael Young,SF,29,45,459,92,194,0.474,8,26,0.308,84,168,0.5,0.495,27,38,0.711,36,50,86,24,25,3,15,47,219,OOR,1990
