Player,Pos,Age,G,MP,FG,FGA,FG%,3P,3PA,3P%,2P,2PA,2P%,eFG%,FT,FTA,FT%,ORB,DRB,TRB,AST,STL,BLK,TOV,PF,PTS,Status,Season
Alaa Abdelnaby,PF,23,71,934,178,361,0.493,0,0,0.0,178,361,0.493,0.493,76,101,0.752,81,179,260,30,25,16,66,132,432,OOR,1992
Mahmoud Abdul-Rauf,PG,22,81,1538,356,845,0.421,31,94,0.33,325,751,0.433,0.44,94,108,0.87,22,92,114,192,44,4,117,130,837,OOR,1992
Mark Acres,C,29,68,926,78,151,0.517,1,3,0.333,77,148,0.52,0.52,51,67,0.761,97,155,252,22,25,15,33,140,208,OOR,1992
Michael Adams,PG,29,78,2795,485,1233,0.393,125,386,0.324,360,847,0.425,0.444,313,360,0.869,58,252,310,594,145,9,212,162,1408,OOR,1992
Rafael Addison,SF,27,76,1175,187,432,0.433,14,49,0.286,173,383,0.452,0.449,56,76,0.737,65,100,165,68,28,28,46,109,444,OOR,1992
Mark Aguirre,SF,32,75,1582,339,787,0.431,15,71,0.211,324,716,0.453,0.44,158,230,0.687,67,169,236,126,51,11,105,171,851,OOR,1992
Danny Ainge,SG,32,81,1595,299,676,0.442,78,230,0.339,221,446,0.496,0.5,108,131,0.824,40,108,148,202,73,13,70,148,784,OOR,1992
Victor Alexander,C,22,80,1350,243,459,0.529,0,1,0.0,243,458,0.531,0.529,103,149,0.691,106,230,336,32,45,62,91,176,589,OOR,1992
Greg Anderson,PF,27,82,2793,389,854,0.456,0,4,0.0,389,850,0.458,0.456,167,268,0.623,337,604,941,78,88,65,201,263,945,OOR,1992
Kenny Anderson,PG,21,64,1086,187,480,0.39,3,13,0.231,184,467,0.394,0.393,73,98,0.745,38,89,127,203,67,9,97,68,450,OOR,1992
Nick Anderson,SG,24,60,2203,482,1042,0.463,30,85,0.353,452,957,0.472,0.477,202,303,0.667,98,286,384,163,97,33,126,132,1196,OOR,1992
Ron Anderson,SF,33,82,2432,469,1008,0.465,42,127,0.331,427,881,0.485,0.486,143,163,0.877,96,182,278,135,86,11,109,128,1123,OOR,1992
Willie Anderson,SG,25,57,1889,312,685,0.455,13,56,0.232,299,629,0.475,0.465,107,138,0.775,62,238,300,302,54,51,140,151,744,OOR,1992
Michael Ansley,SF,24,10,45,8,18,0.444,0,0,0.0,8,18,0.444,0.444,5,6,0.833,2,4,6,2,0,0,3,7,21,OOR,1992
Greg Anthony,PG,24,82,1510,161,435,0.37,8,55,0.145,153,380,0.403,0.379,117,158,0.741,33,103,136,314,59,9,98,170,447,OOR,1992
B.J. Armstrong,PG,24,82,1875,335,697,0.481,35,87,0.402,300,610,0.492,0.506,104,129,0.806,19,126,145,266,46,5,94,88,809,OOR,1992
Vincent Askew,SG,25,80,1496,193,379,0.509,1,10,0.1,192,369,0.52,0.511,111,160,0.694,89,144,233,188,47,23,84,128,498,OOR,1992
Keith Askins,SF,24,59,843,84,205,0.41,25,73,0.342,59,132,0.447,0.471,26,37,0.703,65,77,142,38,40,15,47,109,219,OOR,1992
Stacey Augmon,SG,23,82,2505,440,899,0.489,1,6,0.167,439,893,0.492,0.49,213,320,0.666,191,229,420,201,124,27,181,161,1094,OOR,1992
Isaac Austin,C,22,31,112,21,46,0.457,0,0,0.0,21,46,0.457,0.457,19,30,0.633,11,24,35,5,2,2,8,20,61,OOR,1992
Miloš Babić,C,23,9,35,6,13,0.462,0,0,0.0,6,13,0.462,0.462,6,8,0.75,2,9,11,6,1,0,5,0,18,OOR,1992
John Bagley,PG,31,73,1742,223,506,0.441,10,42,0.238,213,464,0.459,0.451,68,95,0.716,38,123,161,480,57,4,148,123,524,OOR,1992
Thurl Bailey,PF,30,84,2104,368,836,0.44,0,2,0.0,368,834,0.441,0.44,215,270,0.796,122,363,485,78,35,117,108,160,951,OOR,1992
Steve Bardo,SG,23,1,1,0,0,0.0,0,0,0.0,0,0,0.0,0.0,0,0,0.0,1,0,1,0,0,0,0,0,0,OOR,1992
Charles Barkley,SF,28,75,2881,622,1126,0.552,32,137,0.234,590,989,0.597,0.567,454,653,0.695,271,559,830,308,136,44,235,196,1730,OOR,1992
Dana Barros,PG,24,75,1331,238,493,0.483,83,186,0.446,155,307,0.505,0.567,60,79,0.759,17,64,81,125,51,4,56,84,619,OOR,1992
John Battle,SG,29,76,1637,316,659,0.48,2,17,0.118,314,642,0.489,0.481,145,171,0.848,19,93,112,159,36,5,91,116,779,OOR,1992
Kenny Battle,SG,27,16,92,11,17,0.647,0,1,0.0,11,16,0.688,0.647,10,12,0.833,4,12,16,4,2,2,4,10,32,OOR,1992
William Bedford,C,28,32,363,50,121,0.413,0,1,0.0,50,120,0.417,0.413,14,22,0.636,24,39,63,12,6,18,15,56,114,OOR,1992
Benoit Benjamin,C,27,63,1941,354,740,0.478,0,2,0.0,354,738,0.48,0.478,171,249,0.687,130,383,513,76,39,118,175,185,879,OOR,1992
Winston Bennett,SF,26,54,833,80,211,0.379,0,1,0.0,80,210,0.381,0.379,35,50,0.7,63,99,162,38,19,9,33,122,195,OOR,1992
David Benoit,SF,23,77,1161,175,375,0.467,3,14,0.214,172,361,0.476,0.471,81,100,0.81,105,191,296,34,19,44,71,124,434,OOR,1992
Larry Bird,SF,35,45,1662,353,758,0.466,52,128,0.406,301,630,0.478,0.5,150,162,0.926,46,388,434,306,42,33,125,82,908,OOR,1992
Rolando Blackman,SG,32,75,2527,535,1161,0.461,65,169,0.385,470,992,0.474,0.489,239,266,0.898,78,161,239,204,50,22,153,134,1374,OOR,1992
Lance Blanks,SG,25,43,189,25,55,0.455,6,16,0.375,19,39,0.487,0.509,8,11,0.727,9,13,22,19,14,1,14,26,64,OOR,1992
Mookie Blaylock,PG,24,72,2548,429,993,0.432,12,54,0.222,417,939,0.444,0.438,126,177,0.712,101,168,269,492,170,40,152,182,996,OOR,1992
Muggsy Bogues,PG,27,82,2790,317,671,0.472,2,27,0.074,315,644,0.489,0.474,94,120,0.783,58,177,235,743,170,6,156,156,730,OOR,1992
Manute Bol,C,29,71,1267,49,128,0.383,0,9,0.0,49,119,0.412,0.383,12,26,0.462,54,168,222,22,11,205,41,139,110,OOR,1992
Anthony Bonner,PF,23,79,2287,294,658,0.447,1,4,0.25,293,654,0.448,0.448,151,241,0.627,192,293,485,125,94,26,133,194,740,OOR,1992
Anthony Bowie,SG,28,52,1721,312,633,0.493,17,44,0.386,295,589,0.501,0.506,117,136,0.86,70,175,245,163,55,38,107,101,758,OOR,1992
Sam Bowie,C,30,71,2179,421,947,0.445,8,25,0.32,413,922,0.448,0.449,212,280,0.757,203,375,578,186,41,120,150,212,1062,OOR,1992
Terrell Brandon,PG,21,82,1605,252,601,0.419,1,23,0.043,251,578,0.434,0.42,100,124,0.806,49,113,162,316,81,22,136,107,605,OOR,1992
Randy Breuer,C,31,67,1176,161,344,0.468,0,1,0.0,161,343,0.469,0.468,41,77,0.532,98,183,281,89,27,99,41,117,363,OOR,1992
Frank Brickowski,SF,32,65,1556,306,584,0.524,3,6,0.5,303,578,0.524,0.527,125,163,0.767,97,247,344,122,60,23,112,223,740,OOR,1992
Kevin Brooks,SF,22,37,270,43,97,0.443,2,11,0.182,41,86,0.477,0.454,17,21,0.81,13,26,39,11,8,2,18,19,105,OOR,1992
Scott Brooks,PG,26,82,1082,167,374,0.447,32,90,0.356,135,284,0.475,0.489,51,63,0.81,27,72,99,205,66,7,51,82,417,OOR,1992
Chucky Brown,SF,23,42,431,60,128,0.469,0,3,0.0,60,125,0.48,0.469,30,49,0.612,31,51,82,26,12,7,29,48,150,OOR,1992
Dee Brown,PG,23,31,883,149,350,0.426,5,22,0.227,144,328,0.439,0.433,60,78,0.769,15,64,79,164,33,7,59,74,363,OOR,1992
Mike Brown,C,28,82,1783,221,488,0.453,0,1,0.0,221,487,0.454,0.453,190,285,0.667,187,289,476,81,42,34,105,196,632,OOR,1992
Myron Brown,PG,22,4,23,4,6,0.667,1,3,0.333,3,3,1.0,0.75,0,0,0.0,0,3,3,6,1,0,4,2,9,OOR,1992
Randy Brown,PG,23,56,535,77,169,0.456,0,6,0.0,77,163,0.472,0.456,38,58,0.655,26,43,69,59,35,12,42,68,192,OOR,1992
Tony Brown,SF,31,57,655,102,249,0.41,19,63,0.302,83,186,0.446,0.448,48,66,0.727,32,52,84,48,30,5,35,82,271,OOR,1992
Mark Bryant,PF,26,56,800,95,198,0.48,0,3,0.0,95,195,0.487,0.48,40,60,0.667,87,114,201,41,26,8,30,105,230,OOR,1992
Jud Buechler,SF,23,28,290,29,71,0.408,0,1,0.0,29,70,0.414,0.408,12,21,0.571,18,34,52,23,19,7,13,31,70,OOR,1992
Matt Bullard,PF,24,80,1278,205,447,0.459,64,166,0.386,141,281,0.502,0.53,38,50,0.76,73,150,223,75,26,21,56,129,512,OOR,1992
Willie Burton,SF,23,68,1585,280,622,0.45,6,15,0.4,274,607,0.451,0.455,196,245,0.8,76,168,244,123,46,37,119,186,762,OOR,1992
Steve Burtt,SG,29,31,356,74,160,0.463,1,6,0.167,73,154,0.474,0.466,38,54,0.704,10,24,34,59,16,4,33,58,187,OOR,1992
Michael Cage,PF,30,82,2461,307,542,0.566,0,5,0.0,307,537,0.572,0.566,106,171,0.62,266,462,728,92,99,55,78,237,720,OOR,1992
Demetrius Calip,PG,22,7,58,4,18,0.222,1,5,0.2,3,13,0.231,0.25,2,3,0.667,1,4,5,12,1,0,5,8,11,OOR,1992
Elden Campbell,C,23,81,1876,220,491,0.448,0,2,0.0,220,489,0.45,0.448,138,223,0.619,155,268,423,59,53,159,73,203,578,OOR,1992
Tony Campbell,SF,29,78,2441,527,1137,0.464,13,37,0.351,514,1100,0.467,0.469,240,299,0.803,141,145,286,229,84,31,165,206,1307,OOR,1992
Antoine Carr,PF,30,81,1867,359,732,0.49,1,5,0.2,358,727,0.492,0.491,162,212,0.764,128,218,346,63,32,96,114,264,881,OOR,1992
Bill Cartwright,C,34,64,1471,208,445,0.467,0,0,0.0,208,445,0.467,0.467,96,159,0.604,93,231,324,87,22,14,75,131,512,OOR,1992
Terry Catledge,PF,28,78,2430,457,922,0.496,0,4,0.0,457,918,0.498,0.496,240,346,0.694,257,292,549,109,58,16,138,196,1154,OOR,1992
Duane Causwell,C,23,80,2291,250,455,0.549,0,1,0.0,250,454,0.551,0.549,136,222,0.613,196,384,580,59,47,215,124,281,636,OOR,1992
Cedric Ceballos,SF,22,64,725,176,365,0.482,1,6,0.167,175,359,0.487,0.484,109,148,0.736,60,92,152,50,16,11,71,52,462,OOR,1992
Tom Chambers,PF,32,69,1948,426,989,0.431,18,49,0.367,408,940,0.434,0.44,258,311,0.83,86,315,401,142,57,37,103,196,1128,OOR,1992
Rex Chapman,PG-SG,24,22,567,113,252,0.448,8,29,0.276,105,223,0.471,0.464,36,53,0.679,10,48,58,89,15,8,45,51,270,OOR,1992
Maurice Cheeks,PG,35,56,1086,115,249,0.462,3,6,0.5,112,243,0.461,0.468,26,43,0.605,29,66,95,185,83,0,36,73,259,OOR,1992
Pete Chilcutt,PF,23,69,817,113,250,0.452,2,2,1.0,111,248,0.448,0.456,23,28,0.821,78,109,187,38,32,17,41,70,251,OOR,1992
Derrick Coleman,PF,24,65,2207,483,958,0.504,23,76,0.303,460,882,0.522,0.516,300,393,0.763,203,415,618,205,54,98,248,168,1289,OOR,1992
Bimbo Coles,PG,23,81,1976,295,649,0.455,10,52,0.192,285,597,0.477,0.462,216,262,0.824,69,120,189,366,73,13,167,151,816,OOR,1992
Marty Conlon,C,24,45,381,48,101,0.475,0,0,0.0,48,101,0.475,0.475,24,32,0.75,33,36,69,12,9,7,27,40,120,OOR,1992
Lester Conner,PG,32,81,1420,103,239,0.431,0,7,0.0,103,232,0.444,0.431,81,115,0.704,63,121,184,294,97,10,79,86,287,OOR,1992
Anthony Cook,PF,24,22,115,15,25,0.6,0,0,0.0,15,25,0.6,0.6,4,6,0.667,13,21,34,2,5,4,3,10,34,OOR,1992
Wayne Cooper,C,35,35,344,35,82,0.427,0,0,0.0,35,82,0.427,0.427,7,11,0.636,38,63,101,21,4,27,15,57,77,OOR,1992
Tom Copa,C,27,33,132,22,40,0.55,0,0,0.0,22,40,0.55,0.55,4,13,0.308,14,22,36,3,2,6,8,29,48,OOR,1992
Lanard Copeland,SG,26,10,48,7,23,0.304,0,2,0.0,7,21,0.333,0.304,2,2,1.0,1,6,7,5,2,0,4,5,16,OOR,1992
Tyrone Corbin,SF,29,80,2207,303,630,0.481,0,4,0.0,303,626,0.484,0.481,174,201,0.866,163,309,472,140,82,20,97,193,780,OOR,1992
Chris Corchiani,PG,23,51,741,77,193,0.399,10,37,0.27,67,156,0.429,0.425,91,104,0.875,18,60,78,141,45,2,74,94,255,OOR,1992
Corey Crowder,SF,22,51,328,43,112,0.384,13,30,0.433,30,82,0.366,0.442,15,18,0.833,16,25,41,17,7,2,13,35,114,OOR,1992
Terry Cummings,PF,30,70,2149,514,1053,0.488,5,13,0.385,509,1040,0.489,0.491,177,249,0.711,247,384,631,102,58,34,115,210,1210,OOR,1992
Dell Curry,SG,27,77,2020,504,1038,0.486,74,183,0.404,430,855,0.503,0.521,127,152,0.836,57,202,259,177,93,20,134,156,1209,OOR,1992
Quintin Dailey,SG,31,11,98,9,37,0.243,0,1,0.0,9,36,0.25,0.243,13,16,0.813,2,10,12,4,5,1,10,6,31,OOR,1992
Brad Daugherty,C,26,73,2643,576,1010,0.57,0,2,0.0,576,1008,0.571,0.57,414,533,0.777,191,569,760,262,65,78,185,190,1566,OOR,1992
Brad Davis,PG,36,33,429,38,86,0.442,5,18,0.278,33,68,0.485,0.471,11,15,0.733,4,29,33,66,11,3,27,57,92,OOR,1992
Dale Davis,PF,22,64,1301,154,279,0.552,0,1,0.0,154,278,0.554,0.552,87,152,0.572,158,252,410,30,27,74,49,191,395,OOR,1992
Terry Davis,PF,24,68,2149,256,531,0.482,0,5,0.0,256,526,0.487,0.482,181,285,0.635,228,444,672,57,26,29,117,202,693,OOR,1992
Walter Davis,SF,37,46,741,185,403,0.459,5,16,0.313,180,387,0.465,0.465,82,94,0.872,20,50,70,68,29,1,45,69,457,OOR,1992
Johnny Dawkins,PG,28,82,2815,394,902,0.437,36,101,0.356,358,801,0.447,0.457,164,186,0.882,42,185,227,567,89,5,183,158,988,OOR,1992
Bison Dele,PF,22,48,905,171,324,0.528,0,0,0.0,171,324,0.528,0.528,95,142,0.669,115,157,272,33,41,53,86,139,437,OOR,1992
Vlade Divac,C,23,36,979,157,317,0.495,5,19,0.263,152,298,0.51,0.503,86,112,0.768,87,160,247,60,55,35,88,114,405,OOR,1992
James Donaldson,C,34,58,1075,112,245,0.457,0,0,0.0,112,245,0.457,0.457,61,86,0.709,99,190,289,33,8,49,48,103,285,OOR,1992
Sherman Douglas,PG,25,42,752,117,253,0.462,1,10,0.1,116,243,0.477,0.464,73,107,0.682,13,50,63,172,25,9,68,78,308,OOR,1992
Greg Dreiling,C,29,60,509,43,87,0.494,1,1,1.0,42,86,0.488,0.5,30,40,0.75,22,74,96,25,10,16,31,123,117,OOR,1992
Clyde Drexler,SG,29,76,2751,694,1476,0.47,114,338,0.337,580,1138,0.51,0.509,401,505,0.794,166,334,500,512,138,70,240,229,1903,Candidate,1992
Kevin Duckworth,C,27,82,2222,362,786,0.461,0,3,0.0,362,783,0.462,0.461,156,226,0.69,151,346,497,99,38,37,143,264,880,OOR,1992
Chris Dudley,C,26,82,1902,190,472,0.403,0,0,0.0,190,472,0.403,0.403,80,171,0.468,343,396,739,58,38,179,79,275,460,OOR,1992
Joe Dumars,SG,28,82,3192,587,1311,0.448,49,120,0.408,538,1191,0.452,0.466,412,475,0.867,82,106,188,375,71,12,193,145,1635,OOR,1992
Ledell Eackles,SG,25,65,1463,355,759,0.468,7,35,0.2,348,724,0.481,0.472,139,187,0.743,39,139,178,125,47,7,75,145,856,OOR,1992
Mark Eaton,C,35,81,2023,107,240,0.446,0,0,0.0,107,240,0.446,0.446,52,87,0.598,150,341,491,40,36,205,60,239,266,OOR,1992
Patrick Eddie,C,24,4,13,2,9,0.222,0,0,0.0,2,9,0.222,0.222,0,0,0.0,0,1,1,0,0,0,0,3,4,OOR,1992
Blue Edwards,SF,26,81,2283,433,830,0.522,39,103,0.379,394,727,0.542,0.545,113,146,0.774,86,212,298,137,81,46,122,236,1018,OOR,1992
James Edwards,C,36,72,1437,250,538,0.465,0,1,0.0,250,537,0.466,0.465,198,271,0.731,55,147,202,53,24,33,72,236,698,OOR,1992
Kevin Edwards,PG,26,81,1840,325,716,0.454,7,32,0.219,318,684,0.465,0.459,162,191,0.848,56,155,211,170,99,20,120,138,819,OOR,1992
Craig Ehlo,SG,30,63,2016,310,684,0.453,69,167,0.413,241,517,0.466,0.504,87,123,0.707,94,213,307,238,78,22,104,150,776,OOR,1992
Mario Elie,SG,28,79,1677,221,424,0.521,23,70,0.329,198,354,0.559,0.548,155,182,0.852,69,158,227,174,68,15,83,159,620,OOR,1992
Sean Elliott,SF,23,82,3120,514,1040,0.494,25,82,0.305,489,958,0.51,0.506,285,331,0.861,143,296,439,214,84,29,152,149,1338,OOR,1992
Dale Ellis,SF,31,81,2191,485,1034,0.469,138,329,0.419,347,705,0.492,0.536,164,212,0.774,92,161,253,104,57,18,119,151,1272,OOR,1992
LeRon Ellis,C,22,29,103,17,50,0.34,0,0,0.0,17,50,0.34,0.34,9,19,0.474,12,12,24,1,6,9,11,11,43,OOR,1992
Pervis Ellison,C,24,66,2511,547,1014,0.539,1,3,0.333,546,1011,0.54,0.54,227,312,0.728,217,523,740,190,62,177,196,222,1322,OOR,1992
A.J. English,SG,24,81,1665,366,846,0.433,6,34,0.176,360,812,0.443,0.436,148,176,0.841,74,94,168,143,32,9,89,160,886,OOR,1992
Patrick Ewing,C,29,82,3150,796,1525,0.522,1,6,0.167,795,1519,0.523,0.522,377,511,0.738,228,693,921,156,88,245,209,277,1970,Candidate,1992
Dave Feitl,C,29,34,175,33,77,0.429,0,0,0.0,33,77,0.429,0.429,16,19,0.842,21,40,61,6,2,3,19,22,82,OOR,1992
Duane Ferrell,SF,26,66,1598,331,632,0.524,11,33,0.333,320,599,0.534,0.532,166,218,0.761,105,105,210,92,49,17,99,134,839,OOR,1992
Danny Ferry,PF,25,68,937,134,328,0.409,17,48,0.354,117,280,0.418,0.434,61,73,0.836,53,160,213,75,22,15,46,135,346,OOR,1992
Vern Fleming,PG,29,82,1737,294,610,0.482,6,27,0.222,288,583,0.494,0.487,132,179,0.737,69,140,209,266,56,7,140,134,726,OOR,1992
Sleepy Floyd,PG,31,82,1662,286,704,0.406,37,123,0.301,249,581,0.429,0.433,135,170,0.794,34,116,150,239,57,21,128,128,744,OOR,1992
Greg Foster,PF,23,49,548,89,193,0.461,0,1,0.0,89,192,0.464,0.461,35,49,0.714,43,102,145,35,6,12,36,83,213,OOR,1992
Rick Fox,SF,22,81,1535,241,525,0.459,23,70,0.329,218,455,0.479,0.481,139,184,0.755,73,147,220,126,78,30,123,230,644,OOR,1992
Tellis Frank,PF,26,10,140,18,33,0.545,0,0,0.0,18,33,0.545,0.545,10,15,0.667,8,18,26,8,5,4,5,24,46,OOR,1992
Anthony Frederick,SF,27,66,852,161,370,0.435,4,17,0.235,157,353,0.445,0.441,63,92,0.685,75,69,144,71,40,26,58,91,389,OOR,1992
Kevin Gamble,SF,26,82,2496,480,908,0.529,9,31,0.29,471,877,0.537,0.534,139,157,0.885,80,206,286,219,75,37,97,200,1108,OOR,1992
Winston Garland,PG,27,78,2209,333,750,0.444,9,28,0.321,324,722,0.449,0.45,171,199,0.859,67,123,190,411,98,22,175,206,846,OOR,1992
Tom Garrick,SG,25,40,549,59,143,0.413,1,4,0.25,58,139,0.417,0.416,18,26,0.692,12,44,56,98,36,4,44,54,137,OOR,1992
Chris Gatling,PF,24,54,612,117,206,0.568,0,4,0.0,117,202,0.579,0.568,72,109,0.661,75,107,182,16,31,36,44,101,306,OOR,1992
Kenny Gattison,PF,27,82,2223,423,799,0.529,0,2,0.0,423,797,0.531,0.529,196,285,0.688,177,403,580,131,59,69,140,273,1042,OOR,1992
Tate George,SG,23,70,1037,165,386,0.427,1,6,0.167,164,380,0.432,0.429,87,106,0.821,36,69,105,162,41,3,82,98,418,OOR,1992
Kendall Gill,SG,23,79,2906,666,1427,0.467,6,25,0.24,660,1402,0.471,0.469,284,381,0.745,165,237,402,329,154,46,180,237,1622,OOR,1992
Armen Gilliam,PF,27,81,2771,512,1001,0.511,0,2,0.0,512,999,0.513,0.511,343,425,0.807,234,426,660,118,51,85,166,176,1367,OOR,1992
Gerald Glass,SF,24,75,1822,383,871,0.44,16,54,0.296,367,817,0.449,0.449,77,125,0.616,107,153,260,175,66,30,103,171,859,OOR,1992
Mike Gminski,C,32,35,499,90,199,0.452,1,3,0.333,89,196,0.454,0.455,21,28,0.75,37,81,118,31,11,16,20,37,202,OOR,1992
Dan Godfread,C,24,1,2,0,0,0.0,0,0,0.0,0,0,0.0,0.0,0,0,0.0,0,0,0,0,0,0,0,0,0,OOR,1992
Paul Graham,SG,24,78,1718,305,682,0.447,55,141,0.39,250,541,0.462,0.488,126,170,0.741,72,159,231,175,96,21,91,193,791,OOR,1992
Ron Grandison,PF,27,3,25,2,4,0.5,0,0,0.0,2,4,0.5,0.5,6,10,0.6,3,8,11,1,1,1,3,4,10,OOR,1992
Gary Grant,PG,26,78,2049,275,595,0.462,15,51,0.294,260,544,0.478,0.475,44,54,0.815,34,150,184,538,138,14,187,181,609,OOR,1992
Greg Grant,PG,25,68,891,99,225,0.44,7,18,0.389,92,207,0.444,0.456,20,24,0.833,14,55,69,217,45,2,46,76,225,OOR,1992
Harvey Grant,SF,26,64,2388,489,1022,0.478,1,8,0.125,488,1014,0.481,0.479,176,220,0.8,157,275,432,170,74,27,109,178,1155,OOR,1992
Horace Grant,PF,26,81,2859,457,790,0.578,0,2,0.0,457,788,0.58,0.578,235,317,0.741,344,463,807,217,100,131,98,196,1149,OOR,1992
Jeff Grayer,SG,26,82,1659,309,689,0.448,19,66,0.288,290,623,0.465,0.462,102,153,0.667,129,128,257,150,64,13,105,142,739,OOR,1992
A.C. Green,PF,28,82,2902,382,803,0.476,12,56,0.214,370,747,0.495,0.483,340,457,0.744,306,456,762,117,91,36,111,141,1116,OOR,1992
Rickey Green,PG,37,26,367,46,103,0.447,1,4,0.25,45,99,0.455,0.451,13,18,0.722,3,21,24,68,17,1,18,28,106,OOR,1992
Sean Green,SG,21,35,256,62,158,0.392,2,10,0.2,60,148,0.405,0.399,15,28,0.536,22,20,42,22,13,6,27,31,141,OOR,1992
Sidney Green,PF,31,80,1127,147,344,0.427,0,0,0.0,147,344,0.427,0.427,73,89,0.82,92,250,342,36,29,11,62,148,367,OOR,1992
Jack Haley,C,28,49,394,31,84,0.369,0,0,0.0,31,84,0.369,0.369,14,29,0.483,31,64,95,7,7,8,25,75,76,OOR,1992
Tom Hammonds,PF,24,37,984,195,400,0.488,0,1,0.0,195,399,0.489,0.488,50,82,0.61,49,136,185,36,22,13,58,118,440,OOR,1992
Bob Hansen,SG,31,68,809,79,178,0.444,7,27,0.259,72,151,0.477,0.463,8,22,0.364,17,60,77,69,27,3,28,134,173,OOR,1992
Tim Hardaway,PG,25,81,3332,734,1592,0.461,127,376,0.338,607,1216,0.499,0.501,298,389,0.766,81,229,310,807,164,13,267,208,1893,OOR,1992
Derek Harper,PG,30,65,2252,448,1011,0.443,58,186,0.312,390,825,0.473,0.472,198,261,0.759,49,121,170,373,101,17,154,150,1152,OOR,1992
Ron Harper,SG,28,82,3144,569,1292,0.44,64,211,0.303,505,1081,0.467,0.465,293,398,0.736,120,327,447,417,152,72,252,199,1495,OOR,1992
Scott Hastings,C,31,40,421,17,50,0.34,0,9,0.0,17,41,0.415,0.34,24,28,0.857,30,68,98,26,10,15,22,56,58,OOR,1992
Hersey Hawkins,SG,25,81,3013,521,1127,0.462,91,229,0.397,430,898,0.479,0.503,403,461,0.874,53,218,271,248,157,43,189,174,1536,OOR,1992
Gerald Henderson,PG,36,16,96,12,32,0.375,3,8,0.375,9,24,0.375,0.422,9,11,0.818,1,7,8,10,3,0,8,12,36,OOR,1992
Steve Henson,PG,23,50,386,52,144,0.361,23,48,0.479,29,96,0.302,0.441,23,29,0.793,17,24,41,82,15,1,40,50,150,OOR,1992
Carl Herrera,PF,25,43,566,83,161,0.516,0,1,0.0,83,160,0.519,0.516,25,44,0.568,33,66,99,27,16,25,37,60,191,OOR,1992
Rod Higgins,SF,32,25,535,87,211,0.412,33,95,0.347,54,116,0.466,0.491,48,59,0.814,30,55,85,22,15,13,15,75,255,OOR,1992
Sean Higgins,PF-SF,23,38,616,127,277,0.458,6,25,0.24,121,252,0.48,0.469,31,36,0.861,29,73,102,41,16,6,41,58,291,OOR,1992
Tyrone Hill,C,23,82,1886,254,487,0.522,0,1,0.0,254,486,0.523,0.522,163,235,0.694,182,411,593,47,73,43,106,315,671,OOR,1992
Donald Hodge,PF,22,51,1058,163,328,0.497,0,0,0.0,163,328,0.497,0.497,100,150,0.667,118,157,275,39,25,23,75,128,426,OOR,1992
Craig Hodges,SG,31,56,555,93,242,0.384,36,96,0.375,57,146,0.39,0.459,16,17,0.941,7,17,24,54,14,1,22,33,238,OOR,1992
Dave Hoppen,C,27,11,40,2,7,0.286,0,0,0.0,2,7,0.286,0.286,5,10,0.5,1,9,10,2,0,0,3,6,9,OOR,1992
Dennis Hopson,SG,26,71,1314,276,593,0.465,12,47,0.255,264,546,0.484,0.476,179,253,0.708,105,101,206,102,67,39,100,115,743,OOR,1992
Jeff Hornacek,SG,28,81,3078,635,1240,0.512,83,189,0.439,552,1051,0.525,0.546,279,315,0.886,106,301,407,411,158,31,170,218,1632,OOR,1992
Brian Howard,SF,24,27,318,54,104,0.519,1,2,0.5,53,102,0.52,0.524,22,31,0.71,17,34,51,14,11,8,15,55,131,OOR,1992
Jay Humphries,PG,29,71,2261,377,803,0.469,42,144,0.292,335,659,0.508,0.496,195,249,0.783,44,140,184,466,119,13,148,210,991,OOR,1992
Cedric Hunter,PG,27,1,1,0,0,0.0,0,0,0.0,0,0,0.0,0.0,0,0,0.0,0,0,0,0,0,0,0,0,0,OOR,1992
Mike Iuzzolino,PG,24,52,1280,160,355,0.451,59,136,0.434,101,219,0.461,0.534,107,128,0.836,27,71,98,194,33,1,92,79,486,OOR,1992
Jaren Jackson,SG,24,5,54,11,23,0.478,0,0,0.0,11,23,0.478,0.478,4,6,0.667,5,5,10,3,2,0,4,7,26,OOR,1992
Mark Jackson,PG,26,81,2461,367,747,0.491,11,43,0.256,356,704,0.506,0.499,171,222,0.77,95,210,305,694,112,13,211,153,916,OOR,1992
Dave Jamerson,SG,24,48,378,79,191,0.414,8,28,0.286,71,163,0.436,0.435,25,27,0.926,22,21,43,33,17,0,24,39,191,OOR,1992
Henry James,SF,26,65,866,164,403,0.407,29,90,0.322,135,313,0.431,0.443,61,76,0.803,35,77,112,25,16,11,43,94,418,OOR,1992
Les Jepsen,C,24,31,87,9,24,0.375,0,1,0.0,9,23,0.391,0.375,7,11,0.636,12,18,30,1,1,5,3,17,25,OOR,1992
Avery Johnson,PG,26,69,1235,158,330,0.479,4,15,0.267,154,315,0.489,0.485,66,101,0.653,13,67,80,266,61,9,110,89,386,OOR,1992
Buck Johnson,SF,28,80,2202,290,633,0.458,1,9,0.111,289,624,0.463,0.459,104,143,0.727,95,217,312,158,72,49,104,234,685,OOR,1992
Eddie Johnson,SF,32,81,2366,534,1164,0.459,27,107,0.252,507,1057,0.48,0.47,291,338,0.861,118,174,292,161,55,11,130,199,1386,OOR,1992
Kevin Johnson,PG,25,78,2899,539,1125,0.479,10,46,0.217,529,1079,0.49,0.484,448,555,0.807,61,231,292,836,116,23,272,180,1536,OOR,1992
Larry Johnson,PF,22,82,3047,616,1258,0.49,5,22,0.227,611,1236,0.494,0.492,339,409,0.829,323,576,899,292,81,51,160,225,1576,OOR,1992
Vinnie Johnson,SG,35,60,1350,202,499,0.405,19,60,0.317,183,439,0.417,0.424,55,85,0.647,67,115,182,145,41,14,74,93,478,OOR,1992
Charles Jones,C,34,75,1365,33,90,0.367,0,0,0.0,33,90,0.367,0.367,20,40,0.5,105,212,317,62,43,92,39,214,86,OOR,1992
Michael Jordan,SG,28,80,3102,943,1818,0.519,27,100,0.27,916,1718,0.533,0.526,491,590,0.832,91,420,511,489,182,75,200,201,2404,MVP,1992
Shawn Kemp,PF,22,64,1808,362,718,0.504,0,3,0.0,362,715,0.506,0.504,270,361,0.748,264,401,665,86,70,124,156,261,994,OOR,1992
Steve Kerr,PG,26,48,847,121,237,0.511,32,74,0.432,89,163,0.546,0.578,45,54,0.833,14,64,78,110,27,10,31,29,319,OOR,1992
Jerome Kersey,SF,29,77,2553,398,852,0.467,1,8,0.125,397,844,0.47,0.468,174,262,0.664,241,392,633,243,114,71,151,254,971,OOR,1992
Alec Kessler,PF,25,77,1197,158,383,0.413,0,0,0.0,158,383,0.413,0.413,94,115,0.817,114,200,314,34,17,32,58,185,410,OOR,1992
Bo Kimble,SG,25,34,277,44,111,0.396,4,13,0.308,40,98,0.408,0.414,20,31,0.645,13,19,32,17,10,6,15,37,112,OOR,1992
Albert King,SF,32,6,59,11,30,0.367,2,7,0.286,9,23,0.391,0.4,7,8,0.875,1,10,11,5,3,0,2,7,31,OOR,1992
Rich King,C,22,40,213,27,71,0.38,0,1,0.0,27,70,0.386,0.38,34,45,0.756,20,29,49,12,4,5,18,42,88,OOR,1992
Stacey King,PF,25,79,1268,215,425,0.506,2,5,0.4,213,420,0.507,0.508,119,158,0.753,87,118,205,77,21,25,76,129,551,OOR,1992
Greg Kite,C,30,72,1479,94,215,0.437,0,1,0.0,94,214,0.439,0.437,40,68,0.588,156,246,402,44,30,57,61,212,228,OOR,1992
Joe Kleine,C,30,70,991,144,293,0.491,4,8,0.5,140,285,0.491,0.498,34,48,0.708,94,202,296,32,23,14,27,99,326,OOR,1992
Negele Knight,PG,24,42,631,103,217,0.475,4,13,0.308,99,204,0.485,0.484,33,48,0.688,16,30,46,112,24,3,58,58,243,OOR,1992
Bart Kofoed,SG,27,44,239,25,53,0.472,1,7,0.143,24,46,0.522,0.481,15,26,0.577,6,20,26,51,2,2,20,26,66,OOR,1992
Jon Koncak,C,28,77,1489,111,284,0.391,0,12,0.0,111,272,0.408,0.391,19,29,0.655,62,199,261,132,50,67,54,207,241,OOR,1992
Larry Krystkowiak,PF,27,79,1848,293,660,0.444,0,5,0.0,293,655,0.447,0.444,128,169,0.757,131,298,429,114,54,12,115,218,714,OOR,1992
Bill Laimbeer,C,34,81,2234,342,727,0.47,32,85,0.376,310,642,0.483,0.492,67,75,0.893,104,347,451,160,51,54,102,225,783,OOR,1992
Jerome Lane,PF,25,14,177,14,46,0.304,0,0,0.0,14,46,0.304,0.304,9,27,0.333,32,34,66,17,2,1,14,28,37,OOR,1992
Andrew Lang,C,25,81,1965,248,475,0.522,0,1,0.0,248,474,0.523,0.522,126,164,0.768,170,376,546,43,48,201,87,306,622,OOR,1992
Eric Leckner,C,25,59,716,79,154,0.513,0,1,0.0,79,153,0.516,0.513,38,51,0.745,49,157,206,31,9,18,39,114,196,OOR,1992
Doug Lee,SG,27,46,307,50,116,0.431,10,37,0.27,40,79,0.506,0.474,10,19,0.526,17,18,35,22,11,1,12,39,120,OOR,1992
Gary Leonard,C,24,5,13,4,6,0.667,0,0,0.0,4,6,0.667,0.667,2,2,1.0,3,2,5,1,1,0,1,3,10,OOR,1992
Jim Les,PG,28,62,712,74,192,0.385,45,131,0.344,29,61,0.475,0.503,38,47,0.809,11,52,63,143,31,3,42,58,231,OOR,1992
Fat Lever,SG,31,31,884,135,349,0.387,17,52,0.327,118,297,0.397,0.411,60,80,0.75,56,105,161,107,46,12,36,73,347,OOR,1992
Cliff Levingston,PF,31,79,1020,125,251,0.498,1,6,0.167,124,245,0.506,0.5,60,96,0.625,109,118,227,66,27,45,42,134,311,OOR,1992
Reggie Lewis,SG,26,82,3070,703,1397,0.503,5,21,0.238,698,1376,0.507,0.505,292,343,0.851,117,277,394,185,125,105,136,258,1703,OOR,1992
Marcus Liberty,SF,23,75,1527,275,621,0.443,17,50,0.34,258,571,0.452,0.457,131,180,0.728,144,164,308,58,66,29,90,165,698,OOR,1992
Todd Lichti,SG,25,68,1176,173,376,0.46,1,9,0.111,172,367,0.469,0.461,99,118,0.839,36,82,118,74,43,12,72,131,446,OOR,1992
Alton Lister,C,33,26,293,44,79,0.557,0,0,0.0,44,79,0.557,0.557,14,33,0.424,21,71,92,14,5,16,20,61,102,OOR,1992
Brad Lohaus,PF,27,70,1081,162,360,0.45,57,144,0.396,105,216,0.486,0.529,27,41,0.659,65,184,249,74,40,71,46,144,408,OOR,1992
Grant Long,PF,25,82,3063,440,890,0.494,6,22,0.273,434,868,0.5,0.498,326,404,0.807,259,432,691,225,139,40,185,248,1212,OOR,1992
Luc Longley,C,23,66,991,114,249,0.458,0,0,0.0,114,249,0.458,0.458,53,80,0.663,67,190,257,53,35,64,83,157,281,OOR,1992
Kevin Lynch,SG,23,55,819,93,223,0.417,3,8,0.375,90,215,0.419,0.424,35,46,0.761,30,55,85,83,37,9,44,107,224,OOR,1992
Mark Macon,SG,22,76,2304,333,889,0.375,4,30,0.133,329,859,0.383,0.377,135,185,0.73,80,140,220,168,154,14,155,242,805,OOR,1992
Dan Majerle,SF,26,82,2853,551,1153,0.478,87,228,0.382,464,925,0.502,0.516,229,303,0.756,148,335,483,274,131,43,102,158,1418,OOR,1992
Jeff Malone,SG,30,81,2922,691,1353,0.511,1,12,0.083,690,1341,0.515,0.511,256,285,0.898,49,184,233,180,56,5,140,126,1639,OOR,1992
Karl Malone,PF,28,81,3054,798,1516,0.526,3,17,0.176,795,1499,0.53,0.527,673,865,0.778,225,684,909,241,108,51,248,226,2272,Candidate,1992
Moses Malone,C,36,82,2511,440,929,0.474,3,8,0.375,437,921,0.474,0.475,396,504,0.786,320,424,744,93,74,64,150,136,1279,OOR,1992
Danny Manning,PF,25,82,2904,650,1199,0.542,0,5,0.0,650,1194,0.544,0.542,279,385,0.725,229,335,564,285,135,122,210,293,1579,OOR,1992
Šarūnas Marčiulionis,SG,27,72,2117,491,912,0.538,3,10,0.3,488,902,0.541,0.54,376,477,0.788,68,140,208,243,116,10,193,237,1361,OOR,1992
Anthony Mason,PF,25,82,2198,203,399,0.509,0,0,0.0,203,399,0.509,0.509,167,260,0.642,216,357,573,106,46,20,101,229,573,OOR,1992
Tony Massenburg,PF,24,18,90,10,25,0.4,0,0,0.0,10,25,0.4,0.4,9,15,0.6,7,18,25,0,1,1,9,21,29,OOR,1992
Vernon Maxwell,SG,26,80,2700,502,1216,0.413,162,473,0.342,340,743,0.458,0.479,206,267,0.772,37,206,243,326,104,28,178,200,1372,OOR,1992
Tharon Mayes,SG,23,24,255,30,99,0.303,15,41,0.366,15,58,0.259,0.379,24,36,0.667,3,13,16,35,16,2,31,41,99,OOR,1992
Travis Mays,PG,23,2,32,6,14,0.429,3,6,0.5,3,8,0.375,0.536,2,2,1.0,1,1,2,1,0,0,3,4,17,OOR,1992
Bob McCann,SF,27,26,129,13,33,0.394,0,1,0.0,13,32,0.406,0.394,4,13,0.308,12,18,30,6,6,4,7,23,30,OOR,1992
George McCloud,SF,24,51,892,128,313,0.409,32,94,0.34,96,219,0.438,0.46,50,64,0.781,45,87,132,116,26,11,62,95,338,OOR,1992
Tim McCormick,C,29,22,108,14,33,0.424,0,0,0.0,14,33,0.424,0.424,14,21,0.667,14,20,34,9,2,0,8,18,42,OOR,1992
Rodney McCray,SF,30,75,2106,271,622,0.436,25,85,0.294,246,537,0.458,0.456,110,153,0.719,149,319,468,219,48,30,115,180,677,OOR,1992
Xavier McDaniel,SF,28,82,2344,488,1021,0.478,12,39,0.308,476,982,0.485,0.484,137,192,0.714,176,284,460,149,57,24,147,241,1125,OOR,1992
Kevin McHale,PF,34,56,1398,323,634,0.509,0,13,0.0,323,621,0.52,0.509,134,163,0.822,119,211,330,82,11,59,82,112,780,OOR,1992
Derrick McKey,SF,25,52,1757,285,604,0.472,19,50,0.38,266,554,0.48,0.488,188,222,0.847,95,173,268,120,61,47,114,142,777,OOR,1992
Carlton McKinney,SG,27,2,9,2,9,0.222,0,0,0.0,2,9,0.222,0.222,0,0,0.0,0,1,1,0,0,0,0,1,4,OOR,1992
Nate McMillan,PG,27,72,1652,177,405,0.437,27,98,0.276,150,307,0.489,0.47,54,84,0.643,92,160,252,359,129,29,112,218,435,OOR,1992
Reggie Miller,SG,26,82,3120,562,1121,0.501,129,341,0.378,433,780,0.555,0.559,442,515,0.858,82,236,318,314,105,26,157,210,1695,OOR,1992
Terry Mills,PF,24,82,1714,310,670,0.463,8,23,0.348,302,647,0.467,0.469,114,152,0.75,187,266,453,84,48,41,82,200,742,OOR,1992
Sam Mitchell,PF,28,82,2151,307,725,0.423,2,11,0.182,305,714,0.427,0.425,209,266,0.786,158,315,473,94,53,39,97,230,825,OOR,1992
Rodney Monroe,SG,23,38,313,53,144,0.368,6,27,0.222,47,117,0.402,0.389,19,23,0.826,12,21,33,27,12,2,23,19,131,OOR,1992
Tracy Moore,SF,26,42,782,130,325,0.4,30,84,0.357,100,241,0.415,0.446,65,78,0.833,31,51,82,48,32,4,44,97,355,OOR,1992
Chris Morris,SF,26,77,2394,346,726,0.477,22,110,0.2,324,616,0.526,0.492,165,231,0.714,199,295,494,197,129,81,171,211,879,OOR,1992
John Morton,SF-SG,24,25,270,36,93,0.387,2,16,0.125,34,77,0.442,0.398,32,38,0.842,6,20,26,32,13,1,28,23,106,OOR,1992
Chris Mullin,SF,28,81,3346,830,1584,0.524,64,175,0.366,766,1409,0.544,0.544,350,420,0.833,127,323,450,286,173,62,202,171,2074,OOR,1992
Eric Murdock,PG,23,50,478,76,183,0.415,5,26,0.192,71,157,0.452,0.429,46,61,0.754,21,33,54,92,30,7,50,52,203,OOR,1992
Tod Murphy,PF,28,47,429,39,80,0.488,1,2,0.5,38,78,0.487,0.494,19,34,0.559,36,74,110,11,9,8,18,40,98,OOR,1992
Jerrod Mustaf,PF,22,52,545,92,193,0.477,0,0,0.0,92,193,0.477,0.477,49,71,0.69,45,100,145,45,21,16,51,59,233,OOR,1992
Dikembe Mutombo,C,25,71,2716,428,869,0.493,0,0,0.0,428,869,0.493,0.493,321,500,0.642,316,554,870,156,43,210,252,273,1177,OOR,1992
Larry Nance,PF,32,81,2880,556,1032,0.539,0,6,0.0,556,1026,0.542,0.539,263,320,0.822,213,457,670,232,80,243,87,200,1375,OOR,1992
Ed Nealy,PF,31,52,505,62,121,0.512,20,50,0.4,42,71,0.592,0.595,16,24,0.667,25,86,111,37,16,2,17,45,160,OOR,1992
Chuck Nevitt,C,32,4,9,1,3,0.333,0,0,0.0,1,3,0.333,0.333,0,0,0.0,0,1,1,1,0,0,3,2,2,OOR,1992
Johnny Newman,SF,28,55,1651,295,618,0.477,13,46,0.283,282,572,0.493,0.488,236,308,0.766,71,108,179,146,70,14,129,181,839,OOR,1992
Ken Norman,SF,27,77,2009,402,821,0.49,4,28,0.143,398,793,0.502,0.492,121,226,0.535,158,290,448,125,53,66,100,145,929,OOR,1992
Charles Oakley,PF,28,82,2309,210,402,0.522,0,3,0.0,210,399,0.526,0.522,86,117,0.735,256,444,700,133,67,15,123,258,506,OOR,1992
Alan Ogg,C,24,43,367,46,84,0.548,0,0,0.0,46,84,0.548,0.548,16,30,0.533,30,44,74,7,5,28,19,73,108,OOR,1992
Hakeem Olajuwon,C,29,70,2636,591,1177,0.502,0,1,0.0,591,1176,0.503,0.502,328,428,0.766,246,599,845,157,127,304,187,263,1510,OOR,1992
Brian Oliver,SG,23,34,279,33,100,0.33,0,4,0.0,33,96,0.344,0.33,15,22,0.682,10,20,30,20,10,2,24,33,81,OOR,1992
Jimmy Oliver,SG,22,27,252,39,98,0.398,1,9,0.111,38,89,0.427,0.403,17,22,0.773,9,18,27,20,9,2,9,22,96,OOR,1992
Billy Owens,PF,22,80,2510,468,891,0.525,1,9,0.111,467,882,0.529,0.526,204,312,0.654,243,396,639,188,90,65,179,276,1141,OOR,1992
Keith Owens,SF,22,20,80,9,32,0.281,0,0,0.0,9,32,0.281,0.281,8,10,0.8,8,7,15,3,5,4,2,11,26,OOR,1992
Robert Pack,PG,22,72,894,115,272,0.423,0,10,0.0,115,262,0.439,0.423,102,127,0.803,32,65,97,140,40,4,92,101,332,OOR,1992
Robert Parish,C,38,79,2285,468,874,0.535,0,0,0.0,468,874,0.535,0.535,179,232,0.772,219,486,705,70,68,97,131,172,1115,OOR,1992
John Paxson,PG,31,79,1946,257,487,0.528,12,44,0.273,245,443,0.553,0.54,29,37,0.784,21,75,96,241,49,9,44,142,555,OOR,1992
Kenny Payne,SF,25,49,353,65,145,0.448,5,12,0.417,60,133,0.451,0.466,9,13,0.692,13,41,54,17,16,8,19,34,144,OOR,1992
Gary Payton,PG,23,81,2549,331,734,0.451,3,23,0.13,328,711,0.461,0.453,99,148,0.669,123,172,295,506,147,21,174,248,764,OOR,1992
Will Perdue,C,26,77,1007,152,278,0.547,1,2,0.5,151,276,0.547,0.549,45,91,0.495,108,204,312,80,16,43,72,133,350,OOR,1992
Sam Perkins,PF,30,63,2332,361,803,0.45,15,69,0.217,346,734,0.471,0.459,304,372,0.817,192,364,556,141,64,62,83,192,1041,OOR,1992
Elliot Perry,PG,22,50,437,49,129,0.38,1,7,0.143,48,122,0.393,0.384,27,41,0.659,14,25,39,78,34,3,50,36,126,OOR,1992
Tim Perry,PF,26,80,2483,413,789,0.523,3,8,0.375,410,781,0.525,0.525,153,215,0.712,204,347,551,134,44,116,141,237,982,OOR,1992
Chuck Person,SF,27,81,2923,616,1284,0.48,132,354,0.373,484,930,0.52,0.531,133,197,0.675,114,312,426,382,68,18,216,247,1497,OOR,1992
Jim Petersen,PF,29,27,169,18,40,0.45,0,2,0.0,18,38,0.474,0.45,7,10,0.7,12,33,45,9,5,6,5,35,43,OOR,1992
Dražen Petrović,SG,27,82,3027,668,1315,0.508,123,277,0.444,545,1038,0.525,0.555,232,287,0.808,97,161,258,252,105,11,215,248,1691,OOR,1992
Bobby Phills,SG,22,10,65,12,28,0.429,0,2,0.0,12,26,0.462,0.429,7,11,0.636,4,4,8,4,3,1,8,3,31,OOR,1992
Ricky Pierce,SG,32,78,2658,620,1306,0.475,33,123,0.268,587,1183,0.496,0.487,417,455,0.916,93,140,233,241,86,20,189,213,1690,OOR,1992
Ed Pinckney,PF,28,81,1917,203,378,0.537,0,1,0.0,203,377,0.538,0.537,207,255,0.812,252,312,564,62,70,56,73,158,613,OOR,1992
Scottie Pippen,SF,26,82,3164,687,1359,0.506,16,80,0.2,671,1279,0.525,0.511,330,434,0.76,185,445,630,572,155,93,253,242,1720,OOR,1992
Olden Polynice,C,27,76,1834,244,470,0.519,0,1,0.0,244,469,0.52,0.519,125,201,0.622,195,341,536,46,45,20,83,165,613,OOR,1992
Dave Popson,PF,27,5,26,3,7,0.429,0,1,0.0,3,6,0.5,0.429,1,2,0.5,2,3,5,3,2,1,4,5,7,OOR,1992
Terry Porter,PG,28,82,2784,521,1129,0.461,128,324,0.395,393,805,0.488,0.518,315,368,0.856,51,204,255,477,127,12,188,155,1485,OOR,1992
Paul Pressey,SG,33,56,759,60,161,0.373,3,21,0.143,57,140,0.407,0.382,28,41,0.683,22,73,95,142,29,19,64,86,151,OOR,1992
Mark Price,PG,27,72,2138,438,897,0.488,101,261,0.387,337,636,0.53,0.545,270,285,0.947,38,135,173,535,94,12,159,113,1247,OOR,1992
Kevin Pritchard,PG,24,11,136,16,34,0.471,0,3,0.0,16,31,0.516,0.471,14,18,0.778,1,10,11,30,3,4,11,17,46,OOR,1992
Brian Quinnett,SG,25,39,326,43,124,0.347,13,41,0.317,30,83,0.361,0.399,16,26,0.615,16,35,51,12,16,8,16,32,115,OOR,1992
Kurt Rambis,PF,33,28,381,38,82,0.463,0,0,0.0,38,82,0.463,0.463,14,18,0.778,23,83,106,37,12,14,25,46,90,OOR,1992
Mark Randall,PF,24,54,441,68,149,0.456,3,16,0.188,65,133,0.489,0.466,32,43,0.744,39,32,71,33,12,3,25,39,171,OOR,1992
Blair Rasmussen,C,29,81,1968,347,726,0.478,5,23,0.217,342,703,0.486,0.481,30,40,0.75,94,299,393,107,35,48,51,233,729,OOR,1992
J.R. Reid,C,23,51,1257,213,435,0.49,0,3,0.0,213,432,0.493,0.49,134,190,0.705,96,221,317,81,49,23,84,159,560,OOR,1992
Jerry Reynolds,SG,29,46,1159,197,518,0.38,3,24,0.125,194,494,0.393,0.383,158,189,0.836,47,102,149,151,63,17,96,69,555,OOR,1992
Glen Rice,SF,24,79,3007,672,1432,0.469,155,396,0.391,517,1036,0.499,0.523,266,318,0.836,84,310,394,184,90,35,145,170,1765,OOR,1992
Pooh Richardson,PG,25,82,2922,587,1261,0.466,53,155,0.342,534,1106,0.483,0.487,123,178,0.691,91,210,301,685,119,25,204,152,1350,OOR,1992
Mitch Richmond,SG,26,80,3095,685,1465,0.468,103,268,0.384,582,1197,0.486,0.503,330,406,0.813,62,257,319,411,92,34,247,231,1803,OOR,1992
David Rivers,PG,27,15,122,10,30,0.333,0,1,0.0,10,29,0.345,0.333,10,11,0.909,10,9,19,21,7,1,17,14,30,OOR,1992
Doc Rivers,PG,30,59,1657,226,533,0.424,26,92,0.283,200,441,0.454,0.448,163,196,0.832,23,124,147,233,111,19,92,166,641,OOR,1992
Fred Roberts,PF,31,80,1746,311,645,0.482,19,37,0.514,292,608,0.48,0.497,128,171,0.749,103,154,257,122,52,40,122,177,769,OOR,1992
Stanley Roberts,C,21,55,1118,236,446,0.529,0,1,0.0,236,445,0.53,0.529,101,196,0.515,113,223,336,39,22,83,78,221,573,OOR,1992
Alvin Robertson,SG,29,82,2463,396,922,0.43,67,210,0.319,329,712,0.462,0.466,151,198,0.763,175,175,350,360,210,32,223,263,1010,OOR,1992
Cliff Robinson,PF,31,9,78,11,27,0.407,0,1,0.0,11,26,0.423,0.407,7,8,0.875,7,12,19,9,5,0,7,4,29,OOR,1992
Clifford Robinson,SF,25,82,2124,398,854,0.466,1,11,0.091,397,843,0.471,0.467,219,330,0.664,140,276,416,137,85,107,154,274,1016,OOR,1992
David Robinson,C,26,68,2564,592,1074,0.551,1,8,0.125,591,1066,0.554,0.552,393,561,0.701,261,568,829,181,158,305,182,219,1578,Candidate,1992
Larry Robinson,SG,24,1,6,1,5,0.2,0,0,0.0,1,5,0.2,0.2,0,0,0.0,2,0,2,1,0,0,1,3,2,OOR,1992
Rumeal Robinson,PG,25,81,2220,423,928,0.456,34,104,0.327,389,824,0.472,0.474,175,275,0.636,64,155,219,446,105,24,206,178,1055,OOR,1992
Dennis Rodman,PF,30,82,3301,342,635,0.539,32,101,0.317,310,534,0.581,0.564,84,140,0.6,523,1007,1530,191,68,70,140,248,800,OOR,1992
Tree Rollins,C,36,59,697,46,86,0.535,0,0,0.0,46,86,0.535,0.535,26,30,0.867,61,110,171,15,14,62,18,85,118,OOR,1992
Donald Royal,SF,25,60,718,80,178,0.449,0,0,0.0,80,178,0.449,0.449,92,133,0.692,65,59,124,34,25,7,39,73,252,OOR,1992
Delaney Rudd,SG,29,65,538,75,188,0.399,11,47,0.234,64,141,0.454,0.428,32,42,0.762,15,39,54,109,15,1,49,64,193,OOR,1992
Jeff Ruland,C,33,13,209,20,38,0.526,0,0,0.0,20,38,0.526,0.526,11,16,0.688,16,31,47,5,7,4,20,45,51,OOR,1992
John Salley,PF,27,72,1774,249,486,0.512,0,3,0.0,249,483,0.516,0.512,186,260,0.715,106,190,296,116,49,110,102,222,684,OOR,1992
Ralph Sampson,C,31,10,108,9,29,0.31,0,2,0.0,9,27,0.333,0.31,4,6,0.667,11,19,30,4,3,8,10,14,22,OOR,1992
Jeff Sanders,SF,26,12,117,20,45,0.444,0,0,0.0,20,45,0.444,0.444,7,9,0.778,9,17,26,9,5,3,5,15,47,OOR,1992
Mike Sanders,SF,31,31,633,92,161,0.571,1,3,0.333,91,158,0.576,0.575,36,47,0.766,27,69,96,53,24,10,22,83,221,OOR,1992
Danny Schayes,C,32,43,726,83,199,0.417,0,0,0.0,83,199,0.417,0.417,74,96,0.771,58,110,168,34,19,19,41,98,240,OOR,1992
Steve Scheffler,C,24,11,61,6,9,0.667,0,0,0.0,6,9,0.667,0.667,9,12,0.75,10,4,14,0,3,1,1,10,21,OOR,1992
Dwayne Schintzius,C,23,33,400,50,117,0.427,0,4,0.0,50,113,0.442,0.427,10,12,0.833,43,75,118,20,6,28,19,67,110,OOR,1992
Detlef Schrempf,PF,29,80,2605,496,925,0.536,23,71,0.324,473,854,0.554,0.549,365,441,0.828,202,568,770,312,62,37,191,286,1380,OOR,1992
Byron Scott,SG,30,82,2679,460,1005,0.458,54,157,0.344,406,848,0.479,0.485,244,291,0.838,74,236,310,226,105,28,119,140,1218,OOR,1992
Dennis Scott,SF,23,18,608,133,331,0.402,29,89,0.326,104,242,0.43,0.446,64,71,0.901,14,52,66,35,20,9,31,49,359,OOR,1992
Rony Seikaly,C,26,79,2800,463,947,0.489,0,3,0.0,463,944,0.49,0.489,370,505,0.733,307,627,934,109,40,121,216,278,1296,OOR,1992
Brad Sellers,PF,29,43,226,41,88,0.466,0,1,0.0,41,87,0.471,0.466,20,26,0.769,15,27,42,14,1,10,15,20,102,OOR,1992
Charles Shackleford,C,25,72,1399,205,422,0.486,0,1,0.0,205,421,0.487,0.486,63,95,0.663,145,270,415,46,38,51,62,205,473,OOR,1992
Brian Shaw,PG,25,63,1423,209,513,0.407,5,23,0.217,204,490,0.416,0.412,72,91,0.791,50,154,204,250,57,22,99,115,495,OOR,1992
Lionel Simmons,SF,23,78,2895,527,1162,0.454,1,5,0.2,526,1157,0.455,0.454,281,365,0.77,149,485,634,337,135,132,218,205,1336,OOR,1992
Scott Skiles,PG,27,75,2377,359,868,0.414,91,250,0.364,268,618,0.434,0.466,248,277,0.895,36,166,202,544,74,5,233,188,1057,OOR,1992
Charles Smith,SF,26,49,1310,251,539,0.466,0,6,0.0,251,533,0.471,0.466,212,270,0.785,95,206,301,56,41,98,69,159,714,OOR,1992
Doug Smith,PF,22,76,1707,291,702,0.415,0,11,0.0,291,691,0.421,0.415,89,121,0.736,129,262,391,129,62,34,97,259,671,OOR,1992
Kenny Smith,PG,26,81,2735,432,910,0.475,54,137,0.394,378,773,0.489,0.504,219,253,0.866,34,143,177,562,104,7,227,112,1137,OOR,1992
LaBradford Smith,SG,22,48,708,100,246,0.407,2,21,0.095,98,225,0.436,0.411,45,56,0.804,30,51,81,99,44,1,63,98,247,OOR,1992
Larry Smith,PF,34,45,800,50,92,0.543,0,1,0.0,50,91,0.549,0.543,4,11,0.364,107,149,256,33,21,7,44,121,104,OOR,1992
Otis Smith,SG,28,55,877,116,318,0.365,8,21,0.381,108,297,0.364,0.377,70,91,0.769,40,76,116,57,36,13,62,85,310,OOR,1992
Steve Smith,SG,22,61,1806,297,654,0.454,40,125,0.32,257,529,0.486,0.485,95,127,0.748,81,107,188,278,59,19,152,162,729,OOR,1992
Tony Smith,PG,23,63,820,113,283,0.399,0,11,0.0,113,272,0.415,0.399,49,75,0.653,31,45,76,109,39,8,50,91,275,OOR,1992
Rik Smits,C,25,74,1772,436,855,0.51,0,2,0.0,436,853,0.511,0.51,152,193,0.788,124,293,417,116,29,100,130,231,1024,OOR,1992
Mike Smrek,C,29,2,3,0,0,0.0,0,0,0.0,0,0,0.0,0.0,0,0,0.0,0,1,1,0,0,0,0,0,0,OOR,1992
Rory Sparrow,PG,33,46,489,58,151,0.384,3,15,0.2,55,136,0.404,0.394,8,13,0.615,3,25,28,83,12,5,33,57,127,OOR,1992
Felton Spencer,C,24,61,1481,141,331,0.426,0,0,0.0,141,331,0.426,0.426,123,178,0.691,167,268,435,53,27,79,70,241,405,OOR,1992
John Starks,SG,26,82,2118,405,902,0.449,94,270,0.348,311,632,0.492,0.501,235,302,0.778,45,146,191,276,103,18,150,231,1139,OOR,1992
Larry Stewart,PF,23,76,2229,303,590,0.514,0,3,0.0,303,587,0.516,0.514,188,233,0.807,186,263,449,120,51,44,112,225,794,OOR,1992
John Stockton,PG,29,82,3002,453,939,0.482,83,204,0.407,370,735,0.503,0.527,308,366,0.842,68,202,270,1126,244,22,286,234,1297,OOR,1992
Rod Strickland,PG,25,57,2053,300,659,0.455,5,15,0.333,295,644,0.458,0.459,182,265,0.687,92,173,265,491,118,17,160,122,787,OOR,1992
Derek Strong,PF,23,1,12,0,4,0.0,0,0,0.0,0,4,0.0,0.0,3,4,0.75,1,4,5,1,0,0,1,1,3,OOR,1992
Lamont Strothers,SG,23,4,17,4,12,0.333,0,2,0.0,4,10,0.4,0.333,2,4,0.5,1,0,1,1,1,1,2,2,10,OOR,1992
Jon Sundvold,PG,30,3,8,1,3,0.333,1,1,1.0,0,2,0.0,0.5,0,0,0.0,0,0,0,2,0,0,0,2,3,OOR,1992
Greg Sutton,PG,24,67,601,93,240,0.388,26,89,0.292,67,151,0.444,0.442,34,45,0.756,6,41,47,91,26,9,70,111,246,OOR,1992
Terry Teagle,SG,31,82,1602,364,805,0.452,1,4,0.25,363,801,0.453,0.453,151,197,0.766,91,92,183,113,66,9,114,148,880,OOR,1992
Carl Thomas,SG,22,1,31,5,12,0.417,1,2,0.5,4,10,0.4,0.458,1,2,0.5,0,0,0,1,1,0,1,3,12,OOR,1992
Charles Thomas,SG,22,36,156,18,51,0.353,2,17,0.118,16,34,0.471,0.373,10,15,0.667,6,16,22,22,4,1,17,20,48,OOR,1992
Isiah Thomas,PG,30,78,2918,564,1264,0.446,25,86,0.291,539,1178,0.458,0.456,292,378,0.772,68,179,247,560,118,15,252,194,1445,OOR,1992
Billy Thompson,SF,28,1,1,0,0,0.0,0,0,0.0,0,0,0.0,0.0,0,0,0.0,0,0,0,0,0,0,0,0,0,OOR,1992
LaSalle Thompson,C,30,80,1299,168,359,0.468,0,2,0.0,168,357,0.471,0.468,58,71,0.817,98,283,381,102,52,34,98,207,394,OOR,1992
Stephen Thompson,SG,23,19,91,14,37,0.378,0,1,0.0,14,36,0.389,0.378,3,8,0.375,11,8,19,8,6,3,5,9,31,OOR,1992
Bob Thornton,PF,29,2,6,1,7,0.143,0,0,0.0,1,7,0.143,0.143,2,2,1.0,2,0,2,0,0,0,0,1,4,OOR,1992
Otis Thorpe,PF,29,82,3056,558,943,0.592,0,7,0.0,558,936,0.596,0.592,304,463,0.657,285,577,862,250,52,37,237,307,1420,OOR,1992
Sedale Threatt,PG,30,82,3070,509,1041,0.489,20,62,0.323,489,979,0.499,0.499,202,243,0.831,43,210,253,593,168,16,182,231,1240,OOR,1992
Wayman Tisdale,PF,27,72,2521,522,1043,0.5,0,2,0.0,522,1041,0.501,0.5,151,198,0.763,135,334,469,106,55,79,124,248,1195,OOR,1992
Tom Tolbert,PF,26,35,310,33,86,0.384,2,8,0.25,31,78,0.397,0.395,22,40,0.55,14,41,55,21,10,6,20,73,90,OOR,1992
Trent Tucker,SG,32,24,415,60,129,0.465,19,48,0.396,41,81,0.506,0.539,16,20,0.8,8,29,37,27,21,3,14,39,155,OOR,1992
Andre Turner,PG,27,70,871,111,261,0.425,1,16,0.063,110,245,0.449,0.427,61,77,0.792,17,73,90,177,57,2,84,59,284,OOR,1992
Jeff Turner,SF,29,75,1591,225,499,0.451,1,8,0.125,224,491,0.456,0.452,79,114,0.693,62,184,246,92,24,16,106,229,530,OOR,1992
John Turner,SF,24,42,345,43,98,0.439,0,0,0.0,43,98,0.439,0.439,31,59,0.525,38,40,78,12,6,4,32,40,117,OOR,1992
Kiki Vandeweghe,SF,33,67,956,188,383,0.491,26,66,0.394,162,317,0.511,0.525,65,81,0.802,31,57,88,57,15,8,27,87,467,OOR,1992
Loy Vaught,PF,23,79,1687,271,551,0.492,4,5,0.8,267,546,0.489,0.495,55,69,0.797,160,352,512,71,37,31,66,165,601,OOR,1992
João Vianna,SF,25,1,9,1,2,0.5,0,0,0.0,1,2,0.5,0.5,0,0,0.0,0,0,0,2,0,0,1,3,2,OOR,1992
Sam Vincent,PG,28,39,885,150,349,0.43,1,13,0.077,149,336,0.443,0.431,110,130,0.846,19,82,101,148,35,4,72,55,411,OOR,1992
Alexander Volkov,C,27,77,1516,251,569,0.441,35,110,0.318,216,459,0.471,0.472,125,198,0.631,103,162,265,250,66,30,102,178,662,OOR,1992
Stojko Vranković,C,28,19,110,15,32,0.469,0,0,0.0,15,32,0.469,0.469,7,12,0.583,8,20,28,5,0,17,10,22,37,OOR,1992
Darrell Walker,SG,30,74,1541,161,381,0.423,0,10,0.0,161,371,0.434,0.423,65,105,0.619,85,153,238,205,63,18,79,134,387,OOR,1992
Spud Webb,PG,28,77,2724,448,1006,0.445,73,199,0.367,375,807,0.465,0.482,262,305,0.859,30,193,223,547,125,24,229,193,1231,OOR,1992
Doug West,SG,24,80,2540,463,894,0.518,4,23,0.174,459,871,0.527,0.52,186,231,0.805,107,150,257,281,66,26,120,239,1116,OOR,1992
Mark West,C,31,82,1436,196,310,0.632,0,0,0.0,196,310,0.632,0.632,109,171,0.637,134,238,372,22,14,81,82,239,501,OOR,1992
Ennis Whatley,PG,29,23,209,21,51,0.412,0,4,0.0,21,47,0.447,0.412,27,31,0.871,6,15,21,34,14,3,14,12,69,OOR,1992
Randy White,PF,24,65,1021,145,382,0.38,4,27,0.148,141,355,0.397,0.385,124,162,0.765,96,140,236,31,31,22,68,157,418,OOR,1992
Mitchell Wiggins,SG,32,49,569,88,229,0.384,0,1,0.0,88,228,0.386,0.384,35,51,0.686,43,51,94,22,20,1,25,67,211,OOR,1992
Morlon Wiley,PG,25,53,870,83,193,0.43,14,42,0.333,69,151,0.457,0.466,24,35,0.686,24,57,81,180,47,3,60,89,204,OOR,1992
Dominique Wilkins,SF,32,42,1601,424,914,0.464,37,128,0.289,387,786,0.492,0.484,294,352,0.835,103,192,295,158,52,24,122,77,1179,OOR,1992
Gerald Wilkins,SG,28,82,2344,431,964,0.447,38,108,0.352,393,856,0.459,0.467,116,159,0.73,74,132,206,219,76,17,113,195,1016,OOR,1992
Buck Williams,PF,31,80,2519,340,563,0.604,0,1,0.0,340,562,0.605,0.604,221,293,0.754,260,444,704,108,62,41,130,244,901,OOR,1992
Herb Williams,C,33,75,2040,367,851,0.431,1,6,0.167,366,845,0.433,0.432,124,171,0.725,106,348,454,94,35,98,114,189,859,OOR,1992
Hot Rod Williams,C,29,80,2432,341,678,0.503,0,4,0.0,341,674,0.506,0.503,270,359,0.752,228,379,607,196,60,182,83,191,952,OOR,1992
Jayson Williams,PF,23,50,646,75,206,0.364,0,0,0.0,75,206,0.364,0.364,56,88,0.636,62,83,145,12,20,20,44,110,206,OOR,1992
Kenny Williams,SF,22,60,565,113,218,0.518,0,4,0.0,113,214,0.528,0.518,26,43,0.605,64,65,129,40,20,41,22,99,252,OOR,1992
Micheal Williams,PG,25,79,2750,404,824,0.49,8,33,0.242,396,791,0.501,0.495,372,427,0.871,73,209,282,647,233,22,240,262,1188,OOR,1992
Reggie Williams,SF,27,81,2623,601,1277,0.471,56,156,0.359,545,1121,0.486,0.493,216,269,0.803,145,260,405,235,148,68,173,270,1474,OOR,1992
Scott Williams,PF,23,63,690,83,172,0.483,0,3,0.0,83,169,0.491,0.483,48,74,0.649,90,157,247,50,13,36,35,122,214,OOR,1992
Kevin Willis,PF,29,81,2962,591,1224,0.483,6,37,0.162,585,1187,0.493,0.485,292,363,0.804,418,840,1258,173,72,54,197,223,1480,OOR,1992
Kennard Winchester,SF-SG,25,19,81,13,30,0.433,1,2,0.5,12,28,0.429,0.45,8,10,0.8,6,9,15,8,2,2,2,5,35,OOR,1992
David Wingate,SG,28,81,2127,266,572,0.465,1,18,0.056,265,554,0.478,0.466,105,146,0.719,80,189,269,247,123,21,124,162,638,OOR,1992
Randy Wittman,SG,32,24,115,8,19,0.421,0,0,0.0,8,19,0.421,0.421,1,2,0.5,1,8,9,11,2,0,3,4,17,OOR,1992
Joe Wolf,C,27,67,1160,100,277,0.361,1,11,0.091,99,266,0.372,0.363,53,66,0.803,97,143,240,61,32,14,60,124,254,OOR,1992
Orlando Woolridge,SF,32,82,2113,452,907,0.498,1,9,0.111,451,898,0.502,0.499,241,353,0.683,109,151,260,88,41,33,133,154,1146,OOR,1992
James Worthy,SF,30,54,2108,450,1007,0.447,9,43,0.209,441,964,0.457,0.451,166,204,0.814,98,207,305,252,76,23,127,89,1075,OOR,1992
Danny Young,PG,29,62,1023,100,255,0.392,23,70,0.329,77,185,0.416,0.437,57,67,0.851,16,59,75,172,46,4,47,53,280,OOR,1992
