Player,Pos,Age,G,MP,FG,FGA,FG%,3P,3PA,3P%,2P,2PA,2P%,eFG%,FT,FTA,FT%,ORB,DRB,TRB,AST,STL,BLK,TOV,PF,PTS,Status
Alaa Abdelnaby,PF,24,75,1311,245,473,0.518,0,1,0.0,245,472,0.519,0.518,88,116,0.759,126,211,337,27,25,26,97,189,578,OOR
Mahmoud Abdul-Rauf,PG,23,81,2710,633,1407,0.45,70,197,0.355,563,1210,0.465,0.475,217,232,0.935,51,174,225,344,84,8,187,179,1553,OOR
Mark Acres,C,30,18,269,26,49,0.531,1,2,0.5,25,47,0.532,0.541,11,16,0.688,26,41,67,5,3,6,13,34,64,OOR
Michael Adams,PG,30,70,2499,365,831,0.439,68,212,0.321,297,619,0.48,0.48,237,277,0.856,52,188,240,526,100,4,175,146,1035,OOR
Rafael Addison,SF,28,68,1164,182,411,0.443,7,34,0.206,175,377,0.464,0.451,57,70,0.814,45,87,132,53,23,11,64,125,428,OOR
Mark Aguirre,SF,33,51,1056,187,422,0.443,30,83,0.361,157,339,0.463,0.479,99,129,0.767,43,109,152,105,16,7,68,101,503,OOR
Danny Ainge,SG,33,80,2163,337,730,0.462,150,372,0.403,187,358,0.522,0.564,123,145,0.848,49,165,214,260,69,8,113,175,947,OOR
Victor Alexander,C,23,72,1753,344,667,0.516,10,22,0.455,334,645,0.518,0.523,111,162,0.685,132,288,420,93,34,53,120,218,809,OOR
Eric Anderson,PF,22,16,44,5,18,0.278,0,0,0.0,5,18,0.278,0.278,11,13,0.846,6,8,14,3,3,1,5,14,21,OOR
Kenny Anderson,PG,22,55,2010,370,850,0.435,7,25,0.28,363,825,0.44,0.439,180,232,0.776,51,175,226,449,96,11,153,140,927,OOR
Nick Anderson,SG,25,79,2920,594,1324,0.449,88,249,0.353,506,1075,0.471,0.482,298,402,0.741,122,355,477,265,128,56,164,200,1574,OOR
Ron Anderson,SF,34,69,1263,225,544,0.414,39,120,0.325,186,424,0.439,0.449,72,89,0.809,62,122,184,93,31,5,63,75,561,OOR
Willie Anderson,SG,26,38,560,80,186,0.43,1,8,0.125,79,178,0.444,0.433,22,28,0.786,7,50,57,79,14,6,44,52,183,OOR
Greg Anthony,PG,25,70,1699,174,419,0.415,4,30,0.133,170,389,0.437,0.42,107,159,0.673,42,128,170,398,113,12,104,141,459,OOR
B.J. Armstrong,PG,25,82,2492,408,818,0.499,63,139,0.453,345,679,0.508,0.537,130,151,0.861,27,122,149,330,66,6,83,169,1009,OOR
Vincent Askew,SG,26,73,1129,152,309,0.492,2,6,0.333,150,303,0.495,0.495,105,149,0.705,62,99,161,122,40,19,69,135,411,OOR
Keith Askins,SF,25,69,935,88,213,0.413,22,65,0.338,66,148,0.446,0.465,29,40,0.725,74,124,198,31,31,29,37,141,227,OOR
Stacey Augmon,SG,24,73,2112,397,792,0.501,0,4,0.0,397,788,0.504,0.501,227,307,0.739,141,146,287,170,91,18,157,141,1021,OOR
Isaac Austin,C,23,46,306,50,112,0.446,0,1,0.0,50,111,0.45,0.446,29,44,0.659,38,41,79,6,8,14,23,60,129,OOR
Anthony Avent,PF,23,82,2285,347,802,0.433,0,2,0.0,347,800,0.434,0.433,112,172,0.651,180,332,512,91,57,73,140,237,806,OOR
John Bagley,PG,32,10,97,9,25,0.36,0,1,0.0,9,24,0.375,0.36,5,6,0.833,1,6,7,20,2,0,17,11,23,OOR
Thurl Bailey,PF,31,70,1276,203,446,0.455,0,0,0.0,203,446,0.455,0.455,119,142,0.838,53,162,215,61,20,47,60,88,525,OOR
Steve Bardo,SG,24,23,175,19,62,0.306,1,6,0.167,18,56,0.321,0.315,12,17,0.706,10,27,37,29,8,3,17,28,51,OOR
Charles Barkley,PF,29,76,2859,716,1376,0.52,67,220,0.305,649,1156,0.561,0.545,445,582,0.765,237,691,928,385,119,74,233,196,1944,MVP
Dana Barros,PG,25,69,1243,214,474,0.451,64,169,0.379,150,305,0.492,0.519,49,59,0.831,18,89,107,151,63,3,58,78,541,OOR
Jon Barry,SG,23,47,552,76,206,0.369,21,63,0.333,55,143,0.385,0.42,33,49,0.673,10,33,43,68,35,3,42,57,206,OOR
John Battle,SG,30,41,497,83,200,0.415,1,6,0.167,82,194,0.423,0.418,56,72,0.778,4,25,29,54,9,5,22,39,223,OOR
Kenny Battle,SG,28,3,29,6,13,0.462,0,1,0.0,6,12,0.5,0.462,2,2,1.0,7,4,11,2,1,0,2,2,14,OOR
William Bedford,C,29,16,66,9,27,0.333,1,1,1.0,8,26,0.308,0.352,6,12,0.5,1,9,10,0,0,1,1,15,25,OOR
Benoit Benjamin,C,28,59,754,133,271,0.491,0,0,0.0,133,271,0.491,0.491,69,104,0.663,51,158,209,22,31,48,78,134,335,OOR
Tony Bennett,PG,23,75,857,110,260,0.423,26,80,0.325,84,180,0.467,0.473,30,41,0.732,12,51,63,136,30,0,50,110,276,OOR
David Benoit,SF,24,82,1712,258,592,0.436,34,98,0.347,224,494,0.453,0.465,114,152,0.75,116,276,392,43,45,43,90,201,664,OOR
Rolando Blackman,SG,33,60,1434,239,539,0.443,31,73,0.425,208,466,0.446,0.472,71,90,0.789,23,79,102,157,22,10,65,129,580,OOR
Alex Blackwell,SF,22,27,109,14,42,0.333,0,3,0.0,14,39,0.359,0.333,6,8,0.75,10,13,23,7,4,2,5,14,34,OOR
Lance Blanks,SG,26,61,642,65,150,0.433,11,43,0.256,54,107,0.505,0.47,20,32,0.625,18,50,68,72,16,5,31,61,161,OOR
Ricky Blanton,SF,26,2,13,3,7,0.429,0,0,0.0,3,7,0.429,0.429,0,0,0.0,2,1,3,1,2,0,1,1,6,OOR
Mookie Blaylock,PG,25,80,2820,414,964,0.429,118,315,0.375,296,649,0.456,0.491,123,169,0.728,89,191,280,671,203,23,187,156,1069,OOR
Muggsy Bogues,PG,28,81,2833,331,730,0.453,6,26,0.231,325,704,0.462,0.458,140,168,0.833,51,247,298,711,161,5,154,179,808,OOR
Manute Bol,C,30,58,855,52,127,0.409,10,32,0.313,42,95,0.442,0.449,12,19,0.632,44,149,193,18,14,119,50,87,126,OOR
Walter Bond,SG,23,74,1578,227,565,0.402,7,42,0.167,220,523,0.421,0.408,129,167,0.772,52,144,196,122,75,18,112,223,590,OOR
Anthony Bonner,PF,24,70,1764,229,497,0.461,0,7,0.0,229,490,0.467,0.461,143,241,0.593,188,267,455,96,86,17,105,183,601,OOR
Anthony Bowie,SG,29,77,1761,268,569,0.471,15,48,0.313,253,521,0.486,0.484,67,84,0.798,36,158,194,175,54,14,84,131,618,OOR
Sam Bowie,C,31,79,2092,287,638,0.45,2,6,0.333,285,632,0.451,0.451,141,181,0.779,158,398,556,127,32,128,120,226,717,OOR
Terrell Brandon,PG,22,82,1622,297,621,0.478,13,42,0.31,284,579,0.491,0.489,118,143,0.825,37,142,179,302,79,27,107,122,725,OOR
Randy Breuer,C,32,12,107,15,31,0.484,0,0,0.0,15,31,0.484,0.484,2,5,0.4,10,18,28,6,2,3,5,12,32,OOR
Frank Brickowski,C,33,66,2075,456,836,0.545,8,26,0.308,448,810,0.553,0.55,195,268,0.728,120,285,405,196,80,44,202,235,1115,OOR
Kevin Brooks,SF,23,55,571,93,233,0.399,6,26,0.231,87,207,0.42,0.412,35,40,0.875,22,59,81,34,10,2,39,46,227,OOR
Scott Brooks,PG,27,82,1516,183,385,0.475,41,99,0.414,142,286,0.497,0.529,112,135,0.83,22,77,99,243,79,3,72,136,519,OOR
Chucky Brown,SF,24,77,1186,160,331,0.483,0,5,0.0,160,326,0.491,0.483,71,98,0.724,88,144,232,51,20,24,56,112,391,OOR
Dee Brown,PG,24,80,2254,328,701,0.468,26,82,0.317,302,619,0.488,0.486,192,242,0.793,45,201,246,461,138,32,136,203,874,OOR
Mike Brown,C,29,82,1551,176,409,0.43,0,1,0.0,176,408,0.431,0.43,113,164,0.689,147,244,391,64,32,23,95,190,465,OOR
Randy Brown,PG,24,75,1726,225,486,0.463,2,6,0.333,223,480,0.465,0.465,115,157,0.732,75,137,212,196,108,34,120,206,567,OOR
Mark Bryant,C,27,80,1396,186,370,0.503,0,1,0.0,186,369,0.504,0.503,104,148,0.703,132,192,324,41,37,23,65,226,476,OOR
Jud Buechler,SF,24,70,1287,176,403,0.437,20,59,0.339,156,344,0.453,0.462,65,87,0.747,81,114,195,94,47,19,55,98,437,OOR
Matt Bullard,PF,25,79,1356,213,494,0.431,91,243,0.374,122,251,0.486,0.523,58,74,0.784,66,156,222,110,30,11,57,129,575,OOR
Willie Burton,SF,24,26,451,54,141,0.383,5,15,0.333,49,126,0.389,0.401,91,127,0.717,22,48,70,16,13,16,50,58,204,OOR
Steve Burtt,SG,30,4,35,10,26,0.385,1,3,0.333,9,23,0.391,0.404,8,10,0.8,2,1,3,6,2,0,4,5,29,OOR
Michael Cage,C,31,82,2156,219,416,0.526,0,1,0.0,219,415,0.528,0.526,61,130,0.469,268,391,659,69,76,46,59,183,499,OOR
Dexter Cambridge,SF,23,53,885,151,312,0.484,0,4,0.0,151,308,0.49,0.484,68,99,0.687,88,79,167,58,24,6,63,128,370,OOR
Elden Campbell,PF,24,79,1551,238,520,0.458,0,3,0.0,238,517,0.46,0.458,130,204,0.637,127,205,332,48,59,100,69,165,606,OOR
Tony Campbell,SF,30,58,1062,194,396,0.49,2,5,0.4,192,391,0.491,0.492,59,87,0.678,59,96,155,62,34,5,51,150,449,OOR
Antoine Carr,PF,31,71,1947,379,705,0.538,0,5,0.0,379,700,0.541,0.538,174,224,0.777,107,281,388,97,35,87,96,264,932,OOR
Bill Cartwright,C,35,63,1253,141,343,0.411,0,0,0.0,141,343,0.411,0.411,72,98,0.735,83,150,233,83,20,10,62,154,354,OOR
Terry Catledge,PF,29,21,262,36,73,0.493,0,0,0.0,36,73,0.493,0.493,27,34,0.794,18,28,46,5,4,1,25,31,99,OOR
Duane Causwell,C,24,55,1211,175,321,0.545,0,1,0.0,175,320,0.547,0.545,103,165,0.624,112,191,303,35,32,87,58,192,453,OOR
Cedric Ceballos,SF,23,74,1607,381,662,0.576,0,2,0.0,381,660,0.577,0.576,187,258,0.725,172,236,408,77,54,28,106,103,949,OOR
Tom Chambers,PF,33,73,1723,320,716,0.447,11,28,0.393,309,688,0.449,0.455,241,288,0.837,96,249,345,101,43,23,92,212,892,OOR
Rex Chapman,SG,25,60,1300,287,602,0.477,43,116,0.371,244,486,0.502,0.512,132,163,0.81,19,69,88,116,38,10,79,119,749,OOR
Maurice Cheeks,PG,36,35,510,51,93,0.548,0,2,0.0,51,91,0.56,0.548,24,27,0.889,5,37,42,107,33,2,33,35,126,OOR
Pete Chilcutt,PF,24,59,834,165,340,0.485,0,0,0.0,165,340,0.485,0.485,32,46,0.696,80,114,194,64,22,21,54,102,362,OOR
Doug Christie,SG,22,23,332,45,106,0.425,2,12,0.167,43,94,0.457,0.434,50,66,0.758,24,27,51,53,22,5,50,53,142,OOR
Derrick Coleman,PF,25,76,2759,564,1226,0.46,23,99,0.232,541,1127,0.48,0.469,421,521,0.808,247,605,852,276,92,126,243,210,1572,OOR
Bimbo Coles,PG,24,81,2232,318,686,0.464,42,137,0.307,276,549,0.503,0.494,177,220,0.805,58,108,166,373,80,11,108,199,855,OOR
Marty Conlon,C,25,46,467,81,171,0.474,0,4,0.0,81,167,0.485,0.474,57,81,0.704,48,75,123,37,13,5,28,43,219,OOR
Lester Conner,PG,33,31,422,28,62,0.452,0,0,0.0,28,62,0.452,0.452,18,19,0.947,16,33,49,65,34,4,21,39,74,OOR
Duane Cooper,PG,23,65,645,62,158,0.392,7,30,0.233,55,128,0.43,0.415,25,35,0.714,13,37,50,150,18,2,69,66,156,OOR
Tyrone Corbin,SF,30,82,2555,385,766,0.503,0,5,0.0,385,761,0.506,0.503,180,218,0.826,194,325,519,173,108,32,108,252,950,OOR
Chris Corchiani,PG,24,10,105,14,24,0.583,0,3,0.0,14,21,0.667,0.583,16,21,0.762,1,6,7,16,6,0,8,18,44,OOR
Joe Courtney,PF,23,12,104,13,32,0.406,0,0,0.0,13,32,0.406,0.406,7,9,0.778,4,15,19,3,5,5,6,17,33,OOR
John Crotty,PG,23,40,243,37,72,0.514,2,14,0.143,35,58,0.603,0.528,26,38,0.684,4,13,17,55,11,0,30,29,102,OOR
Terry Cummings,PF,31,8,76,11,29,0.379,0,0,0.0,11,29,0.379,0.379,5,10,0.5,6,13,19,4,1,1,2,17,27,OOR
Radisav Ćurčić,C,27,20,166,16,41,0.39,0,0,0.0,16,41,0.39,0.39,26,36,0.722,17,32,49,12,7,2,8,30,58,OOR
Dell Curry,SG,28,80,2094,498,1102,0.452,95,237,0.401,403,865,0.466,0.495,136,157,0.866,51,235,286,180,87,23,129,150,1227,OOR
Lloyd Daniels,SG,25,77,1573,285,644,0.443,59,177,0.333,226,467,0.484,0.488,72,99,0.727,86,130,216,148,38,30,102,144,701,OOR
Brad Daugherty,C,27,71,2691,520,911,0.571,1,2,0.5,519,909,0.571,0.571,391,492,0.795,164,562,726,312,53,56,150,174,1432,OOR
Dale Davis,PF,23,82,2264,304,535,0.568,0,0,0.0,304,535,0.568,0.568,119,225,0.529,291,432,723,69,63,148,79,274,727,OOR
Hubert Davis,SG,22,50,815,110,251,0.438,6,19,0.316,104,232,0.448,0.45,43,54,0.796,13,43,56,83,22,4,45,71,269,OOR
Terry Davis,PF,25,75,2462,393,863,0.455,2,8,0.25,391,855,0.457,0.457,167,281,0.594,259,442,701,68,36,28,160,199,955,OOR
Johnny Dawkins,PG,29,74,1598,258,590,0.437,26,84,0.31,232,506,0.458,0.459,113,142,0.796,33,103,136,339,80,4,121,91,655,OOR
Todd Day,SG,23,71,1931,358,828,0.432,54,184,0.293,304,644,0.472,0.465,213,297,0.717,144,147,291,117,75,48,118,222,983,OOR
Vinny Del Negro,PG,26,73,1526,218,430,0.507,6,24,0.25,212,406,0.522,0.514,101,117,0.863,19,144,163,291,44,1,92,146,543,OOR
Bison Dele,PF,23,21,240,40,78,0.513,0,1,0.0,40,77,0.519,0.513,16,20,0.8,24,32,56,5,14,17,25,48,96,OOR
Vlade Divac,C,24,82,2525,397,819,0.485,21,75,0.28,376,744,0.505,0.498,235,341,0.689,220,509,729,232,128,140,214,311,1050,OOR
James Donaldson,C,35,6,94,8,14,0.571,0,0,0.0,8,14,0.571,0.571,5,9,0.556,6,23,29,1,1,7,4,13,21,OOR
Sherman Douglas,PG,26,79,1932,264,530,0.498,6,29,0.207,258,501,0.515,0.504,84,150,0.56,65,97,162,508,49,10,161,166,618,OOR
Greg Dreiling,C,30,43,239,19,58,0.328,0,4,0.0,19,54,0.352,0.328,8,15,0.533,26,40,66,8,5,8,9,60,46,OOR
Clyde Drexler,SG,30,49,1671,350,816,0.429,31,133,0.233,319,683,0.467,0.448,245,292,0.839,126,183,309,278,95,37,115,159,976,OOR
Kevin Duckworth,C,28,74,1762,301,688,0.438,0,2,0.0,301,686,0.439,0.438,127,174,0.73,118,269,387,70,45,39,87,222,729,OOR
Chris Dudley,C,27,71,1398,94,266,0.353,0,0,0.0,94,266,0.353,0.353,57,110,0.518,215,298,513,16,17,103,54,195,245,OOR
Joe Dumars,SG,29,77,3094,677,1454,0.466,112,299,0.375,565,1155,0.489,0.504,343,397,0.864,63,85,148,308,78,7,138,141,1809,OOR
Richard Dumas,SF,23,48,1320,302,576,0.524,1,3,0.333,301,573,0.525,0.525,152,215,0.707,100,123,223,60,85,39,92,127,757,OOR
Pat Durham,SF,25,5,78,6,25,0.24,0,0,0.0,6,25,0.24,0.24,9,12,0.75,5,9,14,4,1,1,7,6,21,OOR
Mark Eaton,C,36,64,1104,71,130,0.546,0,0,0.0,71,130,0.546,0.546,35,50,0.7,73,191,264,17,18,79,43,143,177,OOR
Blue Edwards,SF,27,82,2729,554,1083,0.512,37,106,0.349,517,977,0.529,0.529,237,300,0.79,123,259,382,214,129,45,175,242,1382,OOR
James Edwards,C,37,52,617,122,270,0.452,0,0,0.0,122,270,0.452,0.452,84,118,0.712,30,70,100,41,10,7,51,122,328,OOR
Kevin Edwards,SG,27,40,1134,216,462,0.468,5,17,0.294,211,445,0.474,0.473,119,141,0.844,48,73,121,120,68,12,75,69,556,OOR
Craig Ehlo,SG,31,82,2559,385,785,0.49,93,244,0.381,292,541,0.54,0.55,86,120,0.717,113,290,403,254,104,22,124,170,949,OOR
Mario Elie,SF,29,82,1757,240,524,0.458,45,129,0.349,195,395,0.494,0.501,183,214,0.855,59,157,216,177,74,20,89,145,708,OOR
Sean Elliott,SF,24,70,2604,451,918,0.491,37,104,0.356,414,814,0.509,0.511,268,337,0.795,85,237,322,265,68,28,152,132,1207,OOR
Dale Ellis,SG,32,82,2731,545,1092,0.499,119,297,0.401,426,795,0.536,0.554,157,197,0.797,81,231,312,107,78,18,111,179,1366,OOR
LaPhonso Ellis,PF,22,82,2749,483,958,0.504,2,13,0.154,481,945,0.509,0.505,237,317,0.748,274,470,744,151,72,111,153,293,1205,OOR
Pervis Ellison,C,25,49,1701,341,655,0.521,0,4,0.0,341,651,0.524,0.521,170,242,0.702,138,295,433,117,45,108,110,154,852,OOR
Jo Jo English,SG,22,6,31,3,10,0.3,0,3,0.0,3,7,0.429,0.3,0,2,0.0,2,4,6,1,3,2,4,5,6,OOR
Patrick Ewing,C,30,81,3003,779,1550,0.503,1,7,0.143,778,1543,0.504,0.503,400,556,0.719,191,789,980,151,74,161,265,286,1959,Candidate
Duane Ferrell,SF,27,82,1736,327,696,0.47,9,36,0.25,318,660,0.482,0.476,176,226,0.779,97,94,191,132,59,17,103,160,839,OOR
Danny Ferry,PF,26,76,1461,220,459,0.479,34,82,0.415,186,377,0.493,0.516,99,113,0.876,81,198,279,137,29,49,83,171,573,OOR
Vern Fleming,PG,30,75,1503,280,554,0.505,7,36,0.194,273,518,0.527,0.512,143,197,0.726,63,106,169,224,63,9,121,126,710,OOR
Sleepy Floyd,PG,32,52,867,124,305,0.407,16,56,0.286,108,249,0.434,0.433,81,102,0.794,14,72,86,132,32,6,68,59,345,OOR
Greg Foster,PF,24,43,298,55,120,0.458,0,4,0.0,55,116,0.474,0.458,15,21,0.714,32,51,83,21,3,14,25,58,125,OOR
Rick Fox,SF,23,71,1082,184,380,0.484,4,23,0.174,180,357,0.504,0.489,81,101,0.802,55,104,159,113,61,21,77,133,453,OOR
Kevin Gamble,SF,27,82,2541,459,906,0.507,52,139,0.374,407,767,0.531,0.535,123,149,0.826,46,200,246,226,86,37,81,185,1093,OOR
Winston Garland,PG,28,66,1004,152,343,0.443,6,13,0.462,146,330,0.442,0.452,81,89,0.91,32,76,108,138,39,4,67,116,391,OOR
Chris Gatling,PF,25,70,1248,249,462,0.539,0,6,0.0,249,456,0.546,0.539,150,207,0.725,129,191,320,40,44,53,102,197,648,OOR
Kenny Gattison,PF,28,75,1475,203,384,0.529,0,3,0.0,203,381,0.533,0.529,102,169,0.604,108,245,353,68,48,55,64,237,508,OOR
Matt Geiger,C,23,48,554,76,145,0.524,0,4,0.0,76,141,0.539,0.524,62,92,0.674,46,74,120,14,15,18,36,123,214,OOR
Tate George,PG,24,48,380,51,135,0.378,0,5,0.0,51,130,0.392,0.378,20,24,0.833,9,18,27,59,10,3,31,25,122,OOR
Kendall Gill,SG,24,69,2430,463,1032,0.449,17,62,0.274,446,970,0.46,0.457,224,290,0.772,120,220,340,268,98,36,174,191,1167,OOR
Armen Gilliam,PF,28,80,1742,359,774,0.464,0,1,0.0,359,773,0.464,0.464,274,325,0.843,136,336,472,116,37,54,157,123,992,OOR
Gerald Glass,SF,25,60,848,142,339,0.419,7,33,0.212,135,306,0.441,0.429,25,39,0.641,61,81,142,77,33,18,35,104,316,OOR
Mike Gminski,C,33,34,251,42,83,0.506,0,0,0.0,42,83,0.506,0.506,9,10,0.9,34,51,85,7,1,9,11,28,93,OOR
Paul Graham,SG,25,80,1508,256,560,0.457,42,141,0.298,214,419,0.511,0.495,96,131,0.733,61,129,190,164,86,6,120,185,650,OOR
Gary Grant,PG,27,74,1624,210,476,0.441,11,42,0.262,199,434,0.459,0.453,55,74,0.743,27,112,139,353,106,9,129,168,486,OOR
Greg Grant,PG,26,72,996,77,220,0.35,20,68,0.294,57,152,0.375,0.395,20,31,0.645,24,43,67,206,43,1,54,73,194,OOR
Harvey Grant,SF,27,72,2667,560,1149,0.487,1,10,0.1,559,1139,0.491,0.488,218,300,0.727,133,279,412,205,72,44,90,168,1339,OOR
Horace Grant,PF,27,77,2745,421,829,0.508,1,5,0.2,420,824,0.51,0.508,174,281,0.619,341,388,729,201,89,96,110,218,1017,OOR
Jeff Grayer,SG,27,48,1025,165,353,0.467,2,14,0.143,163,339,0.481,0.47,91,136,0.669,71,86,157,70,31,8,54,120,423,OOR
A.C. Green,PF,29,82,2819,379,706,0.537,16,46,0.348,363,660,0.55,0.548,277,375,0.739,287,424,711,116,88,39,116,149,1051,OOR
Litterial Green,PG,22,52,626,87,198,0.439,1,10,0.1,86,188,0.457,0.442,60,96,0.625,11,23,34,116,23,4,42,70,235,OOR
Sean Green,SG,22,13,81,28,55,0.509,3,10,0.3,25,45,0.556,0.536,3,4,0.75,4,5,9,7,2,1,9,11,62,OOR
Sidney Green,PF,32,39,329,34,89,0.382,0,2,0.0,34,87,0.391,0.382,25,31,0.806,32,86,118,24,6,5,20,37,93,OOR
Tom Gugliotta,PF,23,81,2795,484,1135,0.426,38,135,0.281,446,1000,0.446,0.443,181,281,0.644,219,562,781,306,134,35,230,195,1187,OOR
Jay Guidinger,C,23,32,215,19,55,0.345,0,0,0.0,19,55,0.345,0.345,13,25,0.52,26,38,64,17,9,10,10,48,51,OOR
Tom Hammonds,PF,25,54,713,105,221,0.475,0,1,0.0,105,220,0.477,0.475,38,62,0.613,38,89,127,24,18,12,34,77,248,OOR
Tim Hardaway,PG,26,66,2609,522,1168,0.447,102,309,0.33,420,859,0.489,0.491,273,367,0.744,60,203,263,699,116,12,220,152,1419,OOR
Derek Harper,SG,31,62,2108,393,939,0.419,101,257,0.393,292,682,0.428,0.472,239,316,0.756,42,81,123,334,80,16,136,145,1126,OOR
Ron Harper,SG,29,80,2970,542,1203,0.451,52,186,0.28,490,1017,0.482,0.472,307,399,0.769,117,308,425,360,177,73,222,212,1443,OOR
Scott Hastings,C,32,76,670,57,112,0.509,2,8,0.25,55,104,0.529,0.518,40,55,0.727,44,93,137,34,12,8,29,115,156,OOR
Hersey Hawkins,SG,26,81,2977,551,1172,0.47,122,307,0.397,429,865,0.496,0.522,419,487,0.86,91,255,346,317,137,30,180,189,1643,OOR
Steve Henson,PG,24,53,719,71,182,0.39,37,80,0.463,34,102,0.333,0.492,34,40,0.85,12,43,55,155,30,1,52,85,213,OOR
Carl Herrera,PF,26,81,1800,240,444,0.541,0,2,0.0,240,442,0.543,0.541,125,176,0.71,148,306,454,61,47,35,92,190,605,OOR
Rod Higgins,SF,33,69,1425,199,483,0.412,43,133,0.323,156,350,0.446,0.457,130,151,0.861,66,127,193,119,51,29,63,141,571,OOR
Sean Higgins,SF,24,29,591,96,215,0.447,13,37,0.351,83,178,0.466,0.477,35,47,0.745,23,45,68,66,13,5,64,54,240,OOR
Tyrone Hill,C,24,74,2070,251,494,0.508,0,4,0.0,251,490,0.512,0.508,138,221,0.624,255,499,754,68,41,40,92,320,640,OOR
Donald Hodge,C,23,79,1267,161,400,0.403,0,0,0.0,161,400,0.403,0.403,71,104,0.683,93,201,294,75,33,37,90,204,393,OOR
Dave Hoppen,C,28,2,10,1,1,1.0,0,0,0.0,1,1,1.0,1.0,0,2,0.0,1,3,4,0,0,0,0,2,2,OOR
Jeff Hornacek,PG,29,79,2860,582,1239,0.47,97,249,0.39,485,990,0.49,0.509,250,289,0.865,84,258,342,548,131,21,222,203,1511,OOR
Robert Horry,SF,22,79,2330,323,682,0.474,12,47,0.255,311,635,0.49,0.482,143,200,0.715,113,279,392,191,80,83,156,210,801,OOR
Byron Houston,PF,23,79,1274,145,325,0.446,2,7,0.286,143,318,0.45,0.449,129,194,0.665,119,196,315,69,44,43,87,253,421,OOR
Brian Howard,SF,25,68,1295,183,414,0.442,1,7,0.143,182,407,0.447,0.443,72,94,0.766,66,146,212,67,55,34,68,217,439,OOR
Stephen Howard,SF,22,49,260,35,93,0.376,0,0,0.0,35,93,0.376,0.376,34,53,0.642,26,34,60,10,15,12,23,58,104,OOR
Jay Humphries,SG,30,78,2034,287,659,0.436,15,75,0.2,272,584,0.466,0.447,101,130,0.777,40,103,143,317,101,11,132,236,690,OOR
Byron Irvin,SG,26,4,45,9,18,0.5,1,1,1.0,8,17,0.471,0.528,3,6,0.5,2,2,4,2,1,0,4,5,22,OOR
Mike Iuzzolino,PG,25,70,1769,221,478,0.462,54,144,0.375,167,334,0.5,0.519,114,149,0.765,31,109,140,328,49,6,129,101,610,OOR
Jaren Jackson,SG,25,34,350,53,128,0.414,2,5,0.4,51,123,0.415,0.422,23,27,0.852,19,20,39,35,19,5,17,45,131,OOR
Jim Jackson,SF,22,28,938,184,466,0.395,21,73,0.288,163,393,0.415,0.417,68,92,0.739,42,80,122,131,40,11,115,80,457,OOR
Mark Jackson,PG,27,82,3117,459,945,0.486,22,82,0.268,437,863,0.506,0.497,241,300,0.803,129,259,388,724,136,12,220,158,1181,OOR
Henry James,PF,27,10,88,21,51,0.412,3,13,0.231,18,38,0.474,0.441,22,26,0.846,7,4,11,1,3,0,7,9,67,OOR
Keith Jennings,PG,24,8,136,25,42,0.595,5,9,0.556,20,33,0.606,0.655,14,18,0.778,2,9,11,23,4,0,7,18,69,OOR
Avery Johnson,PG,27,75,2030,256,510,0.502,0,8,0.0,256,502,0.51,0.502,144,182,0.791,20,126,146,561,85,16,145,141,656,OOR
Buck Johnson,SF,29,73,1287,193,403,0.479,0,3,0.0,193,400,0.483,0.479,92,126,0.73,78,117,195,89,36,18,70,187,478,OOR
Dave Johnson,SG,22,42,356,57,149,0.383,3,14,0.214,54,135,0.4,0.393,40,59,0.678,18,30,48,13,8,1,28,23,157,OOR
Eddie Johnson,SF,33,82,1869,463,991,0.467,17,56,0.304,446,935,0.477,0.476,234,257,0.911,124,148,272,135,36,4,134,173,1177,OOR
Frank Johnson,PG,34,77,1122,136,312,0.436,1,12,0.083,135,300,0.45,0.438,59,76,0.776,41,72,113,186,60,8,80,112,332,OOR
Kevin Johnson,PG,26,49,1643,282,565,0.499,1,8,0.125,281,557,0.504,0.5,226,276,0.819,30,74,104,384,85,19,151,100,791,OOR
Larry Johnson,PF,23,82,3323,728,1385,0.526,18,71,0.254,710,1314,0.54,0.532,336,438,0.767,281,583,864,353,53,27,227,187,1810,OOR
Charles Jones,C,35,67,1206,33,63,0.524,0,1,0.0,33,62,0.532,0.524,22,38,0.579,87,190,277,42,38,77,38,144,88,OOR
Michael Jordan,SG,29,78,3067,992,2003,0.495,81,230,0.352,911,1773,0.514,0.515,476,569,0.837,135,387,522,428,221,61,207,188,2541,Candidate
Thomas Jordan,PF,24,4,106,18,41,0.439,0,0,0.0,18,41,0.439,0.439,8,17,0.471,5,14,19,3,3,5,12,14,44,OOR
Adam Keefe,PF,22,82,1549,188,376,0.5,0,1,0.0,188,375,0.501,0.5,166,237,0.7,171,261,432,80,57,16,100,195,542,OOR
Shawn Kemp,PF,23,78,2582,515,1047,0.492,0,4,0.0,515,1043,0.494,0.492,358,503,0.712,287,546,833,155,119,146,217,327,1388,OOR
Tim Kempton,PF,29,30,167,19,48,0.396,0,0,0.0,19,48,0.396,0.396,18,31,0.581,12,27,39,19,4,4,16,30,56,OOR
Steve Kerr,SG-PG,27,52,481,53,122,0.434,6,26,0.231,47,96,0.49,0.459,22,24,0.917,5,40,45,70,10,1,27,36,134,OOR
Jerome Kersey,SF,30,65,1719,281,642,0.438,8,28,0.286,273,614,0.445,0.444,116,183,0.634,126,280,406,121,80,41,84,181,686,OOR
Alec Kessler,PF,26,40,415,57,122,0.467,5,11,0.455,52,111,0.468,0.488,36,47,0.766,25,66,91,14,4,12,21,63,155,OOR
Bo Kimble,SG,26,9,55,14,33,0.424,2,8,0.25,12,25,0.48,0.455,3,8,0.375,3,8,11,5,1,0,6,10,33,OOR
Stan Kimbrough,PG,26,3,15,2,6,0.333,1,2,0.5,1,4,0.25,0.417,0,0,0.0,0,0,0,1,1,0,0,1,5,OOR
Bernard King,SF,36,32,430,91,177,0.514,2,7,0.286,89,170,0.524,0.52,39,57,0.684,35,41,76,18,11,3,21,53,223,OOR
Rich King,C,23,3,12,2,5,0.4,0,0,0.0,2,5,0.4,0.4,2,2,1.0,1,4,5,1,0,0,3,1,6,OOR
Stacey King,C,26,76,1059,160,340,0.471,2,6,0.333,158,334,0.473,0.474,86,122,0.705,105,102,207,71,26,20,70,128,408,OOR
Greg Kite,C,31,64,640,38,84,0.452,0,1,0.0,38,83,0.458,0.452,13,24,0.542,66,127,193,10,13,12,35,133,89,OOR
Joe Kleine,C,31,78,1129,108,267,0.404,0,6,0.0,108,261,0.414,0.404,41,58,0.707,113,233,346,39,17,17,37,123,257,OOR
Negele Knight,PG,25,52,888,124,317,0.391,0,7,0.0,124,310,0.4,0.391,67,86,0.779,28,36,64,145,23,4,73,66,315,OOR
Bart Kofoed,SG,28,7,41,3,13,0.231,0,1,0.0,3,12,0.25,0.231,11,14,0.786,0,1,1,10,2,1,3,1,17,OOR
Jon Koncak,C,29,78,1975,124,267,0.464,3,8,0.375,121,259,0.467,0.47,24,50,0.48,100,327,427,140,75,100,52,264,275,OOR
Larry Krystkowiak,PF,28,71,1362,198,425,0.466,0,1,0.0,198,424,0.467,0.466,117,147,0.796,74,205,279,68,42,13,62,181,513,OOR
Christian Laettner,PF,23,81,2823,503,1061,0.474,4,40,0.1,499,1021,0.489,0.476,462,553,0.835,171,537,708,223,105,83,275,290,1472,OOR
Bill Laimbeer,C,35,79,1933,292,574,0.509,10,27,0.37,282,547,0.516,0.517,93,104,0.894,110,309,419,127,46,40,59,212,687,OOR
Jerome Lane,PF,26,21,149,27,54,0.5,0,0,0.0,27,54,0.5,0.5,5,20,0.25,24,29,53,17,12,3,7,32,59,OOR
Andrew Lang,C,26,73,1861,149,351,0.425,1,5,0.2,148,346,0.428,0.426,87,114,0.763,136,300,436,79,46,141,89,261,386,OOR
Doug Lee,SG,28,5,33,2,7,0.286,1,3,0.333,1,4,0.25,0.357,0,0,0.0,0,2,2,5,0,1,3,7,5,OOR
Tim Legler,SG,26,33,635,105,241,0.436,22,65,0.338,83,176,0.472,0.481,57,71,0.803,25,34,59,46,24,6,28,63,289,OOR
Jim Les,PG,29,73,881,110,259,0.425,66,154,0.429,44,105,0.419,0.552,42,50,0.84,20,69,89,169,40,7,48,81,328,OOR
Reggie Lewis,SG,27,80,3144,663,1410,0.47,14,60,0.233,649,1350,0.481,0.475,326,376,0.867,88,259,347,298,118,77,133,248,1666,OOR
Marcus Liberty,SF,24,78,1585,252,620,0.406,22,59,0.373,230,561,0.41,0.424,102,156,0.654,131,204,335,105,64,21,79,143,628,OOR
Todd Lichti,SG,26,48,752,124,276,0.449,2,6,0.333,122,270,0.452,0.453,81,102,0.794,35,67,102,52,28,11,49,60,331,OOR
Alton Lister,C,34,20,174,19,42,0.452,0,0,0.0,19,42,0.452,0.452,7,13,0.538,15,29,44,5,0,9,18,40,45,OOR
Brad Lohaus,PF,28,80,1766,283,614,0.461,85,230,0.37,198,384,0.516,0.53,73,101,0.723,59,217,276,127,47,74,93,178,724,OOR
Grant Long,PF,26,76,2728,397,847,0.469,6,26,0.231,391,821,0.476,0.472,261,341,0.765,197,371,568,182,104,31,133,264,1061,OOR
Luc Longley,C,24,55,1045,133,292,0.455,0,0,0.0,133,292,0.455,0.455,53,74,0.716,71,169,240,51,47,77,88,169,319,OOR
Kevin Lynch,SG,24,40,324,30,59,0.508,0,1,0.0,30,58,0.517,0.508,26,38,0.684,12,23,35,25,11,6,24,44,86,OOR
Sam Mack,SF,22,40,267,47,118,0.398,3,22,0.136,44,96,0.458,0.411,45,58,0.776,18,30,48,15,14,5,22,44,142,OOR
Don MacLean,PF,23,62,674,157,361,0.435,3,6,0.5,154,355,0.434,0.439,90,111,0.811,33,89,122,39,11,4,42,82,407,OOR
Mark Macon,PG,23,48,1141,158,381,0.415,0,6,0.0,158,375,0.421,0.415,42,60,0.7,33,70,103,126,69,3,72,135,358,OOR
Rick Mahorn,PF,34,74,1077,101,214,0.472,1,3,0.333,100,211,0.474,0.474,88,110,0.8,93,186,279,33,19,31,58,156,291,OOR
Dan Majerle,SG,27,82,3199,509,1096,0.464,167,438,0.381,342,658,0.52,0.541,203,261,0.778,120,263,383,311,138,33,133,180,1388,OOR
Jeff Malone,SG,31,79,2558,595,1205,0.494,3,9,0.333,592,1196,0.495,0.495,236,277,0.852,31,142,173,128,42,4,125,117,1429,OOR
Karl Malone,PF,29,82,3099,797,1443,0.552,4,20,0.2,793,1423,0.557,0.554,619,836,0.74,227,692,919,308,124,85,240,261,2217,OOR
Moses Malone,C,37,11,104,13,42,0.31,0,0,0.0,13,42,0.31,0.31,24,31,0.774,22,24,46,7,1,8,10,6,50,OOR
Danny Manning,PF,26,79,2761,702,1379,0.509,8,30,0.267,694,1349,0.514,0.512,388,484,0.802,198,322,520,207,108,101,230,323,1800,OOR
Šarūnas Marčiulionis,SF,28,30,836,178,328,0.543,3,15,0.2,175,313,0.559,0.547,162,213,0.761,40,57,97,105,51,2,76,92,521,OOR
Anthony Mason,PF,26,81,2482,316,629,0.502,0,0,0.0,316,629,0.502,0.502,199,292,0.682,231,409,640,170,43,19,137,240,831,OOR
Marlon Maxey,PF,23,43,520,93,169,0.55,0,1,0.0,93,168,0.554,0.55,45,70,0.643,66,98,164,12,11,18,38,75,231,OOR
Vernon Maxwell,SG,27,71,2251,349,858,0.407,120,361,0.332,229,497,0.461,0.477,164,228,0.719,29,192,221,297,86,8,140,124,982,OOR
Lee Mayberry,PG,22,82,1503,171,375,0.456,43,110,0.391,128,265,0.483,0.513,39,68,0.574,26,92,118,273,59,7,85,148,424,OOR
Travis Mays,PG,24,49,787,129,309,0.417,29,84,0.345,100,225,0.444,0.464,54,82,0.659,20,33,53,72,21,3,51,59,341,OOR
Bob McCann,SF,28,79,1536,200,410,0.488,0,2,0.0,200,408,0.49,0.488,95,152,0.625,92,190,282,68,51,58,79,202,495,OOR
George McCloud,SF,25,78,1500,216,525,0.411,58,181,0.32,158,344,0.459,0.467,75,102,0.735,60,145,205,192,53,11,107,165,565,OOR
Rodney McCray,SF,31,64,1019,92,204,0.451,2,5,0.4,90,199,0.452,0.456,36,52,0.692,53,105,158,81,12,15,53,99,222,OOR
Xavier McDaniel,PF,29,82,2215,457,924,0.495,6,22,0.273,451,902,0.5,0.498,191,241,0.793,168,321,489,163,72,51,171,249,1111,OOR
Kevin McHale,PF,35,71,1656,298,649,0.459,2,18,0.111,296,631,0.469,0.461,164,195,0.841,95,263,358,73,16,59,92,126,762,OOR
Derrick McKey,SF,26,77,2439,387,780,0.496,40,112,0.357,347,668,0.519,0.522,220,297,0.741,121,206,327,197,105,58,152,208,1034,OOR
Nate McMillan,PG,28,73,1977,213,459,0.464,25,65,0.385,188,394,0.477,0.491,95,134,0.709,84,222,306,384,173,33,139,240,546,OOR
Oliver Miller,C,22,56,1069,121,255,0.475,0,3,0.0,121,252,0.48,0.475,71,100,0.71,70,205,275,118,38,100,108,145,313,OOR
Reggie Miller,SG,27,82,2954,571,1193,0.479,167,419,0.399,404,774,0.522,0.549,427,485,0.88,67,191,258,262,120,26,145,182,1736,OOR
Terry Mills,PF,25,81,2183,494,1072,0.461,10,36,0.278,484,1036,0.467,0.465,201,254,0.791,176,296,472,111,44,50,142,282,1199,OOR
Harold Miner,SG,21,73,1383,292,615,0.475,3,9,0.333,289,606,0.477,0.477,163,214,0.762,74,73,147,73,34,8,92,130,750,OOR
Sam Mitchell,SF,29,81,1402,215,483,0.445,4,23,0.174,211,460,0.459,0.449,150,185,0.811,93,155,248,76,23,10,51,207,584,OOR
Tracy Moore,SG,27,39,510,103,249,0.414,23,67,0.343,80,182,0.44,0.46,53,61,0.869,23,29,52,47,21,4,32,54,282,OOR
Chris Morris,SF,27,77,2302,436,907,0.481,17,76,0.224,419,831,0.504,0.49,197,248,0.794,227,227,454,106,144,52,119,171,1086,OOR
Isaiah Morris,SF,23,25,102,26,57,0.456,0,0,0.0,26,57,0.456,0.456,3,4,0.75,6,6,12,4,3,1,8,14,55,OOR
Alonzo Mourning,C,22,78,2644,572,1119,0.511,0,3,0.0,572,1116,0.513,0.511,495,634,0.781,263,542,805,76,27,271,236,286,1639,OOR
Chris Mullin,SF,29,46,1902,474,930,0.51,60,133,0.451,414,797,0.519,0.542,183,226,0.81,42,190,232,166,68,41,139,76,1191,OOR
Eric Murdock,PG,24,79,2437,438,936,0.468,31,119,0.261,407,817,0.498,0.485,231,296,0.78,95,189,284,603,174,7,207,177,1138,OOR
Tracy Murray,SF,21,48,495,108,260,0.415,21,70,0.3,87,190,0.458,0.456,35,40,0.875,40,43,83,11,8,5,31,59,272,OOR
Jerrod Mustaf,PF,23,32,336,57,130,0.438,0,1,0.0,57,129,0.442,0.438,33,53,0.623,29,54,83,10,14,11,22,40,147,OOR
Dikembe Mutombo,C,26,82,3029,398,781,0.51,0,0,0.0,398,781,0.51,0.51,335,492,0.681,344,726,1070,147,43,287,216,284,1131,OOR
Larry Nance,PF,33,77,2753,533,971,0.549,0,4,0.0,533,967,0.551,0.549,202,247,0.818,184,484,668,223,54,198,107,223,1268,OOR
Ed Nealy,PF,32,41,308,26,69,0.377,8,27,0.296,18,42,0.429,0.435,9,12,0.75,12,52,64,15,12,2,7,41,69,OOR
Melvin Newbern,SG,25,33,311,42,113,0.372,1,8,0.125,41,105,0.39,0.376,34,60,0.567,19,18,37,57,23,1,32,42,119,OOR
Johnny Newman,SF,29,64,1471,279,534,0.522,12,45,0.267,267,489,0.546,0.534,194,240,0.808,72,71,143,117,45,19,90,154,764,OOR
Ken Norman,SF,28,76,2477,498,975,0.511,10,38,0.263,488,937,0.521,0.516,131,220,0.595,209,362,571,165,59,58,125,156,1137,OOR
Shaquille O'Neal,C,20,81,3071,733,1304,0.562,0,2,0.0,733,1302,0.563,0.562,427,721,0.592,342,780,1122,152,60,286,307,321,1893,OOR
Dan O'Sullivan,C,24,6,17,3,5,0.6,0,0,0.0,3,5,0.6,0.6,3,4,0.75,2,4,6,1,1,0,0,4,9,OOR
Charles Oakley,PF,29,82,2230,219,431,0.508,0,1,0.0,219,430,0.509,0.508,127,176,0.722,288,420,708,126,85,15,124,289,565,OOR
Alan Ogg,C,25,6,29,5,13,0.385,0,0,0.0,5,13,0.385,0.385,3,4,0.75,3,7,10,4,1,3,3,6,13,OOR
Hakeem Olajuwon,C,30,82,3242,848,1603,0.529,0,8,0.0,848,1595,0.532,0.529,444,570,0.779,283,785,1068,291,150,342,262,305,2140,Candidate
Matt Othick,PG,23,4,39,3,5,0.6,2,4,0.5,1,1,1.0,0.8,0,2,0.0,1,1,2,7,1,0,4,7,8,OOR
Doug Overton,PG,23,45,990,152,323,0.471,3,13,0.231,149,310,0.481,0.475,59,81,0.728,25,81,106,157,31,6,72,81,366,OOR
Billy Owens,PF,23,37,1201,247,493,0.501,1,11,0.091,246,482,0.51,0.502,117,183,0.639,108,156,264,144,35,28,106,105,612,OOR
Robert Pack,PG,23,77,1579,285,606,0.47,1,8,0.125,284,598,0.475,0.471,239,311,0.768,52,108,160,335,81,10,185,182,810,OOR
Gerald Paddio,SF,27,41,307,71,159,0.447,2,8,0.25,69,151,0.457,0.453,14,21,0.667,17,33,50,33,14,6,16,24,158,OOR
Walter Palmer,C,24,20,124,27,57,0.474,0,0,0.0,27,57,0.474,0.474,6,9,0.667,12,32,44,5,1,5,10,29,60,OOR
Robert Parish,C,39,79,2146,416,777,0.535,0,0,0.0,416,777,0.535,0.535,162,235,0.689,246,494,740,61,57,107,120,201,994,OOR
John Paxson,PG,32,59,1030,105,233,0.451,19,41,0.463,86,192,0.448,0.491,17,20,0.85,9,39,48,136,38,2,31,99,246,OOR
Kenny Payne,SF,26,13,154,38,90,0.422,4,18,0.222,34,72,0.472,0.444,4,4,1.0,4,20,24,18,5,2,7,15,84,OOR
Gary Payton,PG,24,82,2548,476,963,0.494,7,34,0.206,469,929,0.505,0.498,151,196,0.77,95,186,281,399,177,21,148,250,1110,OOR
Anthony Peeler,SG,23,77,1656,297,634,0.468,46,118,0.39,251,516,0.486,0.505,162,206,0.786,64,115,179,166,60,14,123,193,802,OOR
Will Perdue,C,27,72,998,137,246,0.557,0,1,0.0,137,245,0.559,0.557,67,111,0.604,103,184,287,74,22,47,74,139,341,OOR
Sam Perkins,PF,31,79,2351,381,799,0.477,24,71,0.338,357,728,0.49,0.492,250,305,0.82,163,361,524,156,60,82,108,225,1036,OOR
Tim Perry,PF,27,81,2104,287,613,0.468,10,49,0.204,277,564,0.491,0.476,147,207,0.71,154,255,409,126,40,91,123,159,731,OOR
Chuck Person,SF,28,78,2985,541,1248,0.433,118,332,0.355,423,916,0.462,0.481,109,168,0.649,98,335,433,343,67,30,219,198,1309,OOR
Dražen Petrović,SG,28,70,2660,587,1134,0.518,75,167,0.449,512,967,0.529,0.551,315,362,0.87,42,148,190,247,94,13,204,237,1564,OOR
Bobby Phills,SG,23,31,139,38,82,0.463,2,5,0.4,36,77,0.468,0.476,15,25,0.6,6,11,17,10,10,2,18,19,93,OOR
Ricky Pierce,SG,33,77,2218,524,1071,0.489,42,113,0.372,482,958,0.503,0.509,313,352,0.889,58,134,192,220,100,7,160,167,1403,OOR
Ed Pinckney,PF,29,7,151,10,24,0.417,0,0,0.0,10,24,0.417,0.417,12,13,0.923,14,29,43,1,4,7,8,13,32,OOR
Scottie Pippen,SF,27,81,3123,628,1327,0.473,22,93,0.237,606,1234,0.491,0.482,232,350,0.663,203,418,621,507,173,73,246,219,1510,OOR
Gary Plummer,PF,30,60,737,106,228,0.465,0,3,0.0,106,225,0.471,0.465,69,95,0.726,53,120,173,40,14,11,78,141,281,OOR
Olden Polynice,C,28,67,1299,210,429,0.49,0,1,0.0,210,428,0.491,0.49,66,142,0.465,181,237,418,29,31,21,54,126,486,OOR
Terry Porter,PG,29,81,2883,503,1108,0.454,143,345,0.414,360,763,0.472,0.519,327,388,0.843,58,258,316,419,101,10,199,122,1476,OOR
Paul Pressey,SG,34,18,268,29,66,0.439,0,4,0.0,29,62,0.468,0.439,21,27,0.778,8,23,31,30,11,5,23,36,79,OOR
Brent Price,PG,24,68,859,100,279,0.358,8,48,0.167,92,231,0.398,0.373,54,68,0.794,28,75,103,154,56,3,85,90,262,OOR
Mark Price,PG,28,75,2380,477,986,0.484,122,293,0.416,355,693,0.512,0.546,289,305,0.948,37,164,201,602,89,11,196,105,1365,OOR
Anthony Pullard,PF,26,8,37,8,18,0.444,0,0,0.0,8,18,0.444,0.444,1,3,0.333,2,6,8,2,2,2,5,5,17,OOR
Kurt Rambis,PF,34,72,822,67,129,0.519,0,2,0.0,67,127,0.528,0.519,43,65,0.662,77,150,227,53,43,18,42,122,177,OOR
Mark Randall,PF,25,37,248,40,80,0.5,1,8,0.125,39,72,0.542,0.506,16,26,0.615,27,28,55,11,4,2,17,33,97,OOR
Blair Rasmussen,C,30,22,283,30,80,0.375,2,6,0.333,28,74,0.378,0.388,9,13,0.692,20,35,55,5,5,10,12,61,71,OOR
J.R. Reid,PF,24,83,1887,283,595,0.476,0,5,0.0,283,590,0.48,0.476,214,280,0.764,120,336,456,80,47,31,125,266,780,OOR
Glen Rice,SF,25,82,3082,582,1324,0.44,148,386,0.383,434,938,0.463,0.495,242,295,0.82,92,332,424,180,92,25,157,201,1554,OOR
Pooh Richardson,PG,26,74,2396,337,703,0.479,3,29,0.103,334,674,0.496,0.482,92,124,0.742,63,204,267,573,94,12,167,132,769,OOR
Mitch Richmond,SG,27,45,1728,371,782,0.474,48,130,0.369,323,652,0.495,0.505,197,233,0.845,18,136,154,221,53,9,130,137,987,OOR
Doc Rivers,PG,31,77,1886,216,494,0.437,39,123,0.317,177,371,0.477,0.477,133,162,0.821,26,166,192,405,123,9,114,215,604,OOR
Fred Roberts,C,32,79,1488,226,428,0.528,12,29,0.414,214,399,0.536,0.542,135,169,0.799,91,146,237,118,57,27,67,138,599,OOR
Stanley Roberts,C,22,77,1816,375,711,0.527,0,0,0.0,375,711,0.527,0.527,120,246,0.488,181,297,478,59,34,141,121,332,870,OOR
Alvin Robertson,SG,30,69,2006,247,539,0.458,40,122,0.328,207,417,0.496,0.495,84,128,0.656,107,162,269,263,155,18,133,218,618,OOR
Clifford Robinson,PF,26,82,2575,632,1336,0.473,19,77,0.247,613,1259,0.487,0.48,287,416,0.69,165,377,542,182,98,163,173,287,1570,OOR
David Robinson,C,27,82,3211,676,1348,0.501,3,17,0.176,673,1331,0.506,0.503,561,766,0.732,229,727,956,301,127,264,241,239,1916,OOR
Larry Robinson,SG,25,4,33,6,16,0.375,0,1,0.0,6,15,0.4,0.375,3,5,0.6,1,2,3,3,1,1,1,0,15,OOR
Rumeal Robinson,PG,26,80,1585,270,638,0.423,20,56,0.357,250,582,0.43,0.439,112,195,0.574,49,110,159,323,96,12,140,169,672,OOR
Dennis Rodman,PF,31,62,2410,183,429,0.427,15,73,0.205,168,356,0.472,0.444,87,163,0.534,367,765,1132,102,48,45,103,201,468,OOR
Tree Rollins,C,37,42,247,11,41,0.268,0,2,0.0,11,39,0.282,0.268,9,12,0.75,12,48,60,10,6,15,9,43,31,OOR
Sean Rooks,C,23,72,2087,368,747,0.493,0,2,0.0,368,745,0.494,0.493,234,389,0.602,196,340,536,95,38,81,160,204,970,OOR
Donald Royal,SF,26,77,1636,194,391,0.496,0,3,0.0,194,388,0.5,0.496,318,390,0.815,116,179,295,80,36,25,113,179,706,OOR
Delaney Rudd,PG,30,15,95,7,36,0.194,1,11,0.091,6,25,0.24,0.208,11,14,0.786,4,5,9,17,1,0,11,7,26,OOR
Jeff Ruland,C,34,11,55,5,11,0.455,0,0,0.0,5,11,0.455,0.455,2,4,0.5,9,9,18,2,2,0,6,16,12,OOR
John Salley,PF,28,51,1422,154,307,0.502,0,0,0.0,154,307,0.502,0.502,115,144,0.799,113,200,313,83,32,70,101,192,423,OOR
Jeff Sanders,PF,27,9,120,10,25,0.4,0,0,0.0,10,25,0.4,0.4,4,8,0.5,12,17,29,6,8,1,11,16,24,OOR
Mike Sanders,SF,32,53,1189,197,396,0.497,1,4,0.25,196,392,0.5,0.499,59,78,0.756,52,118,170,75,39,30,57,150,454,OOR
Danny Schayes,C,33,70,1124,105,263,0.399,0,3,0.0,105,260,0.404,0.399,112,137,0.818,72,177,249,78,36,36,65,148,322,OOR
Steve Scheffler,C,25,29,166,25,48,0.521,0,0,0.0,25,48,0.521,0.521,16,24,0.667,15,21,36,5,6,1,5,37,66,OOR
Dwayne Schintzius,C,24,5,35,2,7,0.286,0,0,0.0,2,7,0.286,0.286,3,3,1.0,2,6,8,2,2,2,0,4,7,OOR
Detlef Schrempf,PF,30,82,3098,517,1085,0.476,8,52,0.154,509,1033,0.493,0.48,525,653,0.804,210,570,780,493,79,27,243,305,1567,OOR
Byron Scott,SG,31,58,1677,296,659,0.449,44,135,0.326,252,524,0.481,0.483,156,184,0.848,27,107,134,157,55,13,70,98,792,OOR
Dennis Scott,SF,24,54,1759,329,763,0.431,108,268,0.403,221,495,0.446,0.502,92,117,0.786,38,148,186,136,57,18,104,131,858,OOR
Malik Sealy,SF,22,58,672,136,319,0.426,7,31,0.226,129,288,0.448,0.437,51,74,0.689,60,52,112,47,36,7,58,74,330,OOR
Rony Seikaly,C,27,72,2456,417,868,0.48,1,8,0.125,416,860,0.484,0.481,397,540,0.735,259,587,846,100,38,83,203,260,1232,OOR
Brad Sellers,PF,30,54,533,49,130,0.377,0,1,0.0,49,129,0.38,0.377,37,39,0.949,27,56,83,46,6,11,27,40,135,OOR
Charles Shackleford,C,26,48,568,80,164,0.488,0,2,0.0,80,162,0.494,0.488,31,49,0.633,65,140,205,26,13,25,36,92,191,OOR
Brian Shaw,PG,26,68,1603,197,501,0.393,43,130,0.331,154,371,0.415,0.436,61,78,0.782,70,187,257,235,48,19,96,163,498,OOR
Lionel Simmons,SF,24,69,2502,468,1055,0.444,1,11,0.091,467,1044,0.447,0.444,298,364,0.819,156,339,495,312,95,38,196,197,1235,OOR
Scott Skiles,PG,28,78,3086,416,891,0.467,80,235,0.34,336,656,0.512,0.512,289,324,0.892,52,238,290,735,86,2,267,244,1201,OOR
Charles Smith,SF,27,81,2172,358,764,0.469,0,2,0.0,358,762,0.47,0.469,287,367,0.782,170,262,432,142,48,96,155,254,1003,OOR
Chris Smith,SG,22,80,1266,125,289,0.433,2,14,0.143,123,275,0.447,0.436,95,120,0.792,32,64,96,196,48,16,68,96,347,OOR
Doug Smith,PF,23,61,1524,289,666,0.434,0,4,0.0,289,662,0.437,0.434,56,74,0.757,96,232,328,104,48,52,115,280,634,OOR
Kenny Smith,PG,27,82,2422,387,744,0.52,96,219,0.438,291,525,0.554,0.585,195,222,0.878,28,132,160,446,80,7,163,110,1065,OOR
LaBradford Smith,SG,23,69,1546,261,570,0.458,8,23,0.348,253,547,0.463,0.465,109,127,0.858,26,80,106,186,58,9,103,178,639,OOR
Larry Smith,PF,35,66,833,38,87,0.437,0,0,0.0,38,87,0.437,0.437,9,22,0.409,103,165,268,28,23,16,39,133,85,OOR
Reggie Smith,C,22,23,68,10,27,0.37,0,1,0.0,10,26,0.385,0.37,3,14,0.214,15,6,21,1,4,1,4,16,23,OOR
Steve Smith,SG,23,48,1610,279,619,0.451,53,132,0.402,226,487,0.464,0.494,155,197,0.787,56,141,197,267,50,16,129,148,766,OOR
Tony Smith,SG,24,55,752,133,275,0.484,2,11,0.182,131,264,0.496,0.487,62,82,0.756,46,41,87,63,50,7,40,72,330,OOR
Rik Smits,C,26,81,2072,494,1017,0.486,0,0,0.0,494,1017,0.486,0.486,167,228,0.732,126,306,432,121,27,75,147,285,1155,OOR
Andre Spencer,SF,28,20,422,73,163,0.448,0,2,0.0,73,161,0.453,0.448,41,54,0.759,38,43,81,24,17,7,26,64,187,OOR
Elmore Spencer,C,23,44,280,44,82,0.537,0,0,0.0,44,82,0.537,0.537,16,32,0.5,17,45,62,8,8,18,26,54,104,OOR
Felton Spencer,C,25,71,1296,105,226,0.465,0,0,0.0,105,226,0.465,0.465,83,127,0.654,134,190,324,17,23,66,70,243,293,OOR
Latrell Sprewell,SG,22,77,2741,449,968,0.464,73,198,0.369,376,770,0.488,0.502,211,283,0.746,79,192,271,295,126,52,203,166,1182,OOR
John Starks,SG,27,80,2477,513,1199,0.428,108,336,0.321,405,863,0.469,0.473,263,331,0.795,54,150,204,404,91,12,173,234,1397,OOR
Barry Stevens,SF,30,2,6,1,2,0.5,0,0,0.0,1,2,0.5,0.5,0,0,0.0,2,0,2,0,0,0,0,1,2,OOR
Larry Stewart,SF,24,81,1823,306,564,0.543,0,2,0.0,306,562,0.544,0.543,184,253,0.727,154,229,383,146,47,29,153,191,796,OOR
Bryant Stith,SG,22,39,865,124,278,0.446,0,4,0.0,124,274,0.453,0.446,99,119,0.832,39,85,124,49,24,5,44,82,347,OOR
Alex Stivrins,PF-SF,30,19,76,19,39,0.487,0,2,0.0,19,37,0.514,0.487,3,4,0.75,7,12,19,3,2,2,7,11,41,OOR
John Stockton,PG,30,82,2863,437,899,0.486,72,187,0.385,365,712,0.513,0.526,293,367,0.798,64,173,237,987,199,21,266,224,1239,OOR
Rod Strickland,SG,26,78,2474,396,816,0.485,4,30,0.133,392,786,0.499,0.488,273,381,0.717,120,217,337,559,131,24,199,153,1069,OOR
Derek Strong,PF,24,23,339,42,92,0.457,4,8,0.5,38,84,0.452,0.478,68,85,0.8,40,75,115,14,11,1,13,20,156,OOR
Lamont Strothers,SG,24,9,138,20,61,0.328,2,13,0.154,18,48,0.375,0.344,8,10,0.8,8,6,14,13,8,0,15,13,50,OOR
Terry Teagle,SG,32,2,25,2,7,0.286,0,0,0.0,2,7,0.286,0.286,1,2,0.5,0,3,3,2,0,0,1,1,5,OOR
Isiah Thomas,PG,31,79,2922,526,1258,0.418,61,198,0.308,465,1060,0.439,0.442,278,377,0.737,71,161,232,671,123,18,284,222,1391,OOR
LaSalle Thompson,C,31,63,730,104,213,0.488,0,1,0.0,104,212,0.491,0.488,29,39,0.744,55,123,178,34,29,24,47,137,237,OOR
Otis Thorpe,PF,30,72,2357,385,690,0.558,0,2,0.0,385,688,0.56,0.558,153,256,0.598,219,370,589,181,43,19,151,234,923,OOR
Sedale Threatt,PG,31,82,2893,522,1028,0.508,14,53,0.264,508,975,0.521,0.515,177,215,0.823,47,226,273,564,142,11,173,248,1235,OOR
Wayman Tisdale,PF,28,76,2283,544,1068,0.509,0,2,0.0,544,1066,0.51,0.509,175,231,0.758,127,373,500,108,52,47,117,277,1263,OOR
Tom Tolbert,PF,27,72,1838,226,454,0.498,9,28,0.321,217,426,0.509,0.508,122,168,0.726,133,279,412,91,33,21,124,192,583,OOR
Trent Tucker,SG,33,69,909,143,295,0.485,52,131,0.397,91,164,0.555,0.573,18,22,0.818,16,55,71,82,24,6,18,65,356,OOR
Jeff Turner,PF,30,75,1479,231,437,0.529,10,17,0.588,221,420,0.526,0.54,56,70,0.8,74,178,252,107,19,9,66,192,528,OOR
Kiki Vandeweghe,SF,34,41,494,92,203,0.453,12,37,0.324,80,166,0.482,0.483,58,66,0.879,12,36,48,25,13,7,20,45,254,OOR
Loy Vaught,PF,24,79,1653,313,616,0.508,1,4,0.25,312,612,0.51,0.509,116,155,0.748,164,328,492,54,55,39,83,172,743,OOR
Gundars Vētra,SF,25,13,89,19,40,0.475,3,3,1.0,16,37,0.432,0.513,4,6,0.667,4,4,8,6,2,0,2,12,45,OOR
Darrell Walker,PG-SG,31,37,511,34,96,0.354,0,1,0.0,34,95,0.358,0.354,12,26,0.462,22,36,58,53,33,2,25,63,80,OOR
Duane Washington,SG,28,4,28,0,5,0.0,0,0,0.0,0,5,0.0,0.0,0,0,0.0,0,2,2,5,1,0,2,2,0,OOR
Clarence Weatherspoon,SF,22,82,2654,494,1053,0.469,1,4,0.25,493,1049,0.47,0.47,291,408,0.713,179,410,589,147,85,67,176,188,1280,OOR
Marcus Webb,PF,22,9,51,13,25,0.52,0,1,0.0,13,24,0.542,0.52,13,21,0.619,5,5,10,2,1,2,5,11,39,OOR
Spud Webb,PG,29,69,2335,342,789,0.433,37,135,0.274,305,654,0.466,0.457,279,328,0.851,44,149,193,481,104,6,194,177,1000,OOR
Robert Werdann,C,22,28,149,18,59,0.305,0,1,0.0,18,58,0.31,0.305,17,31,0.548,23,29,52,7,6,4,12,38,53,OOR
Doug West,SG,25,80,3104,646,1249,0.517,2,23,0.087,644,1226,0.525,0.518,249,296,0.841,89,158,247,235,85,21,165,279,1543,OOR
Mark West,C,32,82,1558,175,285,0.614,0,0,0.0,175,285,0.614,0.614,86,166,0.518,153,305,458,29,16,103,93,243,436,OOR
Randy White,PF,25,64,1433,235,540,0.435,10,42,0.238,225,498,0.452,0.444,138,184,0.75,154,216,370,49,63,45,108,226,618,OOR
Morlon Wiley,PG,26,58,995,96,254,0.378,54,154,0.351,42,100,0.42,0.484,17,26,0.654,29,62,91,181,65,3,80,127,263,OOR
Dominique Wilkins,SF,33,71,2647,741,1584,0.468,120,316,0.38,621,1268,0.49,0.506,519,627,0.828,187,295,482,227,70,27,184,116,2121,Candidate
Eddie Lee Wilkins,PF,30,26,192,55,97,0.567,0,2,0.0,55,95,0.579,0.567,48,78,0.615,14,26,40,2,7,1,17,34,158,OOR
Gerald Wilkins,SF,29,80,2079,361,797,0.453,16,58,0.276,345,739,0.467,0.463,152,181,0.84,74,140,214,183,78,18,94,154,890,OOR
Buck Williams,PF,32,82,2498,270,528,0.511,0,1,0.0,270,527,0.512,0.511,138,214,0.645,232,458,690,75,81,61,101,270,678,OOR
Corey Williams,PG,22,35,242,31,85,0.365,1,3,0.333,30,82,0.366,0.371,18,22,0.818,19,12,31,23,4,2,11,24,81,OOR
Herb Williams,C,34,55,571,72,175,0.411,0,0,0.0,72,175,0.411,0.411,14,21,0.667,44,102,146,19,21,28,22,78,158,OOR
Hot Rod Williams,C,30,67,2055,263,560,0.47,0,0,0.0,263,560,0.47,0.47,212,296,0.716,127,288,415,152,48,105,116,171,738,OOR
Jayson Williams,PF,24,12,139,21,46,0.457,0,0,0.0,21,46,0.457,0.457,7,18,0.389,22,19,41,0,4,4,8,24,49,OOR
John Williams,SF,26,74,1638,205,477,0.43,12,53,0.226,193,424,0.455,0.442,70,129,0.543,88,228,316,142,83,23,79,188,492,OOR
Kenny Williams,SF,23,57,844,150,282,0.532,0,3,0.0,150,279,0.538,0.532,48,68,0.706,102,126,228,38,21,45,28,87,348,OOR
Lorenzo Williams,PF-C,23,27,179,17,36,0.472,0,0,0.0,17,36,0.472,0.472,2,7,0.286,17,38,55,5,5,17,8,29,36,OOR
Micheal Williams,PG,26,76,2661,353,791,0.446,26,107,0.243,327,684,0.478,0.463,419,462,0.907,84,189,273,661,165,23,227,268,1151,OOR
Reggie Williams,SF,28,79,2722,535,1167,0.458,33,122,0.27,502,1045,0.48,0.473,238,296,0.804,132,296,428,295,126,76,194,284,1341,OOR
Scott Williams,PF,24,71,1369,166,356,0.466,0,7,0.0,166,349,0.476,0.466,90,126,0.714,168,283,451,68,55,66,73,230,422,OOR
Walt Williams,SF,22,59,1673,358,823,0.435,61,191,0.319,297,632,0.47,0.472,224,302,0.742,115,150,265,178,66,29,179,209,1001,OOR
Kevin Willis,PF,30,80,2878,616,1218,0.506,7,29,0.241,609,1189,0.512,0.509,196,300,0.653,335,693,1028,165,68,41,213,264,1435,OOR
Kennard Winchester,SG,26,39,340,61,139,0.439,4,19,0.211,57,120,0.475,0.453,17,22,0.773,17,32,49,13,10,10,15,40,143,OOR
David Wingate,SF,29,72,1471,180,336,0.536,1,6,0.167,179,330,0.542,0.537,79,107,0.738,49,125,174,183,66,9,89,135,440,OOR
Joe Wolf,C,28,23,165,20,44,0.455,0,1,0.0,20,43,0.465,0.455,13,16,0.813,14,34,48,5,7,1,7,24,53,OOR
David Wood,PF,28,64,598,52,117,0.444,5,21,0.238,47,96,0.49,0.466,46,55,0.836,38,59,97,34,13,12,29,93,155,OOR
Randy Woods,PG,22,41,174,23,66,0.348,3,14,0.214,20,52,0.385,0.371,19,26,0.731,6,8,14,40,14,1,16,26,68,OOR
Orlando Woolridge,SF,33,58,1555,289,599,0.482,0,9,0.0,289,590,0.49,0.482,120,177,0.678,87,98,185,115,27,27,79,122,698,OOR
James Worthy,SF,31,82,2359,510,1142,0.447,30,111,0.27,480,1031,0.466,0.46,171,211,0.81,73,174,247,278,92,27,137,87,1221,OOR
Howard Wright,PF,25,4,10,4,5,0.8,0,0,0.0,4,5,0.8,0.8,0,2,0.0,1,1,2,0,0,0,0,0,8,OOR
Danny Young,PG,30,65,836,69,167,0.413,22,68,0.324,47,99,0.475,0.479,28,32,0.875,13,34,47,119,31,5,30,36,188,OOR
