Player,Pos,Age,G,MP,FG,FGA,FG%,3P,3PA,3P%,2P,2PA,2P%,eFG%,FT,FTA,FT%,ORB,DRB,TRB,AST,STL,BLK,TOV,PF,PTS,Status
Alaa Abdelnaby,PF,25,13,159,24,55,0.436,0,0,0.0,24,55,0.436,0.436,16,25,0.64,12,34,46,3,2,3,17,20,64,OOR
Mahmoud Abdul-Rauf,PG,24,80,2617,588,1279,0.46,42,133,0.316,546,1146,0.476,0.476,219,229,0.956,27,141,168,362,82,10,151,150,1437,OOR
Michael Adams,PG,31,70,2337,285,698,0.408,55,191,0.288,230,507,0.454,0.448,224,270,0.83,37,146,183,480,96,6,167,140,849,OOR
Mark Aguirre,SF,34,39,859,163,348,0.468,37,93,0.398,126,255,0.494,0.522,50,72,0.694,28,88,116,104,21,8,70,98,413,OOR
Danny Ainge,SG,34,68,1555,224,537,0.417,80,244,0.328,144,293,0.491,0.492,78,94,0.83,28,103,131,180,57,8,81,140,606,OOR
Gary Alexander,PF,24,11,55,8,14,0.571,0,0,0.0,8,14,0.571,0.571,3,9,0.333,7,8,15,2,3,0,8,10,19,OOR
Victor Alexander,C,24,69,1318,266,502,0.53,2,13,0.154,264,489,0.54,0.532,68,129,0.527,114,194,308,66,28,32,86,168,602,OOR
Eric Anderson,PF,23,11,39,7,17,0.412,2,2,1.0,5,15,0.333,0.471,5,14,0.357,6,11,17,2,0,1,2,9,21,OOR
Greg Anderson,PF,29,77,1624,201,370,0.543,1,3,0.333,200,367,0.545,0.545,88,154,0.571,183,388,571,51,55,68,94,234,491,OOR
Kenny Anderson,PG,23,82,3135,576,1381,0.417,40,132,0.303,536,1249,0.429,0.432,346,423,0.818,89,233,322,784,158,15,266,201,1538,OOR
Nick Anderson,SG,26,81,2811,504,1054,0.478,101,314,0.322,403,740,0.545,0.526,168,250,0.672,113,363,476,294,134,33,165,148,1277,OOR
Ron Anderson,SF,35,21,356,35,86,0.407,7,26,0.269,28,60,0.467,0.448,19,23,0.826,16,37,53,17,8,3,10,16,96,OOR
Willie Anderson,SG,27,80,2488,394,837,0.471,22,68,0.324,372,769,0.484,0.484,145,171,0.848,68,174,242,347,71,46,153,187,955,OOR
Greg Anthony,PG,26,80,1994,225,571,0.394,48,160,0.3,177,411,0.431,0.436,130,168,0.774,43,146,189,365,114,13,127,163,628,OOR
B.J. Armstrong,PG,26,82,2770,479,1007,0.476,60,135,0.444,419,872,0.481,0.505,194,227,0.855,28,142,170,323,80,9,131,147,1212,OOR
Vincent Askew,SG,27,80,1690,273,567,0.481,6,31,0.194,267,536,0.498,0.487,175,211,0.829,60,124,184,194,73,19,70,145,727,OOR
Keith Askins,SF,26,37,319,36,88,0.409,4,21,0.19,32,67,0.478,0.432,9,10,0.9,33,49,82,13,11,1,21,57,85,OOR
Stacey Augmon,SG,25,82,2605,439,861,0.51,1,7,0.143,438,854,0.513,0.51,333,436,0.764,178,216,394,187,149,45,147,179,1212,OOR
Isaac Austin,C,24,14,201,29,66,0.439,0,1,0.0,29,65,0.446,0.439,14,23,0.609,25,44,69,17,5,10,17,29,72,OOR
Anthony Avent,PF,24,74,1371,150,398,0.377,0,0,0.0,150,398,0.377,0.377,89,123,0.724,144,194,338,65,33,31,85,147,389,OOR
John Bagley,PG,33,3,13,0,2,0.0,0,0,0.0,0,2,0.0,0.0,2,2,1.0,0,1,1,3,0,0,0,2,2,OOR
Thurl Bailey,PF,32,79,1297,232,455,0.51,0,2,0.0,232,453,0.512,0.51,119,149,0.799,66,149,215,54,20,58,58,93,583,OOR
Vin Baker,C,22,82,2560,435,869,0.501,1,5,0.2,434,864,0.502,0.501,234,411,0.569,277,344,621,163,60,114,162,231,1105,OOR
Charles Barkley,PF,30,65,2298,518,1046,0.495,48,178,0.27,470,868,0.541,0.518,318,452,0.704,198,529,727,296,101,37,206,160,1402,OOR
Dana Barros,PG,26,81,2519,412,878,0.469,135,354,0.381,277,524,0.529,0.546,116,145,0.8,28,168,196,424,107,5,167,96,1075,OOR
Jon Barry,SG,24,72,1242,158,382,0.414,32,115,0.278,126,267,0.472,0.455,97,122,0.795,36,110,146,168,102,17,83,110,445,OOR
John Battle,SG,31,51,814,130,273,0.476,5,19,0.263,125,254,0.492,0.485,73,97,0.753,7,32,39,83,22,1,41,66,338,OOR
Benoit Benjamin,C,29,77,1817,283,589,0.48,0,0,0.0,283,589,0.48,0.48,152,214,0.71,135,364,499,44,35,90,97,198,718,OOR
Tony Bennett,PG,24,74,983,105,263,0.399,27,75,0.36,78,188,0.415,0.451,11,15,0.733,16,74,90,163,39,1,40,84,248,OOR
David Benoit,SF,25,55,1070,139,361,0.385,12,59,0.203,127,302,0.421,0.402,68,88,0.773,89,171,260,23,23,37,37,115,358,OOR
Rolando Blackman,SG,34,55,969,161,369,0.436,30,84,0.357,131,285,0.46,0.477,48,53,0.906,23,70,93,76,25,6,44,100,400,OOR
Mookie Blaylock,PG,26,81,2915,444,1079,0.411,114,341,0.334,330,738,0.447,0.464,116,159,0.73,117,307,424,789,212,44,196,144,1118,OOR
Corie Blount,PF,25,67,690,76,174,0.437,0,0,0.0,76,174,0.437,0.437,46,75,0.613,76,118,194,56,19,33,52,93,198,OOR
Muggsy Bogues,PG,29,77,2746,354,751,0.471,2,12,0.167,352,739,0.476,0.473,125,155,0.806,78,235,313,780,133,2,171,147,835,OOR
Manute Bol,C,31,14,116,4,19,0.211,0,3,0.0,4,16,0.25,0.211,0,0,0.0,3,15,18,1,2,16,5,13,8,OOR
Walter Bond,SG,24,56,559,63,156,0.404,19,54,0.352,44,102,0.431,0.465,31,40,0.775,20,41,61,31,16,12,17,90,176,OOR
Anthony Bonner,SF,25,73,1402,162,288,0.563,0,0,0.0,162,288,0.563,0.563,50,105,0.476,150,194,344,88,76,13,89,175,374,OOR
Anthony Bowie,SG,30,70,948,139,289,0.481,1,18,0.056,138,271,0.509,0.483,41,49,0.837,29,91,120,102,32,12,58,81,320,OOR
Sam Bowie,C,32,25,556,75,172,0.436,1,4,0.25,74,168,0.44,0.439,72,83,0.867,27,104,131,47,4,28,43,65,223,OOR
Shawn Bradley,C,21,49,1385,201,491,0.409,0,3,0.0,201,488,0.412,0.409,102,168,0.607,98,208,306,98,45,147,148,170,504,OOR
Terrell Brandon,PG,23,73,1548,230,548,0.42,7,32,0.219,223,516,0.432,0.426,139,162,0.858,38,121,159,277,84,16,111,108,606,OOR
Randy Breuer,C,33,26,247,8,26,0.308,0,1,0.0,8,25,0.32,0.308,3,14,0.214,15,41,56,8,6,19,9,30,19,OOR
Frank Brickowski,C,34,71,2094,368,754,0.488,4,20,0.2,364,734,0.496,0.491,195,254,0.768,85,319,404,222,80,27,181,242,935,OOR
Kevin Brooks,SF,24,34,190,36,99,0.364,4,23,0.174,32,76,0.421,0.384,9,10,0.9,5,16,21,3,0,2,12,19,85,OOR
Scott Brooks,PG,28,73,1225,142,289,0.491,23,61,0.377,119,228,0.522,0.531,74,85,0.871,10,92,102,149,51,2,55,98,381,OOR
Chucky Brown,SF,25,1,10,1,1,1.0,0,0,0.0,1,1,1.0,1.0,1,1,1.0,0,1,1,0,0,0,0,2,3,OOR
Dee Brown,SG,25,77,2867,490,1021,0.48,30,96,0.313,460,925,0.497,0.495,182,219,0.831,63,237,300,347,156,47,126,207,1192,OOR
Mike Brown,C,30,82,1921,111,260,0.427,0,2,0.0,111,258,0.43,0.427,77,118,0.653,119,328,447,72,51,29,75,218,299,OOR
P.J. Brown,C,24,79,1950,167,402,0.415,1,6,0.167,166,396,0.419,0.417,115,152,0.757,188,305,493,93,71,93,72,177,450,OOR
Randy Brown,PG,25,61,1041,110,251,0.438,0,4,0.0,110,247,0.445,0.438,53,87,0.609,40,72,112,133,63,14,75,132,273,OOR
Mark Bryant,C,28,79,1441,185,384,0.482,0,1,0.0,185,383,0.483,0.482,72,104,0.692,117,198,315,37,32,29,66,187,442,OOR
Jud Buechler,SF,25,36,218,42,84,0.5,12,29,0.414,30,55,0.545,0.571,10,20,0.5,13,19,32,16,8,1,12,24,106,OOR
Matt Bullard,PF,26,65,725,78,226,0.345,50,154,0.325,28,72,0.389,0.456,20,26,0.769,23,61,84,64,14,6,28,67,226,OOR
Evers Burns,PF,22,23,143,22,55,0.4,0,0,0.0,22,55,0.4,0.4,12,23,0.522,13,17,30,9,6,3,7,33,56,OOR
Scott Burrell,SF,23,51,767,98,234,0.419,2,6,0.333,96,228,0.421,0.423,46,70,0.657,46,86,132,62,37,16,45,88,244,OOR
Willie Burton,SF,25,53,697,124,283,0.438,3,15,0.2,121,268,0.451,0.443,120,158,0.759,50,86,136,39,18,20,54,96,371,OOR
Mitchell Butler,SG,23,75,1321,207,418,0.495,0,5,0.0,207,413,0.501,0.495,104,180,0.578,106,119,225,77,54,20,87,131,518,OOR
Michael Cage,C,32,82,1708,171,314,0.545,0,1,0.0,171,313,0.546,0.545,36,74,0.486,164,280,444,45,77,38,51,179,378,OOR
Elden Campbell,PF,25,76,2253,373,808,0.462,0,2,0.0,373,806,0.463,0.462,188,273,0.689,167,352,519,86,64,146,98,241,934,OOR
Tony Campbell,SF,31,63,1214,227,512,0.443,7,28,0.25,220,484,0.455,0.45,94,120,0.783,76,110,186,82,50,15,84,134,555,OOR
Antoine Carr,PF,32,34,465,78,160,0.488,0,1,0.0,78,159,0.491,0.488,42,58,0.724,12,39,51,15,9,22,15,75,198,OOR
Bill Cartwright,C,36,42,780,98,191,0.513,0,0,0.0,98,191,0.513,0.513,39,57,0.684,43,109,152,57,8,8,50,83,235,OOR
Sam Cassell,PG,24,66,1122,162,388,0.418,26,88,0.295,136,300,0.453,0.451,90,107,0.841,25,109,134,192,59,7,94,136,440,OOR
Duane Causwell,C,25,41,674,71,137,0.518,0,0,0.0,71,137,0.518,0.518,40,68,0.588,68,118,186,11,19,49,33,109,182,OOR
Cedric Ceballos,SF,24,53,1602,425,795,0.535,0,9,0.0,425,786,0.541,0.535,160,221,0.724,153,191,344,91,59,23,93,124,1010,OOR
Tom Chambers,PF,34,80,1838,329,748,0.44,14,45,0.311,315,703,0.448,0.449,221,281,0.786,87,239,326,79,40,32,89,232,893,OOR
Rex Chapman,SG,26,60,2025,431,865,0.498,64,165,0.388,367,700,0.524,0.535,168,206,0.816,57,89,146,185,59,8,117,83,1094,OOR
Calbert Cheaney,SG,22,65,1604,327,696,0.47,1,23,0.043,326,673,0.484,0.471,124,161,0.77,88,102,190,126,63,10,108,148,779,OOR
Pete Chilcutt,PF,25,76,1365,203,448,0.453,3,15,0.2,200,433,0.462,0.456,41,65,0.631,129,242,371,86,53,39,74,164,450,OOR
Doug Christie,SG,23,65,1515,244,562,0.434,39,119,0.328,205,443,0.463,0.469,145,208,0.697,93,142,235,136,89,28,140,186,672,OOR
Ben Coleman,PF,32,9,77,12,25,0.48,0,0,0.0,12,25,0.48,0.48,4,8,0.5,10,16,26,0,2,2,7,9,28,OOR
Derrick Coleman,PF,26,77,2778,541,1209,0.447,38,121,0.314,503,1088,0.462,0.463,439,567,0.774,262,608,870,262,68,142,208,209,1559,OOR
Bimbo Coles,PG,25,76,1726,233,519,0.449,20,99,0.202,213,420,0.507,0.468,102,131,0.779,50,109,159,263,75,12,107,132,588,OOR
Marty Conlon,C,26,30,579,95,165,0.576,0,2,0.0,95,163,0.583,0.576,43,53,0.811,53,86,139,34,9,8,33,69,233,OOR
Lester Conner,PG,34,11,169,14,38,0.368,0,3,0.0,14,35,0.4,0.368,3,6,0.5,10,14,24,31,14,1,9,12,31,OOR
Anthony Cook,PF,26,25,203,26,54,0.481,0,1,0.0,26,53,0.491,0.481,10,25,0.4,20,36,56,4,3,14,12,22,62,OOR
Duane Cooper,PG,24,23,136,18,41,0.439,1,7,0.143,17,34,0.5,0.451,11,15,0.733,2,7,9,28,3,0,20,12,48,OOR
Tyrone Corbin,SF,31,82,2149,268,588,0.456,6,29,0.207,262,559,0.469,0.461,117,144,0.813,150,239,389,122,99,24,92,212,659,OOR
Chris Corchiani,PG,25,51,467,40,94,0.426,11,38,0.289,29,56,0.518,0.484,26,38,0.684,8,36,44,86,22,2,38,47,117,OOR
Joe Courtney,PF,24,52,345,67,148,0.453,2,3,0.667,65,145,0.448,0.459,32,47,0.681,28,28,56,15,10,12,21,44,168,OOR
John Crotty,PG,24,45,313,45,99,0.455,11,24,0.458,34,75,0.453,0.51,31,36,0.861,11,20,31,77,15,1,27,36,132,OOR
Terry Cummings,PF,32,59,1133,183,428,0.428,0,2,0.0,183,426,0.43,0.428,63,107,0.589,132,165,297,50,31,13,59,137,429,OOR
Earl Cureton,PF,36,2,30,2,8,0.25,0,0,0.0,2,8,0.25,0.25,0,2,0.0,4,8,12,0,0,0,1,4,4,OOR
Dell Curry,SG,29,82,2173,533,1171,0.455,152,378,0.402,381,793,0.48,0.52,117,134,0.873,71,191,262,221,98,27,120,161,1335,OOR
Michael Curry,SG,25,10,43,3,14,0.214,0,2,0.0,3,12,0.25,0.214,3,4,0.75,0,1,1,1,1,0,3,6,9,OOR
Lloyd Daniels,SG,26,65,980,140,372,0.376,44,125,0.352,96,247,0.389,0.435,46,64,0.719,45,66,111,94,29,16,60,69,370,OOR
Brad Daugherty,C,28,50,1838,296,606,0.488,0,0,0.0,296,606,0.488,0.488,256,326,0.785,128,380,508,149,41,36,110,145,848,OOR
Antonio Davis,PF,25,81,1732,216,425,0.508,0,1,0.0,216,424,0.509,0.508,194,302,0.642,190,315,505,55,45,84,107,189,626,OOR
Brian Davis,SF,23,68,374,40,126,0.317,1,3,0.333,39,123,0.317,0.321,50,68,0.735,21,34,55,22,16,4,19,34,131,OOR
Dale Davis,PF,24,66,2292,308,582,0.529,0,1,0.0,308,581,0.53,0.529,155,294,0.527,280,438,718,100,48,106,102,214,771,OOR
Hubert Davis,SG,23,56,1333,238,505,0.471,53,132,0.402,185,373,0.496,0.524,85,103,0.825,23,44,67,165,40,4,76,118,614,OOR
Terry Davis,PF,26,15,286,24,59,0.407,0,0,0.0,24,59,0.407,0.407,8,12,0.667,30,44,74,6,9,1,5,27,56,OOR
Johnny Dawkins,PG,30,72,1343,177,423,0.418,37,105,0.352,140,318,0.44,0.462,84,100,0.84,28,95,123,263,63,5,111,74,475,OOR
Todd Day,SG,24,76,2127,351,845,0.415,33,148,0.223,318,697,0.456,0.435,231,331,0.698,115,195,310,138,103,52,129,221,966,OOR
Terry Dehere,PG,22,64,759,129,342,0.377,23,57,0.404,106,285,0.372,0.411,61,81,0.753,25,43,68,78,28,3,61,69,342,OOR
Vinny Del Negro,SG,27,77,1949,309,634,0.487,15,43,0.349,294,591,0.497,0.499,140,170,0.824,27,134,161,320,64,1,102,168,773,OOR
Bison Dele,C,24,80,1507,251,464,0.541,0,3,0.0,251,461,0.544,0.541,137,211,0.649,138,308,446,50,49,87,104,221,639,OOR
Dell Demps,PG,23,2,11,2,6,0.333,0,0,0.0,2,6,0.333,0.333,0,2,0.0,0,0,0,1,2,0,1,1,4,OOR
Vlade Divac,C,25,79,2685,453,895,0.506,9,47,0.191,444,848,0.524,0.511,208,303,0.686,282,569,851,307,92,112,191,288,1123,OOR
Sherman Douglas,PG,27,78,2789,425,919,0.462,13,56,0.232,412,863,0.477,0.47,177,276,0.641,70,123,193,683,89,11,233,171,1040,OOR
Greg Dreiling,C,31,54,685,52,104,0.5,1,1,1.0,51,103,0.495,0.505,27,38,0.711,47,123,170,31,16,24,43,159,132,OOR
Clyde Drexler,SG,31,68,2334,473,1105,0.428,71,219,0.324,402,886,0.454,0.46,286,368,0.777,154,291,445,333,98,34,167,202,1303,OOR
Kevin Duckworth,C,29,69,1485,184,441,0.417,0,0,0.0,184,441,0.417,0.417,88,132,0.667,103,222,325,56,37,35,101,223,456,OOR
Chris Dudley,C,28,6,86,6,25,0.24,0,0,0.0,6,25,0.24,0.24,2,4,0.5,16,8,24,5,4,3,2,18,14,OOR
Joe Dumars,SG,30,69,2591,505,1118,0.452,124,320,0.388,381,798,0.477,0.507,276,330,0.836,35,116,151,261,63,4,159,118,1410,OOR
Acie Earl,C,23,74,1149,151,372,0.406,0,1,0.0,151,371,0.407,0.406,108,160,0.675,85,162,247,12,24,53,72,178,410,OOR
Bill Edwards,PF,22,3,44,2,18,0.111,0,5,0.0,2,13,0.154,0.111,2,5,0.4,5,9,14,4,3,1,4,6,6,OOR
Blue Edwards,SF,28,82,2322,382,800,0.478,38,106,0.358,344,694,0.496,0.501,151,189,0.799,104,225,329,171,83,27,146,235,953,OOR
Doug Edwards,PF,23,16,107,17,49,0.347,0,1,0.0,17,48,0.354,0.347,9,16,0.563,7,11,18,8,2,5,6,9,43,OOR
James Edwards,C,38,45,469,78,168,0.464,0,0,0.0,78,168,0.464,0.464,54,79,0.684,11,54,65,22,4,3,30,90,210,OOR
Kevin Edwards,SG,28,82,2727,471,1028,0.458,35,99,0.354,436,929,0.469,0.475,167,217,0.77,94,187,281,232,120,34,135,150,1144,OOR
Craig Ehlo,SG,32,82,2147,316,708,0.446,77,221,0.348,239,487,0.491,0.501,112,154,0.727,71,208,279,273,136,26,130,161,821,OOR
Mario Elie,SF,30,67,1606,208,466,0.446,56,167,0.335,152,299,0.508,0.506,154,179,0.86,28,153,181,208,50,8,109,124,626,OOR
Sean Elliott,SF,25,73,2409,360,791,0.455,26,87,0.299,334,704,0.474,0.472,139,173,0.803,68,195,263,197,54,27,129,174,885,OOR
Dale Ellis,SF,33,77,2590,478,967,0.494,131,332,0.395,347,635,0.546,0.562,83,107,0.776,70,185,255,80,66,11,75,141,1170,OOR
Harold Ellis,SF,23,49,923,159,292,0.545,0,4,0.0,159,288,0.552,0.545,106,149,0.711,94,59,153,31,73,2,43,97,424,OOR
LaPhonso Ellis,PF,23,79,2699,483,963,0.502,7,23,0.304,476,940,0.506,0.505,242,359,0.674,220,462,682,167,63,80,172,304,1215,OOR
LeRon Ellis,C,24,50,680,88,182,0.484,0,0,0.0,88,182,0.484,0.484,45,68,0.662,70,118,188,24,17,25,21,83,221,OOR
Pervis Ellison,C,26,47,1178,137,292,0.469,0,3,0.0,137,289,0.474,0.469,70,97,0.722,77,165,242,70,25,50,73,140,344,OOR
Jo Jo English,SG,23,36,419,56,129,0.434,8,17,0.471,48,112,0.429,0.465,10,21,0.476,9,36,45,38,8,10,36,61,130,OOR
Patrick Ewing,C,31,79,2972,745,1503,0.496,4,14,0.286,741,1489,0.498,0.497,445,582,0.765,219,666,885,179,90,217,260,275,1939,Candidate
Jim Farmer,SG,29,4,29,2,6,0.333,0,2,0.0,2,4,0.5,0.333,0,0,0.0,0,2,2,4,0,0,5,3,4,OOR
Duane Ferrell,SF,28,72,1155,184,379,0.485,1,9,0.111,183,370,0.495,0.487,144,184,0.783,62,67,129,65,44,16,64,85,513,OOR
Danny Ferry,PF,27,70,965,149,334,0.446,14,51,0.275,135,283,0.477,0.467,38,43,0.884,47,94,141,74,28,22,41,113,350,OOR
Vern Fleming,PG,31,55,1053,147,318,0.462,0,4,0.0,147,314,0.468,0.462,64,87,0.736,27,96,123,173,40,6,87,98,358,OOR
Sleepy Floyd,PG,33,53,737,70,209,0.335,8,36,0.222,62,173,0.358,0.354,52,78,0.667,10,60,70,101,12,8,61,71,200,OOR
Alphonso Ford,PG,22,6,16,7,13,0.538,1,1,1.0,6,12,0.5,0.577,1,2,0.5,0,0,0,1,2,0,1,2,16,OOR
Greg Foster,PF,25,3,19,4,7,0.571,0,0,0.0,4,7,0.571,0.571,2,2,1.0,0,3,3,0,0,1,1,3,10,OOR
Rick Fox,SF,24,82,2096,340,728,0.467,33,100,0.33,307,628,0.489,0.49,174,230,0.757,105,250,355,217,81,52,158,244,887,OOR
Tellis Frank,PF,28,67,959,67,160,0.419,0,2,0.0,67,158,0.424,0.419,54,76,0.711,83,137,220,57,35,35,49,163,188,OOR
Corey Gaines,SG,28,18,78,9,20,0.45,2,5,0.4,7,15,0.467,0.5,13,15,0.867,3,10,13,30,2,0,5,12,33,OOR
Chad Gallagher,C,24,2,3,3,3,1.0,0,0,0.0,3,3,1.0,1.0,0,0,0.0,0,0,0,0,0,0,0,2,6,OOR
Kevin Gamble,SF,28,75,1880,368,804,0.458,25,103,0.243,343,701,0.489,0.473,103,126,0.817,41,118,159,149,57,22,77,134,864,OOR
Chris Gatling,C,26,82,1296,271,461,0.588,0,1,0.0,271,460,0.589,0.588,129,208,0.62,143,254,397,41,40,63,84,223,671,OOR
Kenny Gattison,PF,29,77,1644,233,445,0.524,0,0,0.0,233,445,0.524,0.524,126,195,0.646,105,253,358,95,59,46,79,229,592,OOR
Andrew Gaze,SG,28,7,70,8,17,0.471,4,8,0.5,4,9,0.444,0.588,2,2,1.0,1,6,7,5,2,1,3,9,22,OOR
Matt Geiger,C,24,72,1199,202,352,0.574,1,5,0.2,201,347,0.579,0.575,116,149,0.779,119,184,303,32,36,29,61,201,521,OOR
Kendall Gill,SG,25,79,2435,429,969,0.443,38,120,0.317,391,849,0.461,0.462,215,275,0.782,91,177,268,275,151,32,143,194,1111,OOR
Armen Gilliam,PF,29,82,1969,348,682,0.51,0,1,0.0,348,681,0.511,0.51,274,361,0.759,197,303,500,69,38,61,106,129,970,OOR
Mike Gminski,C,34,29,309,36,103,0.35,0,0,0.0,36,103,0.35,0.35,14,18,0.778,22,52,74,11,13,16,13,23,86,OOR
Ricky Grace,PG,26,3,8,2,3,0.667,0,0,0.0,2,3,0.667,0.667,0,2,0.0,0,1,1,1,0,0,0,3,4,OOR
Greg Graham,SG,23,70,889,122,305,0.4,2,25,0.08,120,280,0.429,0.403,92,110,0.836,21,65,86,66,61,4,65,54,338,OOR
Paul Graham,SG,26,21,128,21,57,0.368,3,13,0.231,18,44,0.409,0.395,13,17,0.765,4,8,12,13,4,5,5,11,58,OOR
Gary Grant,PG,28,78,1533,253,563,0.449,17,62,0.274,236,501,0.471,0.464,65,76,0.855,42,100,142,291,119,12,136,139,588,OOR
Harvey Grant,SF,28,77,2112,356,774,0.46,2,7,0.286,354,767,0.462,0.461,84,131,0.641,109,242,351,107,70,49,56,179,798,OOR
Horace Grant,PF,28,70,2570,460,878,0.524,0,6,0.0,460,872,0.528,0.524,137,230,0.596,306,463,769,236,74,84,109,164,1057,OOR
Josh Grant,PF,26,53,382,59,146,0.404,17,61,0.279,42,85,0.494,0.462,22,29,0.759,27,62,89,24,18,8,30,62,157,OOR
Jeff Grayer,SG,28,67,1096,191,363,0.526,2,12,0.167,189,351,0.538,0.529,71,118,0.602,76,115,191,62,33,13,63,103,455,OOR
A.C. Green,PF,30,82,2825,465,926,0.502,8,35,0.229,457,891,0.513,0.506,266,362,0.735,275,478,753,137,70,38,100,142,1204,OOR
Litterial Green,PG,23,29,126,22,57,0.386,1,4,0.25,21,53,0.396,0.395,28,37,0.757,6,6,12,9,6,1,13,16,73,OOR
Sean Green,SG,23,36,334,63,183,0.344,10,41,0.244,53,142,0.373,0.372,13,18,0.722,10,24,34,16,18,6,27,21,149,OOR
Tom Gugliotta,PF,24,78,2795,540,1159,0.466,40,148,0.27,500,1011,0.495,0.483,213,311,0.685,189,539,728,276,172,51,247,174,1333,OOR
Andrés Guibert,C,25,5,33,6,20,0.3,0,0,0.0,6,20,0.3,0.3,3,6,0.5,10,6,16,2,0,1,6,6,15,OOR
Jay Guidinger,C,24,32,131,16,32,0.5,0,0,0.0,16,32,0.5,0.5,15,21,0.714,15,18,33,3,4,5,16,23,47,OOR
Jack Haley,PF,30,28,94,21,48,0.438,0,0,0.0,21,48,0.438,0.438,17,21,0.81,6,18,24,1,0,0,10,18,59,OOR
Geert Hammink,C,24,1,3,1,3,0.333,0,0,0.0,1,3,0.333,0.333,0,0,0.0,1,0,1,1,0,0,0,1,2,OOR
Tom Hammonds,PF,26,74,877,115,230,0.5,0,0,0.0,115,230,0.5,0.5,71,104,0.683,62,137,199,34,20,12,41,91,301,OOR
Anfernee Hardaway,PG,22,82,3015,509,1092,0.466,50,187,0.267,459,905,0.507,0.489,245,330,0.742,192,247,439,544,190,51,292,205,1313,OOR
Derek Harper,PG,32,82,2204,303,744,0.407,73,203,0.36,230,541,0.425,0.456,112,163,0.687,20,121,141,334,125,8,135,163,791,OOR
Ron Harper,SG,30,75,2856,569,1335,0.426,71,236,0.301,498,1099,0.453,0.453,299,418,0.715,129,331,460,344,144,54,242,167,1508,OOR
Lucious Harris,SG,23,77,1165,162,385,0.421,7,33,0.212,155,352,0.44,0.43,87,119,0.731,45,112,157,106,49,10,78,117,418,OOR
Tony Harris,SG,26,5,88,9,31,0.29,3,9,0.333,6,22,0.273,0.339,23,25,0.92,3,7,10,8,4,0,6,8,44,OOR
Antonio Harvey,PF,23,27,247,29,79,0.367,0,0,0.0,29,79,0.367,0.367,12,26,0.462,26,33,59,5,8,19,17,39,70,OOR
Scott Haskin,C,23,27,186,21,45,0.467,0,0,0.0,21,45,0.467,0.467,13,19,0.684,17,38,55,6,2,15,13,33,55,OOR
Hersey Hawkins,SG,27,82,2648,395,859,0.46,78,235,0.332,317,624,0.508,0.505,312,362,0.862,89,288,377,216,135,22,158,167,1180,OOR
Skeeter Henry,SG,26,4,15,1,5,0.2,0,2,0.0,1,3,0.333,0.2,2,4,0.5,0,2,2,4,0,0,1,1,4,OOR
Steve Henson,PG,25,3,17,1,2,0.5,1,1,1.0,0,1,0.0,0.75,0,0,0.0,0,1,1,5,0,0,1,3,3,OOR
Carl Herrera,PF,27,75,1292,142,310,0.458,0,0,0.0,142,310,0.458,0.458,69,97,0.711,101,184,285,37,32,26,69,159,353,OOR
Rod Higgins,SF,34,36,547,71,163,0.436,22,50,0.44,49,113,0.434,0.503,31,42,0.738,25,57,82,36,25,14,21,53,195,OOR
Tyrone Hill,PF,25,57,1447,216,398,0.543,0,2,0.0,216,396,0.545,0.543,171,256,0.668,184,315,499,46,53,35,78,193,603,OOR
Donald Hodge,C,24,50,428,46,101,0.455,0,0,0.0,46,101,0.455,0.455,44,52,0.846,46,49,95,32,15,13,30,66,136,OOR
Tito Horford,C,28,3,28,0,2,0.0,0,0,0.0,0,2,0.0,0.0,0,0,0.0,1,2,3,0,1,3,1,3,0,OOR
Jeff Hornacek,SG,30,80,2820,472,1004,0.47,70,208,0.337,402,796,0.505,0.505,260,296,0.878,60,219,279,419,127,13,171,186,1274,OOR
Robert Horry,SF,23,81,2370,322,702,0.459,44,136,0.324,278,566,0.491,0.49,115,157,0.732,128,312,440,231,119,75,137,186,803,OOR
Allan Houston,SG,22,79,1519,272,671,0.405,35,117,0.299,237,554,0.428,0.431,89,108,0.824,19,101,120,100,34,13,99,165,668,OOR
Byron Houston,PF,24,71,866,81,177,0.458,1,7,0.143,80,170,0.471,0.46,33,54,0.611,67,127,194,32,33,31,49,181,196,OOR
Stephen Howard,SF,23,9,53,10,17,0.588,0,0,0.0,10,17,0.588,0.588,11,16,0.688,10,6,16,1,1,3,6,13,31,OOR
Jay Humphries,SG,31,75,1619,233,535,0.436,38,96,0.396,195,439,0.444,0.471,57,76,0.75,35,92,127,219,65,11,95,168,561,OOR
Lindsey Hunter,PG,23,82,2172,335,893,0.375,69,207,0.333,266,686,0.388,0.414,104,142,0.732,47,142,189,390,121,10,184,174,843,OOR
Bobby Hurley,PG,22,19,499,54,146,0.37,2,16,0.125,52,130,0.4,0.377,24,30,0.8,6,28,34,115,13,1,48,28,134,OOR
Jaren Jackson,SG,26,29,187,34,87,0.391,0,6,0.0,34,81,0.42,0.391,12,14,0.857,6,11,17,27,4,2,14,20,80,OOR
Jim Jackson,SG,23,82,3066,637,1432,0.445,17,60,0.283,620,1372,0.452,0.451,285,347,0.821,169,219,388,374,87,25,334,161,1576,OOR
Mark Jackson,PG,28,79,2711,331,732,0.452,36,127,0.283,295,605,0.488,0.477,167,211,0.791,107,241,348,678,120,6,232,115,865,OOR
Stanley Jackson,SG,23,17,92,17,33,0.515,1,5,0.2,16,28,0.571,0.53,3,3,1.0,12,15,27,16,5,0,10,13,38,OOR
Dave Jamerson,SG,26,5,14,0,7,0.0,0,0,0.0,0,7,0.0,0.0,2,3,0.667,0,4,4,1,0,0,1,0,2,OOR
Henry James,PF,28,12,75,16,42,0.381,4,18,0.222,12,24,0.5,0.429,5,5,1.0,6,8,14,1,2,0,2,9,41,OOR
Keith Jennings,PG,25,76,1097,138,342,0.404,56,151,0.371,82,191,0.429,0.485,100,120,0.833,16,73,89,218,65,0,74,62,432,OOR
Chris Jent,SF,24,3,78,13,26,0.5,4,11,0.364,9,15,0.6,0.577,1,2,0.5,4,11,15,7,0,0,5,13,31,OOR
Avery Johnson,PG,28,82,2332,356,724,0.492,0,12,0.0,356,712,0.5,0.492,178,253,0.704,41,135,176,433,113,8,172,160,890,OOR
Dave Johnson,SG,23,17,119,17,54,0.315,0,1,0.0,17,53,0.321,0.315,13,21,0.619,9,7,16,4,4,0,9,7,47,OOR
Eddie Johnson,SF,34,73,1460,339,738,0.459,59,150,0.393,280,588,0.476,0.499,99,127,0.78,80,144,224,125,36,8,84,143,836,OOR
Ervin Johnson,C,26,45,280,44,106,0.415,0,0,0.0,44,106,0.415,0.415,29,46,0.63,48,70,118,7,10,22,24,45,117,OOR
Frank Johnson,PG,35,70,875,134,299,0.448,2,12,0.167,132,287,0.46,0.452,54,69,0.783,29,53,82,148,41,1,65,120,324,OOR
Kevin Johnson,PG,27,67,2449,477,980,0.487,6,27,0.222,471,953,0.494,0.49,380,464,0.819,55,112,167,637,125,10,235,127,1340,OOR
Larry Johnson,PF,24,51,1757,346,672,0.515,5,21,0.238,341,651,0.524,0.519,137,197,0.695,143,305,448,184,29,14,116,131,834,OOR
Charles Jones,C,36,42,877,36,78,0.462,0,1,0.0,36,77,0.468,0.462,19,34,0.559,89,146,235,29,14,43,12,136,91,OOR
Popeye Jones,PF,23,81,1773,195,407,0.479,0,1,0.0,195,406,0.48,0.479,78,107,0.729,299,306,605,99,61,31,94,246,468,OOR
Adonis Jordan,PG,23,6,79,6,23,0.261,3,10,0.3,3,13,0.231,0.326,0,0,0.0,3,3,6,19,0,1,6,6,15,OOR
Reggie Jordan,SG,26,23,259,44,103,0.427,2,4,0.5,42,99,0.424,0.437,35,51,0.686,46,21,67,26,14,5,14,26,125,OOR
Adam Keefe,PF,23,63,763,96,213,0.451,0,0,0.0,96,213,0.451,0.451,81,111,0.73,77,124,201,34,20,9,60,80,273,OOR
Shawn Kemp,PF,24,79,2597,533,990,0.538,1,4,0.25,532,986,0.54,0.539,364,491,0.741,312,539,851,207,142,166,259,312,1431,OOR
Tim Kempton,PF,30,13,136,15,38,0.395,0,0,0.0,15,38,0.395,0.395,9,16,0.563,10,14,24,9,6,2,11,33,39,OOR
Steve Kerr,PG,28,82,2036,287,577,0.497,52,124,0.419,235,453,0.519,0.542,83,97,0.856,26,105,131,210,75,3,57,97,709,OOR
Jerome Kersey,SF,31,78,1276,203,469,0.433,1,8,0.125,202,461,0.438,0.434,101,135,0.748,130,201,331,75,71,49,63,213,508,OOR
Alec Kessler,PF,27,15,66,11,25,0.44,5,9,0.556,6,16,0.375,0.54,6,8,0.75,4,6,10,2,1,1,5,14,33,OOR
Warren Kidd,PF,23,68,884,100,169,0.592,0,0,0.0,100,169,0.592,0.592,47,86,0.547,76,157,233,19,19,23,44,129,247,OOR
Chris King,SF,24,15,86,19,48,0.396,2,7,0.286,17,41,0.415,0.417,15,26,0.577,5,10,15,11,4,0,12,12,55,OOR
Rich King,C,24,27,78,15,34,0.441,0,1,0.0,15,33,0.455,0.441,11,22,0.5,9,11,20,8,1,2,7,18,41,OOR
Stacey King,C,27,49,1053,146,341,0.428,0,2,0.0,146,339,0.431,0.428,93,136,0.684,90,151,241,58,31,42,83,121,385,OOR
Greg Kite,C,32,29,309,13,35,0.371,0,0,0.0,13,35,0.371,0.371,8,22,0.364,22,48,70,4,2,12,17,61,34,OOR
Joe Kleine,C,32,74,848,125,256,0.488,5,11,0.455,120,245,0.49,0.498,30,39,0.769,50,143,193,45,14,19,35,118,285,OOR
Negele Knight,PG,26,65,1438,225,475,0.474,4,21,0.19,221,454,0.487,0.478,141,174,0.81,28,75,103,197,34,11,94,121,595,OOR
Jon Koncak,C,30,82,1823,159,369,0.431,0,3,0.0,159,366,0.434,0.431,24,36,0.667,83,282,365,102,63,125,44,236,342,OOR
Larry Krystkowiak,PF,29,34,682,71,148,0.48,0,1,0.0,71,147,0.483,0.48,31,39,0.795,38,85,123,35,14,4,29,74,173,OOR
Toni Kukoč,SF,25,75,1808,313,726,0.431,32,118,0.271,281,608,0.462,0.453,156,210,0.743,98,199,297,252,81,33,167,122,814,OOR
Christian Laettner,PF,24,70,2428,396,883,0.448,6,25,0.24,390,858,0.455,0.452,375,479,0.783,160,442,602,307,87,86,259,264,1173,OOR
Bill Laimbeer,C,36,11,248,47,90,0.522,3,9,0.333,44,81,0.543,0.539,11,13,0.846,9,47,56,14,6,4,10,30,108,OOR
Andrew Lang,C,27,82,1608,215,458,0.469,1,4,0.25,214,454,0.471,0.471,73,106,0.689,126,187,313,51,38,87,81,192,504,OOR
Eric Leckner,C,27,71,1163,139,286,0.486,0,2,0.0,139,284,0.489,0.486,84,130,0.646,75,207,282,86,18,34,86,190,362,OOR
Tim Legler,SG,27,79,1322,231,528,0.438,52,139,0.374,179,389,0.46,0.487,142,169,0.84,36,92,128,120,52,13,60,133,656,OOR
Jim Les,PG,30,18,169,13,34,0.382,8,18,0.444,5,16,0.313,0.5,11,13,0.846,5,8,13,39,7,1,11,16,45,OOR
Fat Lever,PG,33,81,1947,227,557,0.408,26,74,0.351,201,483,0.416,0.431,75,98,0.765,83,200,283,213,159,15,88,155,555,OOR
Marcus Liberty,SF,25,38,285,40,123,0.325,10,28,0.357,30,95,0.316,0.366,19,39,0.487,26,35,61,17,11,4,24,34,109,OOR
Todd Lichti,SG,27,13,126,20,51,0.392,2,2,1.0,18,49,0.367,0.412,16,25,0.64,8,14,22,11,7,1,5,16,58,OOR
Brad Lohaus,PF,29,67,962,102,281,0.363,46,134,0.343,56,147,0.381,0.445,20,29,0.69,33,117,150,62,30,55,58,142,270,OOR
Grant Long,PF,27,69,2201,300,672,0.446,1,6,0.167,299,666,0.449,0.447,187,238,0.786,190,305,495,170,89,26,125,244,788,OOR
Luc Longley,C,25,76,1502,219,465,0.471,0,1,0.0,219,464,0.472,0.471,90,125,0.72,129,304,433,109,45,79,119,216,528,OOR
George Lynch,SF,23,71,1762,291,573,0.508,0,5,0.0,291,568,0.512,0.508,99,166,0.596,220,190,410,96,102,27,87,177,681,OOR
Malcolm Mackey,C,23,22,69,14,37,0.378,0,2,0.0,14,35,0.4,0.378,4,8,0.5,12,12,24,1,0,3,2,9,32,OOR
Don MacLean,SF,24,75,2487,517,1030,0.502,3,21,0.143,514,1009,0.509,0.503,328,398,0.824,140,327,467,160,47,22,152,169,1365,OOR
Mark Macon,SG,24,42,496,69,184,0.375,2,10,0.2,67,174,0.385,0.38,23,34,0.676,18,23,41,51,39,1,40,73,163,OOR
Gerald Madkins,SG,24,22,149,11,31,0.355,5,15,0.333,6,16,0.375,0.435,8,10,0.8,1,10,11,19,9,0,13,16,35,OOR
Rick Mahorn,PF,35,28,226,23,47,0.489,0,1,0.0,23,46,0.5,0.489,13,20,0.65,16,38,54,5,3,5,7,38,59,OOR
Dan Majerle,SG,28,80,3207,476,1138,0.418,192,503,0.382,284,635,0.447,0.503,176,238,0.739,120,229,349,275,129,43,137,153,1320,OOR
Jeff Malone,SG,32,77,2560,525,1081,0.486,7,12,0.583,518,1069,0.485,0.489,205,247,0.83,51,148,199,125,40,5,85,123,1262,OOR
Karl Malone,PF,30,82,3329,772,1552,0.497,8,32,0.25,764,1520,0.503,0.5,511,736,0.694,235,705,940,328,125,126,234,268,2063,OOR
Moses Malone,C,38,55,618,102,232,0.44,0,1,0.0,102,231,0.442,0.44,90,117,0.769,106,120,226,34,11,17,59,52,294,OOR
Danny Manning,PF,27,68,2520,586,1201,0.488,3,17,0.176,583,1184,0.492,0.489,228,341,0.669,131,334,465,261,99,82,233,260,1403,OOR
Roy Marble,SF,27,5,32,2,12,0.167,0,0,0.0,2,12,0.167,0.167,0,3,0.0,3,5,8,1,0,2,3,1,4,OOR
Bob Martin,C,24,53,535,40,88,0.455,0,0,0.0,40,88,0.455,0.455,31,51,0.608,36,81,117,17,8,33,29,106,111,OOR
Jamal Mashburn,SF,21,79,2896,561,1382,0.406,85,299,0.284,476,1083,0.44,0.437,306,438,0.699,107,246,353,266,89,14,245,205,1513,OOR
Anthony Mason,PF,27,73,1903,206,433,0.476,0,1,0.0,206,432,0.477,0.476,116,161,0.72,158,269,427,151,31,9,107,190,528,OOR
Marlon Maxey,PF,24,55,626,89,167,0.533,0,2,0.0,89,165,0.539,0.533,70,98,0.714,75,124,199,10,16,33,40,113,248,OOR
Vernon Maxwell,SG,28,75,2571,380,976,0.389,120,403,0.298,260,573,0.454,0.451,143,191,0.749,42,187,229,380,125,20,185,143,1023,OOR
Lee Mayberry,PG,23,82,1472,167,402,0.415,41,119,0.345,126,283,0.445,0.466,58,84,0.69,26,75,101,215,46,4,97,114,433,OOR
Xavier McDaniel,SF,30,82,1971,387,839,0.461,10,41,0.244,377,798,0.472,0.467,144,213,0.676,142,258,400,126,48,39,116,193,928,OOR
Derrick McKey,SF,27,76,2613,355,710,0.5,9,31,0.29,346,679,0.51,0.506,192,254,0.756,129,273,402,327,111,49,228,248,911,OOR
Nate McMillan,PG,29,73,1887,177,396,0.447,52,133,0.391,125,263,0.475,0.513,31,55,0.564,50,233,283,387,216,22,126,201,437,OOR
Darnell Mee,SG,22,38,285,28,88,0.318,5,24,0.208,23,64,0.359,0.347,12,27,0.444,17,18,35,16,15,13,18,34,73,OOR
Oliver Miller,C,23,69,1786,277,455,0.609,2,9,0.222,275,446,0.617,0.611,80,137,0.584,140,336,476,244,83,156,164,230,636,OOR
Reggie Miller,SG,28,79,2638,524,1042,0.503,123,292,0.421,401,750,0.535,0.562,403,444,0.908,30,182,212,248,119,24,175,193,1574,OOR
Chris Mills,SF,24,79,2022,284,677,0.419,38,122,0.311,246,555,0.443,0.448,137,176,0.778,134,267,401,128,54,50,89,232,743,OOR
Terry Mills,PF,26,80,2773,588,1151,0.511,24,73,0.329,564,1078,0.523,0.521,181,227,0.797,193,479,672,177,64,62,153,309,1381,OOR
Harold Miner,SG,22,63,1358,254,532,0.477,4,6,0.667,250,526,0.475,0.481,149,180,0.828,75,81,156,95,31,13,95,132,661,OOR
Sam Mitchell,PF,30,75,1084,140,306,0.458,0,5,0.0,140,301,0.465,0.458,82,110,0.745,71,119,190,65,33,9,50,152,362,OOR
Tracy Moore,SG,28,3,10,2,3,0.667,0,0,0.0,2,3,0.667,0.667,2,2,1.0,0,1,1,0,2,0,0,0,6,OOR
Darren Morningstar,C,24,23,367,39,82,0.476,0,0,0.0,39,82,0.476,0.476,18,30,0.6,31,50,81,15,14,2,19,70,96,OOR
Chris Morris,SF,28,50,1349,203,454,0.447,53,147,0.361,150,307,0.489,0.506,85,118,0.72,91,137,228,83,55,49,52,120,544,OOR
Alonzo Mourning,C,23,60,2018,427,845,0.505,0,2,0.0,427,843,0.507,0.505,433,568,0.762,177,433,610,86,27,188,199,207,1287,OOR
Chris Mullin,SF,30,62,2324,410,869,0.472,55,151,0.364,355,718,0.494,0.503,165,219,0.753,64,281,345,315,107,53,178,114,1040,OOR
Eric Murdock,PG,25,82,2533,477,1019,0.468,69,168,0.411,408,851,0.479,0.502,234,288,0.813,91,170,261,546,197,12,206,189,1257,OOR
Gheorghe Mureșan,C,22,54,650,128,235,0.545,0,0,0.0,128,235,0.545,0.545,48,71,0.676,66,126,192,18,28,48,54,120,304,OOR
Tod Murphy,PF,30,9,67,6,12,0.5,0,0,0.0,6,12,0.5,0.5,3,6,0.5,4,6,10,4,2,0,1,10,15,OOR
Tracy Murray,SF,22,66,820,167,355,0.47,50,109,0.459,117,246,0.476,0.541,50,72,0.694,43,68,111,31,21,20,37,76,434,OOR
Jerrod Mustaf,PF,24,33,196,30,84,0.357,0,0,0.0,30,84,0.357,0.357,13,22,0.591,20,35,55,8,4,5,10,29,73,OOR
Dikembe Mutombo,C,27,82,2853,365,642,0.569,0,1,0.0,365,641,0.569,0.569,256,439,0.583,286,685,971,127,59,336,206,262,986,OOR
Pete Myers,SG,30,82,2030,253,556,0.455,8,29,0.276,245,527,0.465,0.462,136,194,0.701,54,127,181,245,78,20,136,195,650,OOR
Larry Nance,PF,34,33,909,153,314,0.487,0,0,0.0,153,314,0.487,0.487,64,85,0.753,77,150,227,49,27,55,38,96,370,OOR
Chuck Nevitt,C,34,1,1,0,0,0.0,0,0,0.0,0,0,0.0,0.0,3,6,0.5,1,0,1,0,0,0,1,1,3,OOR
Johnny Newman,SF,30,81,1697,313,664,0.471,24,90,0.267,289,574,0.503,0.489,182,225,0.809,86,94,180,72,69,27,90,196,832,OOR
Ken Norman,SF,29,82,2539,412,919,0.448,63,189,0.333,349,730,0.478,0.483,92,183,0.503,169,331,500,222,58,46,150,209,979,OOR
Shaquille O'Neal,C,21,81,3224,953,1591,0.599,0,2,0.0,953,1589,0.6,0.599,471,850,0.554,384,688,1072,195,76,231,222,281,2377,Candidate
Dan O'Sullivan,C,25,13,56,4,12,0.333,0,0,0.0,4,12,0.333,0.333,9,12,0.75,2,8,10,3,0,0,3,10,17,OOR
Charles Oakley,PF,30,82,2932,363,760,0.478,0,3,0.0,363,757,0.48,0.478,243,313,0.776,349,616,965,218,110,18,193,293,969,OOR
Hakeem Olajuwon,C,31,80,3277,894,1694,0.528,8,19,0.421,886,1675,0.529,0.53,388,542,0.716,229,726,955,287,128,297,271,289,2184,MVP
Jimmy Oliver,SG,24,44,540,89,214,0.416,13,32,0.406,76,182,0.418,0.446,25,33,0.758,8,38,46,33,16,1,21,39,216,OOR
Bo Outlaw,SF,22,37,871,98,167,0.587,0,2,0.0,98,165,0.594,0.587,61,103,0.592,81,131,212,36,36,37,31,94,257,OOR
Doug Overton,PG,24,61,749,87,216,0.403,1,11,0.091,86,205,0.42,0.405,43,52,0.827,19,50,69,92,21,1,54,48,218,OOR
Billy Owens,PF,24,79,2738,492,971,0.507,3,15,0.2,489,956,0.512,0.508,199,326,0.61,230,410,640,326,83,60,214,269,1186,OOR
Robert Pack,PG,24,66,1382,223,503,0.443,6,29,0.207,217,474,0.458,0.449,179,236,0.758,25,98,123,356,81,9,204,147,631,OOR
Gerald Paddio,SF,28,18,137,22,60,0.367,0,1,0.0,22,59,0.373,0.367,9,16,0.563,5,11,16,11,4,0,6,9,53,OOR
Robert Parish,C,40,74,1987,356,725,0.491,0,0,0.0,356,725,0.491,0.491,154,208,0.74,141,401,542,82,42,96,108,190,866,OOR
John Paxson,PG,33,27,343,30,68,0.441,9,22,0.409,21,46,0.457,0.507,1,2,0.5,3,17,20,33,7,2,6,18,70,OOR
Gary Payton,PG,25,82,2881,584,1159,0.504,15,54,0.278,569,1105,0.515,0.51,166,279,0.595,105,164,269,494,188,19,173,227,1349,OOR
Anthony Peeler,SG,24,30,923,176,409,0.43,14,63,0.222,162,346,0.468,0.447,57,71,0.803,48,61,109,94,43,8,59,93,423,OOR
Mike Peplowski,C,23,55,667,76,141,0.539,0,1,0.0,76,140,0.543,0.539,24,44,0.545,49,120,169,24,17,25,34,131,176,OOR
Will Perdue,C,28,43,397,47,112,0.42,0,1,0.0,47,111,0.423,0.42,23,32,0.719,40,86,126,34,8,11,42,61,117,OOR
Sam Perkins,PF,32,81,2170,341,779,0.438,99,270,0.367,242,509,0.475,0.501,218,272,0.801,120,246,366,111,67,31,103,197,999,OOR
Elliot Perry,PG,24,27,432,42,113,0.372,0,3,0.0,42,110,0.382,0.372,21,28,0.75,12,27,39,125,25,1,43,36,105,OOR
Tim Perry,PF,28,80,2336,272,625,0.435,73,200,0.365,199,425,0.468,0.494,102,176,0.58,117,287,404,94,60,82,80,154,719,OOR
Chuck Person,SF,29,77,2029,356,843,0.422,100,272,0.368,256,571,0.448,0.482,82,108,0.759,55,198,253,185,45,12,121,164,894,OOR
Richard Petruška,C,25,22,92,20,46,0.435,7,15,0.467,13,31,0.419,0.511,6,8,0.75,9,22,31,1,2,3,15,15,53,OOR
Bobby Phills,SG,24,72,1531,242,514,0.471,1,12,0.083,241,502,0.48,0.472,113,157,0.72,71,141,212,133,67,12,63,135,598,OOR
Ricky Pierce,SG,34,51,1022,272,577,0.471,6,32,0.188,266,545,0.488,0.477,189,211,0.896,29,54,83,91,42,5,64,84,739,OOR
Ed Pinckney,PF,30,76,1524,151,289,0.522,0,0,0.0,151,289,0.522,0.522,92,125,0.736,160,318,478,62,58,44,62,131,394,OOR
Scottie Pippen,SF,28,72,2759,627,1278,0.491,63,197,0.32,564,1081,0.522,0.515,270,409,0.66,173,456,629,403,211,58,232,227,1587,Candidate
Olden Polynice,C,29,68,2402,346,662,0.523,0,2,0.0,346,660,0.524,0.523,97,191,0.508,299,510,809,41,42,67,78,189,789,OOR
Terry Porter,PG,30,77,2074,348,836,0.416,110,282,0.39,238,554,0.43,0.482,204,234,0.872,45,170,215,401,79,18,166,132,1010,OOR
Brent Price,PG,25,65,1035,141,326,0.433,50,150,0.333,91,176,0.517,0.509,68,87,0.782,31,59,90,213,55,2,119,114,400,OOR
Mark Price,PG,29,76,2386,480,1005,0.478,118,297,0.397,362,708,0.511,0.536,238,268,0.888,39,189,228,589,103,11,189,93,1316,OOR
Dino Radja,PF,26,80,2303,491,942,0.521,0,1,0.0,491,941,0.522,0.521,226,301,0.751,191,386,577,114,70,67,149,276,1208,OOR
Kurt Rambis,PF,35,50,635,59,114,0.518,0,1,0.0,59,113,0.522,0.518,46,71,0.648,84,105,189,32,22,23,26,89,164,OOR
Mark Randall,PF,26,28,155,17,50,0.34,2,14,0.143,15,36,0.417,0.36,22,28,0.786,9,13,22,11,8,3,10,18,58,OOR
J.R. Reid,PF,25,70,1344,260,530,0.491,0,3,0.0,260,527,0.493,0.491,107,153,0.699,91,129,220,73,43,25,84,165,627,OOR
Glen Rice,SF,26,81,2999,663,1421,0.467,132,346,0.382,531,1075,0.494,0.513,250,284,0.88,76,358,434,184,110,32,130,186,1708,OOR
Pooh Richardson,PG,27,37,1022,160,354,0.452,3,12,0.25,157,342,0.459,0.456,47,77,0.61,28,82,110,237,32,3,88,78,370,OOR
Mitch Richmond,SG,28,78,2897,635,1428,0.445,127,312,0.407,508,1116,0.455,0.489,426,511,0.834,70,216,286,313,103,17,216,211,1823,OOR
Isaiah Rider,SG,22,79,2415,522,1115,0.468,54,150,0.36,468,965,0.485,0.492,215,265,0.811,118,197,315,202,54,28,218,194,1313,OOR
Eric Riley,C,23,47,219,34,70,0.486,0,1,0.0,34,69,0.493,0.486,20,37,0.541,24,35,59,9,5,9,15,30,88,OOR
Doc Rivers,PG,32,19,499,55,127,0.433,19,52,0.365,36,75,0.48,0.508,14,22,0.636,4,35,39,100,25,5,29,44,143,OOR
Stanley Roberts,C,23,14,350,43,100,0.43,0,0,0.0,43,100,0.43,0.43,18,44,0.409,27,66,93,11,6,25,24,54,104,OOR
Clifford Robinson,C,27,82,2853,641,1404,0.457,13,53,0.245,628,1351,0.465,0.461,352,460,0.765,164,386,550,159,118,111,169,263,1647,OOR
David Robinson,C,28,80,3241,840,1658,0.507,10,29,0.345,830,1629,0.51,0.51,693,925,0.749,241,614,855,381,139,265,253,228,2383,Candidate
James Robinson,PG,23,58,673,104,285,0.365,23,73,0.315,81,212,0.382,0.405,45,67,0.672,34,44,78,68,30,15,52,69,276,OOR
Larry Robinson,SG,26,6,55,10,20,0.5,2,8,0.25,8,12,0.667,0.55,3,8,0.375,4,6,10,6,7,0,10,8,25,OOR
Rumeal Robinson,PG,27,31,396,55,152,0.362,8,20,0.4,47,132,0.356,0.388,13,29,0.448,6,26,32,63,18,3,43,48,131,OOR
Dennis Rodman,PF,32,79,2989,156,292,0.534,5,24,0.208,151,268,0.563,0.543,53,102,0.52,453,914,1367,184,52,32,138,229,370,OOR
Rodney Rogers,SF,22,79,1406,239,545,0.439,35,92,0.38,204,453,0.45,0.471,127,189,0.672,90,136,226,101,63,48,131,195,640,OOR
Tree Rollins,C,38,45,384,29,53,0.547,0,0,0.0,29,53,0.547,0.547,18,30,0.6,33,63,96,9,7,35,13,55,76,OOR
Sean Rooks,C,24,47,1255,193,393,0.491,0,1,0.0,193,392,0.492,0.491,150,210,0.714,84,175,259,49,21,44,80,109,536,OOR
Donald Royal,SF,27,74,1357,174,347,0.501,0,2,0.0,174,345,0.504,0.501,199,269,0.74,94,154,248,61,50,16,76,121,547,OOR
Bryon Russell,SF,23,67,1121,135,279,0.484,2,22,0.091,133,257,0.518,0.487,62,101,0.614,61,120,181,54,68,19,55,138,334,OOR
John Salley,PF,29,76,1910,208,436,0.477,2,3,0.667,206,433,0.476,0.479,164,225,0.729,132,275,407,135,56,78,94,260,582,OOR
Danny Schayes,C,34,36,363,28,84,0.333,0,0,0.0,28,84,0.333,0.333,29,32,0.906,31,48,79,13,10,10,23,45,85,OOR
Steve Scheffler,C,26,35,152,28,46,0.609,0,0,0.0,28,46,0.609,0.609,19,20,0.95,11,15,26,6,7,0,8,25,75,OOR
Dwayne Schintzius,C,25,30,319,29,84,0.345,0,0,0.0,29,84,0.345,0.345,10,17,0.588,26,63,89,13,7,17,13,49,68,OOR
Detlef Schrempf,SF,31,81,2728,445,903,0.493,22,68,0.324,423,835,0.507,0.505,300,390,0.769,144,310,454,275,73,9,173,273,1212,OOR
Byron Scott,SG,32,67,1197,256,548,0.467,27,74,0.365,229,474,0.483,0.492,157,195,0.805,19,91,110,133,62,9,103,80,696,OOR
Dennis Scott,SF,25,82,2283,384,949,0.405,155,388,0.399,229,561,0.408,0.486,123,159,0.774,54,164,218,216,81,32,93,161,1046,OOR
Malik Sealy,SF,23,43,623,111,274,0.405,4,16,0.25,107,258,0.415,0.412,59,87,0.678,43,75,118,48,31,8,51,84,285,OOR
Rony Seikaly,C,28,72,2410,392,803,0.488,0,2,0.0,392,801,0.489,0.488,304,422,0.72,244,496,740,136,59,100,195,279,1088,OOR
Brian Shaw,SG,27,77,2037,278,667,0.417,73,216,0.338,205,451,0.455,0.472,64,89,0.719,104,246,350,385,71,21,173,195,693,OOR
Lionel Simmons,SF,25,75,2702,436,996,0.438,6,17,0.353,430,979,0.439,0.441,251,323,0.777,168,394,562,305,104,50,183,189,1129,OOR
Scott Skiles,PG,29,82,2303,276,644,0.429,68,165,0.412,208,479,0.434,0.481,195,222,0.878,42,147,189,503,47,2,193,171,815,OOR
Charles Smith,SF,28,43,1105,176,397,0.443,8,16,0.5,168,381,0.441,0.453,87,121,0.719,66,99,165,50,26,45,64,144,447,OOR
Chris Smith,PG,23,80,1617,184,423,0.435,10,39,0.256,174,384,0.453,0.447,95,141,0.674,15,107,122,285,38,18,101,131,473,OOR
Doug Smith,PF,24,79,1684,295,678,0.435,2,9,0.222,293,669,0.438,0.437,106,127,0.835,114,235,349,119,82,38,93,287,698,OOR
Kenny Smith,PG,28,78,2209,341,711,0.48,89,220,0.405,252,491,0.513,0.542,135,155,0.871,24,114,138,327,59,4,126,121,906,OOR
LaBradford Smith,SG,24,66,877,124,306,0.405,21,60,0.35,103,246,0.419,0.44,63,84,0.75,34,50,84,109,40,5,50,96,332,OOR
Reggie Smith,PF,23,43,316,29,72,0.403,0,0,0.0,29,72,0.403,0.403,18,38,0.474,40,59,99,4,12,6,12,47,76,OOR
Steve Smith,SG,24,78,2776,491,1076,0.456,91,262,0.347,400,814,0.491,0.499,273,327,0.835,156,196,352,394,84,35,202,217,1346,OOR
Tony Smith,SG,25,73,1617,272,617,0.441,16,50,0.32,256,567,0.451,0.454,85,119,0.714,106,89,195,148,59,14,76,128,645,OOR
Rik Smits,C,27,78,2113,493,923,0.534,0,1,0.0,493,922,0.535,0.534,238,300,0.793,135,348,483,156,49,82,151,281,1224,OOR
Andre Spencer,SF,29,28,349,52,118,0.441,0,0,0.0,52,118,0.441,0.441,55,77,0.714,30,43,73,22,19,7,21,43,159,OOR
Elmore Spencer,C,24,76,1930,288,540,0.533,0,2,0.0,288,538,0.535,0.533,97,162,0.599,96,319,415,75,30,127,168,208,673,OOR
Felton Spencer,C,26,79,2210,256,507,0.505,0,0,0.0,256,507,0.505,0.505,165,272,0.607,235,423,658,43,41,67,127,304,677,OOR
Latrell Sprewell,SG,23,82,3533,613,1417,0.433,141,391,0.361,472,1026,0.46,0.482,353,456,0.774,80,321,401,385,180,76,226,158,1720,OOR
John Starks,SG,28,59,2057,410,977,0.42,113,337,0.335,297,640,0.464,0.477,187,248,0.754,37,148,185,348,95,6,184,191,1120,OOR
Larry Stewart,SF,25,3,35,3,8,0.375,0,0,0.0,3,8,0.375,0.375,7,10,0.7,1,6,7,2,2,1,2,4,13,OOR
Bryant Stith,SG,23,82,2853,365,811,0.45,2,9,0.222,363,802,0.453,0.451,291,351,0.829,119,230,349,199,116,16,131,165,1023,OOR
John Stockton,PG,31,82,2969,458,868,0.528,48,149,0.322,410,719,0.57,0.555,272,338,0.805,72,186,258,1031,199,22,266,236,1236,OOR
Rod Strickland,PG,27,82,2889,528,1093,0.483,2,10,0.2,526,1083,0.486,0.484,353,471,0.749,122,248,370,740,147,24,257,171,1411,OOR
Derek Strong,PF,25,67,1131,141,341,0.413,3,13,0.231,138,328,0.421,0.418,159,206,0.772,109,172,281,48,38,14,61,69,444,OOR
Isiah Thomas,PG,32,58,1750,318,763,0.417,39,126,0.31,279,637,0.438,0.442,181,258,0.702,46,113,159,399,68,6,202,126,856,OOR
Kevin Thompson,C,22,14,58,6,14,0.429,0,1,0.0,6,13,0.462,0.429,1,2,0.5,7,6,13,3,0,2,5,11,13,OOR
LaSalle Thompson,C,32,30,282,27,77,0.351,0,0,0.0,27,77,0.351,0.351,16,30,0.533,26,49,75,16,10,8,23,59,70,OOR
Otis Thorpe,PF,31,82,2909,449,801,0.561,0,2,0.0,449,799,0.562,0.561,251,382,0.657,271,599,870,189,66,28,185,253,1149,OOR
Sedale Threatt,PG,32,81,2278,411,852,0.482,5,33,0.152,406,819,0.496,0.485,138,155,0.89,28,125,153,344,110,19,106,186,965,OOR
Wayman Tisdale,PF,29,79,2557,552,1102,0.501,0,0,0.0,552,1102,0.501,0.501,215,266,0.808,159,401,560,139,37,52,124,290,1319,OOR
Tom Tolbert,SF,28,49,640,74,177,0.418,6,16,0.375,68,161,0.422,0.435,33,45,0.733,36,72,108,30,13,15,39,61,187,OOR
Sedric Toney,PG,31,12,64,2,12,0.167,0,1,0.0,2,11,0.182,0.167,2,2,1.0,1,2,3,11,0,0,5,8,6,OOR
Keith Tower,C,23,11,32,4,9,0.444,0,0,0.0,4,9,0.444,0.444,0,0,0.0,0,6,6,1,0,0,0,6,8,OOR
Jeff Turner,PF,31,68,1536,199,426,0.467,18,55,0.327,181,371,0.488,0.488,35,45,0.778,79,192,271,60,23,11,75,239,451,OOR
Nick Van Exel,PG,22,81,2700,413,1049,0.394,123,364,0.338,290,685,0.423,0.452,150,192,0.781,47,191,238,466,85,8,145,154,1099,OOR
Loy Vaught,PF,25,75,2118,373,695,0.537,0,5,0.0,373,690,0.541,0.537,131,182,0.72,218,438,656,74,76,22,96,221,877,OOR
Kenny Walker,SF,29,73,1397,132,274,0.482,0,3,0.0,132,271,0.487,0.482,87,125,0.696,118,171,289,33,26,59,44,156,351,OOR
Rex Walters,SG,23,48,386,60,115,0.522,14,28,0.5,46,87,0.529,0.583,28,34,0.824,6,32,38,71,15,3,30,41,162,OOR
Clarence Weatherspoon,SF,23,82,3147,602,1246,0.483,4,17,0.235,598,1229,0.487,0.485,298,430,0.693,254,578,832,192,100,116,195,152,1506,OOR
Spud Webb,PG,30,79,2567,373,810,0.46,55,164,0.335,318,646,0.492,0.494,204,251,0.813,44,178,222,528,93,23,168,182,1005,OOR
Chris Webber,C,20,76,2438,572,1037,0.552,0,14,0.0,572,1023,0.559,0.552,189,355,0.532,305,389,694,272,93,164,206,247,1333,OOR
Bill Wennington,C,30,76,1371,235,482,0.488,0,2,0.0,235,480,0.49,0.488,72,88,0.818,117,236,353,70,43,29,75,214,542,OOR
Matt Wenstrom,C,23,11,37,6,10,0.6,0,0,0.0,6,10,0.6,0.6,6,10,0.6,6,6,12,0,0,2,4,7,18,OOR
David Wesley,PG,23,60,542,64,174,0.368,11,47,0.234,53,127,0.417,0.399,44,53,0.83,10,34,44,123,38,4,52,47,183,OOR
Doug West,SG,26,72,2182,434,891,0.487,1,8,0.125,433,883,0.49,0.488,187,231,0.81,61,170,231,172,65,24,137,236,1056,OOR
Mark West,C,33,82,1236,162,286,0.566,0,0,0.0,162,286,0.566,0.566,58,116,0.5,112,183,295,33,31,109,74,214,382,OOR
Ennis Whatley,PG,31,82,1004,120,236,0.508,0,6,0.0,120,230,0.522,0.508,52,66,0.788,22,77,99,181,59,2,78,93,292,OOR
Randy White,PF,26,18,320,45,112,0.402,6,20,0.3,39,92,0.424,0.429,19,33,0.576,30,53,83,11,10,10,18,46,115,OOR
Chris Whitney,PG,22,40,339,25,82,0.305,10,30,0.333,15,52,0.288,0.366,12,15,0.8,5,24,29,53,11,1,37,53,72,OOR
Morlon Wiley,PG,27,16,158,9,29,0.31,3,10,0.3,6,19,0.316,0.362,0,0,0.0,0,10,10,23,15,0,17,21,21,OOR
Dominique Wilkins,SF,34,74,2635,698,1588,0.44,85,295,0.288,613,1293,0.474,0.466,442,522,0.847,182,299,481,169,92,30,172,126,1923,OOR
Gerald Wilkins,SG,30,82,2768,446,975,0.457,84,212,0.396,362,763,0.474,0.501,194,250,0.776,106,197,303,255,105,38,131,186,1170,OOR
Aaron Williams,PF,22,6,12,2,8,0.25,0,0,0.0,2,8,0.25,0.25,0,1,0.0,1,2,3,1,0,0,1,4,4,OOR
Buck Williams,PF,33,81,2636,291,524,0.555,0,1,0.0,291,523,0.556,0.555,201,296,0.679,315,528,843,80,58,47,111,239,783,OOR
Corey Williams,PG,23,4,46,5,13,0.385,0,1,0.0,5,12,0.417,0.385,1,1,1.0,1,5,6,6,2,0,2,6,11,OOR
Herb Williams,C,35,70,774,103,233,0.442,0,1,0.0,103,232,0.444,0.442,27,42,0.643,56,126,182,28,18,43,39,108,233,OOR
Hot Rod Williams,PF,31,76,2660,394,825,0.478,0,0,0.0,394,825,0.478,0.478,252,346,0.728,207,368,575,193,78,130,139,219,1040,OOR
Jayson Williams,PF,25,70,877,125,293,0.427,0,0,0.0,125,293,0.427,0.427,72,119,0.605,109,154,263,26,17,36,35,140,322,OOR
John Williams,SF,27,34,725,81,188,0.431,5,20,0.25,76,168,0.452,0.444,24,36,0.667,37,90,127,97,25,10,35,85,191,OOR
Kenny Williams,SF,24,68,982,191,391,0.488,0,4,0.0,191,387,0.494,0.488,45,64,0.703,93,112,205,52,24,49,45,99,427,OOR
Lorenzo Williams,PF,24,38,716,49,110,0.445,0,1,0.0,49,109,0.45,0.445,12,28,0.429,95,122,217,25,18,46,22,92,110,OOR
Micheal Williams,PG,27,71,2206,314,687,0.457,10,45,0.222,304,642,0.474,0.464,333,397,0.839,67,154,221,512,118,24,203,193,971,OOR
Reggie Williams,SF,29,82,2654,418,1014,0.412,64,230,0.278,354,784,0.452,0.444,165,225,0.733,98,294,392,300,117,66,163,288,1065,OOR
Scott Williams,C,25,38,638,114,236,0.483,1,5,0.2,113,231,0.489,0.485,60,98,0.612,69,112,181,39,16,21,44,112,289,OOR
Walt Williams,SF,23,57,1356,226,580,0.39,38,132,0.288,188,448,0.42,0.422,148,233,0.635,71,164,235,132,52,23,145,200,638,OOR
Kevin Willis,PF,31,80,2867,627,1257,0.499,9,24,0.375,618,1233,0.501,0.502,268,376,0.713,335,628,963,150,79,38,188,250,1531,OOR
Trevor Wilson,PF,25,57,1221,187,388,0.482,0,2,0.0,187,386,0.484,0.482,92,166,0.554,120,153,273,72,38,11,93,123,466,OOR
David Wingate,SG,30,50,1005,136,283,0.481,4,12,0.333,132,271,0.487,0.488,34,51,0.667,30,104,134,104,42,6,53,85,310,OOR
David Wood,PF,29,78,1182,119,259,0.459,22,49,0.449,97,210,0.462,0.502,62,82,0.756,104,135,239,51,39,19,35,201,322,OOR
Randy Woods,PG,23,40,352,49,133,0.368,27,78,0.346,22,55,0.4,0.47,20,35,0.571,13,16,29,71,24,2,34,40,145,OOR
Orlando Woolridge,SF,34,74,1955,364,773,0.471,1,14,0.071,363,759,0.478,0.472,208,302,0.689,103,195,298,139,41,56,142,186,937,OOR
Haywoode Workman,PG,28,65,1714,195,460,0.424,18,56,0.321,177,404,0.438,0.443,93,116,0.802,32,172,204,404,85,4,151,152,501,OOR
James Worthy,SF,32,80,1597,340,838,0.406,32,111,0.288,308,727,0.424,0.425,100,135,0.741,48,133,181,154,45,18,97,80,812,OOR
Luther Wright,C,22,15,92,8,23,0.348,0,1,0.0,8,22,0.364,0.348,3,4,0.75,6,4,10,0,1,2,6,21,19,OOR
