Player,Pos,Age,G,MP,FG,FGA,FG%,3P,3PA,3P%,2P,2PA,2P%,eFG%,FT,FTA,FT%,ORB,DRB,TRB,AST,STL,BLK,TOV,PF,PTS,Status
Alaa Abdelnaby,PF,26,54,506,118,231,0.511,0,2,0.0,118,229,0.515,0.511,20,35,0.571,37,77,114,13,15,12,45,104,256,OOR
Mahmoud Abdul-Rauf,PG,25,73,2082,472,1005,0.47,83,215,0.386,389,790,0.492,0.511,138,156,0.885,32,105,137,263,77,9,119,126,1165,OOR
Michael Adams,PG,32,29,443,67,148,0.453,29,81,0.358,38,67,0.567,0.551,25,30,0.833,6,23,29,95,23,1,26,41,188,OOR
Rafael Addison,SF,30,79,1776,279,586,0.476,24,83,0.289,255,503,0.507,0.497,74,99,0.747,67,175,242,109,53,25,76,236,656,OOR
Danny Ainge,SG,35,74,1374,194,422,0.46,78,214,0.364,116,208,0.558,0.552,105,130,0.808,25,84,109,210,46,7,79,155,571,OOR
Victor Alexander,C,25,50,1237,230,447,0.515,6,25,0.24,224,422,0.531,0.521,36,60,0.6,87,204,291,60,28,29,76,145,502,OOR
Derrick Alston,C,22,64,1032,120,258,0.465,0,4,0.0,120,254,0.472,0.465,59,120,0.492,98,121,219,33,39,35,53,107,299,OOR
Greg Anderson,PF,30,51,622,57,104,0.548,0,0,0.0,57,104,0.548,0.548,34,71,0.479,62,126,188,17,23,32,32,103,148,OOR
Kenny Anderson,PG,24,72,2689,411,1031,0.399,97,294,0.33,314,737,0.426,0.446,348,414,0.841,73,177,250,680,103,14,225,184,1267,OOR
Nick Anderson,SG,27,76,2588,439,923,0.476,179,431,0.415,260,492,0.528,0.573,143,203,0.704,85,250,335,314,125,22,141,124,1200,OOR
Willie Anderson,SG,28,38,556,76,162,0.469,3,19,0.158,73,143,0.51,0.478,30,41,0.732,15,40,55,52,26,10,38,71,185,OOR
Greg Anthony,PG,27,61,943,128,293,0.437,56,155,0.361,72,138,0.522,0.532,60,76,0.789,7,57,64,160,50,7,57,99,372,OOR
B.J. Armstrong,PG,27,82,2577,418,894,0.468,108,253,0.427,310,641,0.484,0.528,206,233,0.884,25,161,186,244,84,8,103,159,1150,OOR
Darrell Armstrong,PG,26,3,8,3,8,0.375,2,6,0.333,1,2,0.5,0.5,2,2,1.0,1,0,1,3,1,0,1,3,10,OOR
Vincent Askew,SG,28,71,1721,248,504,0.492,31,94,0.33,217,410,0.529,0.523,176,238,0.739,65,116,181,176,49,13,85,191,703,OOR
Keith Askins,SF,27,50,854,81,207,0.391,21,78,0.269,60,129,0.465,0.442,46,57,0.807,86,112,198,39,35,17,25,109,229,OOR
Stacey Augmon,SG,26,76,2362,397,876,0.453,7,26,0.269,390,850,0.459,0.457,252,346,0.728,157,211,368,197,100,47,152,163,1053,OOR
Anthony Avent,PF,25,71,1066,105,244,0.43,0,0,0.0,105,244,0.43,0.43,48,75,0.64,97,196,293,41,28,50,53,170,258,OOR
Vin Baker,PF,23,82,3361,594,1229,0.483,7,24,0.292,587,1205,0.487,0.486,256,432,0.593,289,557,846,296,86,116,221,277,1451,OOR
Charles Barkley,PF,31,68,2382,554,1141,0.486,74,219,0.338,480,922,0.521,0.518,379,507,0.748,203,553,756,276,110,45,150,201,1561,OOR
Dana Barros,PG,27,82,3318,571,1165,0.49,197,425,0.464,374,740,0.505,0.575,347,386,0.899,27,247,274,619,149,4,242,159,1686,OOR
Jon Barry,SG,25,52,602,57,134,0.425,16,48,0.333,41,86,0.477,0.485,61,80,0.763,15,34,49,85,30,4,41,54,191,OOR
John Battle,SG,32,28,280,43,114,0.377,11,31,0.355,32,83,0.386,0.425,19,26,0.731,3,8,11,37,8,1,17,28,116,OOR
Sergei Bazarevich,PG,29,10,74,11,22,0.5,1,6,0.167,10,16,0.625,0.523,7,9,0.778,1,6,7,14,1,1,7,10,30,OOR
Benoit Benjamin,C,30,61,1598,271,531,0.51,0,0,0.0,271,531,0.51,0.51,133,175,0.76,94,346,440,38,23,64,125,151,675,OOR
Elmer Bennett,PG,24,4,18,6,11,0.545,0,2,0.0,6,9,0.667,0.545,3,4,0.75,0,1,1,3,4,0,3,3,15,OOR
Tony Bennett,PG,25,3,46,6,13,0.462,2,9,0.222,4,4,1.0,0.538,0,0,0.0,0,2,2,4,0,0,3,6,14,OOR
David Benoit,SF,26,71,1841,285,587,0.486,38,115,0.33,247,472,0.523,0.518,132,157,0.841,96,272,368,58,45,47,75,183,740,OOR
James Blackwell,PG,26,13,80,8,13,0.615,0,0,0.0,8,13,0.615,0.615,2,3,0.667,2,9,11,11,4,0,5,8,18,OOR
Mookie Blaylock,PG,27,80,3069,509,1198,0.425,199,555,0.359,310,643,0.482,0.508,156,214,0.729,117,276,393,616,200,26,242,164,1373,OOR
Corie Blount,PF,26,68,889,100,210,0.476,0,2,0.0,100,208,0.481,0.476,38,67,0.567,107,133,240,60,26,33,59,146,238,OOR
Muggsy Bogues,PG,30,78,2629,348,730,0.477,6,30,0.2,342,700,0.489,0.481,160,180,0.889,51,206,257,675,103,0,132,151,862,OOR
Manute Bol,C,32,5,81,6,10,0.6,3,5,0.6,3,5,0.6,0.75,0,0,0.0,1,11,12,0,0,9,1,10,15,OOR
Walter Bond,SG,25,23,290,39,84,0.464,15,41,0.366,24,43,0.558,0.554,14,20,0.7,8,24,32,24,6,4,17,47,107,OOR
Anthony Bonner,PF,26,58,1126,88,193,0.456,1,5,0.2,87,188,0.463,0.459,44,67,0.657,113,149,262,80,48,23,79,159,221,OOR
Anthony Bowie,SG,31,77,1261,177,369,0.48,12,40,0.3,165,329,0.502,0.496,61,73,0.836,54,85,139,159,47,21,86,138,427,OOR
Sam Bowie,C,33,67,1225,118,267,0.442,2,11,0.182,116,256,0.453,0.446,68,89,0.764,72,216,288,118,21,80,91,182,306,OOR
Shawn Bradley,C,22,82,2365,315,693,0.455,0,3,0.0,315,690,0.457,0.455,148,232,0.638,243,416,659,53,54,274,142,338,778,OOR
Terrell Brandon,PG,24,67,1961,341,762,0.448,48,121,0.397,293,641,0.457,0.479,159,186,0.855,35,151,186,363,107,14,144,118,889,OOR
Tim Breaux,SF,24,42,340,45,121,0.372,6,25,0.24,39,96,0.406,0.397,32,49,0.653,16,18,34,15,11,4,16,25,128,OOR
Scott Brooks,PG,29,59,808,126,275,0.458,25,69,0.362,101,206,0.49,0.504,64,79,0.81,14,52,66,116,34,4,47,56,341,OOR
Chucky Brown,SF,26,41,814,105,174,0.603,1,3,0.333,104,171,0.608,0.606,38,62,0.613,64,125,189,30,11,14,29,105,249,OOR
Dee Brown,SG,26,79,2792,437,977,0.447,126,327,0.385,311,650,0.478,0.512,236,277,0.852,63,186,249,301,110,49,146,181,1236,OOR
Mike Brown,C,31,27,213,10,40,0.25,0,1,0.0,10,39,0.256,0.25,15,27,0.556,9,36,45,10,7,0,16,35,35,OOR
P.J. Brown,C,25,80,2466,254,570,0.446,4,24,0.167,250,546,0.458,0.449,139,207,0.671,178,309,487,135,69,135,80,262,651,OOR
Randy Brown,PG,26,67,1086,124,287,0.432,14,47,0.298,110,240,0.458,0.456,55,82,0.671,24,84,108,133,99,19,78,153,317,OOR
Mark Bryant,PF,29,49,658,101,192,0.526,1,2,0.5,100,190,0.526,0.529,41,63,0.651,55,106,161,28,19,16,39,109,244,OOR
Jud Buechler,SF,26,57,605,90,183,0.492,15,48,0.313,75,135,0.556,0.533,22,39,0.564,36,62,98,50,24,12,30,64,217,OOR
Scott Burrell,SF,24,65,2014,277,593,0.467,96,235,0.409,181,358,0.506,0.548,100,144,0.694,96,272,368,161,75,40,85,187,750,OOR
Willie Burton,SF,26,53,1564,243,606,0.401,106,275,0.385,137,331,0.414,0.488,220,267,0.824,49,115,164,96,32,19,122,167,812,OOR
Mitchell Butler,SG,24,76,1554,214,508,0.421,46,141,0.326,168,367,0.458,0.467,123,185,0.665,43,127,170,91,61,10,106,155,597,OOR
Michael Cage,C,33,82,2040,177,340,0.521,0,2,0.0,177,338,0.524,0.521,53,88,0.602,203,361,564,56,61,67,56,149,407,OOR
Adrian Caldwell,PF,28,7,30,1,4,0.25,0,0,0.0,1,4,0.25,0.25,3,6,0.5,1,9,10,0,1,0,1,6,5,OOR
Elden Campbell,PF,26,73,2076,360,785,0.459,0,1,0.0,360,784,0.459,0.459,193,290,0.666,168,277,445,92,69,132,98,246,913,OOR
Tony Campbell,SF,32,78,1128,161,392,0.411,15,42,0.357,146,350,0.417,0.43,132,159,0.83,60,93,153,69,32,8,65,122,469,OOR
Antoine Carr,C,33,78,1677,290,546,0.531,1,4,0.25,289,542,0.533,0.532,165,201,0.821,81,184,265,67,24,68,87,253,746,OOR
Bill Cartwright,C,37,29,430,27,69,0.391,0,0,0.0,27,69,0.391,0.391,15,24,0.625,25,62,87,10,6,3,18,70,69,OOR
Sam Cassell,PG,25,82,1882,253,593,0.427,63,191,0.33,190,402,0.473,0.48,214,254,0.843,38,173,211,405,94,14,167,209,783,OOR
Duane Causwell,C,26,58,820,76,147,0.517,0,1,0.0,76,146,0.521,0.517,57,98,0.582,57,117,174,15,14,80,33,146,209,OOR
Cedric Ceballos,SF,25,58,2029,497,977,0.509,58,146,0.397,439,831,0.528,0.538,209,292,0.716,169,295,464,105,60,19,143,131,1261,OOR
Tom Chambers,PF,35,81,1240,195,427,0.457,4,24,0.167,191,403,0.474,0.461,109,135,0.807,66,147,213,73,25,30,52,173,503,OOR
Rex Chapman,SG,27,45,1468,254,639,0.397,86,274,0.314,168,365,0.46,0.465,137,159,0.862,23,90,113,128,67,15,62,85,731,OOR
Calbert Cheaney,SG,23,78,2651,512,1129,0.453,96,283,0.339,416,846,0.492,0.496,173,213,0.812,105,216,321,177,80,21,151,215,1293,OOR
Pete Chilcutt,PF,26,68,1347,146,328,0.445,35,86,0.407,111,242,0.459,0.498,31,42,0.738,106,211,317,66,25,43,61,117,358,OOR
Chris Childs,PG,27,53,1021,106,279,0.38,41,125,0.328,65,154,0.422,0.453,55,73,0.753,14,55,69,219,42,3,76,116,308,OOR
Doug Christie,SG,24,12,79,5,22,0.227,1,7,0.143,4,15,0.267,0.25,4,5,0.8,3,10,13,8,2,1,13,18,15,OOR
Derrick Coleman,PF,27,56,2103,371,875,0.424,28,120,0.233,343,755,0.454,0.44,376,490,0.767,167,424,591,187,35,94,172,162,1146,OOR
Bimbo Coles,PG,26,68,2207,261,607,0.43,16,76,0.211,245,531,0.461,0.443,141,174,0.81,46,145,191,416,99,13,156,185,679,OOR
Steve Colter,PG,32,57,752,67,169,0.396,8,35,0.229,59,134,0.44,0.42,54,71,0.761,13,46,59,101,30,6,36,53,196,OOR
Marty Conlon,C,27,82,2064,344,647,0.532,8,29,0.276,336,618,0.544,0.538,119,194,0.613,160,266,426,110,42,18,123,218,815,OOR
Lester Conner,SG,35,2,5,0,0,0.0,0,0,0.0,0,0,0.0,0.0,2,2,1.0,0,0,0,0,1,0,0,3,2,OOR
Tyrone Corbin,SF,32,81,1389,205,464,0.442,14,56,0.25,191,408,0.468,0.457,78,114,0.684,98,164,262,67,55,16,74,161,502,OOR
John Crotty,PG,25,80,1019,93,231,0.403,11,36,0.306,82,195,0.421,0.426,98,121,0.81,27,70,97,205,39,6,70,105,295,OOR
Corey Crowder,SF,25,7,29,2,10,0.2,0,4,0.0,2,6,0.333,0.2,2,6,0.333,1,2,3,1,1,0,2,1,6,OOR
Terry Cummings,PF,33,76,1273,224,464,0.483,0,0,0.0,224,464,0.483,0.483,72,123,0.585,138,240,378,59,36,19,95,188,520,OOR
Bill Curley,PF,22,53,595,58,134,0.433,0,0,0.0,58,134,0.433,0.433,27,36,0.75,54,70,124,25,21,21,25,128,143,OOR
Dell Curry,SG,30,69,1718,343,778,0.441,154,361,0.427,189,417,0.453,0.54,95,111,0.856,41,127,168,113,55,18,98,144,935,OOR
Lloyd Daniels,SG,27,30,604,80,209,0.383,26,100,0.26,54,109,0.495,0.445,22,27,0.815,29,34,63,40,22,10,31,48,208,OOR
Yinka Dare,C,22,1,3,0,1,0.0,0,0,0.0,0,1,0.0,0.0,0,0,0.0,0,1,1,0,0,0,1,2,0,OOR
Antonio Davis,PF,26,44,1030,109,245,0.445,0,0,0.0,109,245,0.445,0.445,117,174,0.672,105,175,280,25,19,29,64,134,335,OOR
Dale Davis,PF,25,74,2346,324,576,0.563,0,1,0.0,324,575,0.563,0.563,138,259,0.533,259,437,696,58,72,116,124,222,786,OOR
Hubert Davis,SG,24,82,1697,296,617,0.48,131,288,0.455,165,329,0.502,0.586,97,120,0.808,30,80,110,150,35,11,87,146,820,OOR
Terry Davis,PF,27,46,580,49,113,0.434,0,2,0.0,49,111,0.441,0.434,42,66,0.636,63,93,156,10,6,3,30,76,140,OOR
Johnny Dawkins,PG,31,50,1170,125,270,0.463,25,73,0.342,100,197,0.508,0.509,50,55,0.909,28,85,113,205,52,1,86,74,325,OOR
Tony Dawson,SF,27,2,13,3,8,0.375,1,3,0.333,2,5,0.4,0.438,1,1,1.0,0,3,3,1,0,0,2,4,8,OOR
Todd Day,SG,25,82,2717,445,1049,0.424,163,418,0.39,282,631,0.447,0.502,257,341,0.754,95,227,322,134,104,63,157,283,1310,OOR
Terry Dehere,PG,23,80,1774,279,685,0.407,48,163,0.294,231,522,0.443,0.442,229,292,0.784,35,117,152,225,45,7,157,200,835,OOR
Vinny Del Negro,SG,28,75,2360,372,766,0.486,66,162,0.407,306,604,0.507,0.529,128,162,0.79,28,164,192,226,61,14,56,179,938,OOR
Bison Dele,C,25,63,1261,196,333,0.589,0,0,0.0,196,333,0.589,0.589,106,162,0.654,98,200,298,53,38,43,114,210,498,OOR
Vlade Divac,C,26,80,2807,485,957,0.507,10,53,0.189,475,904,0.525,0.512,297,382,0.777,261,568,829,329,109,174,205,305,1277,OOR
James Donaldson,C,37,43,613,44,74,0.595,0,0,0.0,44,74,0.595,0.595,22,31,0.71,19,88,107,14,6,28,22,66,110,OOR
Sherman Douglas,PG,28,65,2048,365,769,0.475,20,82,0.244,345,687,0.502,0.488,204,296,0.689,48,122,170,446,80,2,162,152,954,OOR
Greg Dreiling,C,32,58,483,42,102,0.412,0,0,0.0,42,102,0.412,0.412,26,41,0.634,32,84,116,22,6,22,25,108,110,OOR
Clyde Drexler,SG,32,76,2728,571,1238,0.461,147,408,0.36,424,830,0.511,0.521,364,442,0.824,152,328,480,362,136,45,186,206,1653,OOR
Kevin Duckworth,C,30,40,818,118,267,0.442,2,10,0.2,116,257,0.451,0.446,45,70,0.643,65,130,195,20,21,24,59,110,283,OOR
Chris Dudley,C,29,82,2245,181,446,0.406,0,1,0.0,181,445,0.407,0.406,85,183,0.464,325,439,764,34,43,126,81,286,447,OOR
Joe Dumars,SG,31,67,2544,417,970,0.43,103,338,0.305,314,632,0.497,0.483,277,344,0.805,47,111,158,368,72,7,219,153,1214,OOR
Richard Dumas,SF,25,15,167,37,73,0.507,0,1,0.0,37,72,0.514,0.507,8,16,0.5,18,11,29,7,10,2,9,22,82,OOR
Tony Dumas,SG,22,58,613,96,250,0.384,22,73,0.301,74,177,0.418,0.428,50,77,0.649,32,30,62,57,13,4,50,78,264,OOR
Pat Durham,SF,27,59,852,117,237,0.494,5,26,0.192,112,211,0.531,0.504,63,96,0.656,37,57,94,53,36,32,45,114,302,OOR
Ledell Eackles,SG,28,54,898,143,326,0.439,18,41,0.439,125,285,0.439,0.466,91,126,0.722,33,62,95,72,19,2,53,88,395,OOR
Acie Earl,C,24,30,208,26,68,0.382,0,0,0.0,26,68,0.382,0.382,14,29,0.483,19,26,45,2,6,8,14,39,66,OOR
Blue Edwards,SF,29,67,1112,181,393,0.461,22,75,0.293,159,318,0.5,0.489,75,90,0.833,50,80,130,77,43,16,81,143,459,OOR
Doug Edwards,PF,24,38,212,22,48,0.458,0,1,0.0,22,47,0.468,0.458,23,32,0.719,19,29,48,13,5,4,22,30,67,OOR
James Edwards,C,39,28,266,32,83,0.386,0,0,0.0,32,83,0.386,0.386,11,17,0.647,10,33,43,8,5,8,14,44,75,OOR
Kevin Edwards,SG,29,14,466,69,154,0.448,18,45,0.4,51,109,0.468,0.506,40,42,0.952,10,27,37,27,19,5,35,42,196,OOR
Craig Ehlo,SG,33,49,1166,191,422,0.453,51,134,0.381,140,288,0.486,0.513,44,71,0.62,55,92,147,113,46,6,73,86,477,OOR
Howard Eisley,PG,22,49,552,40,122,0.328,9,37,0.243,31,85,0.365,0.365,31,40,0.775,12,36,48,95,18,6,50,81,120,OOR
Mario Elie,SF,31,81,1896,243,487,0.499,80,201,0.398,163,286,0.57,0.581,144,171,0.842,50,146,196,189,65,12,104,158,710,OOR
Sean Elliott,SF,26,81,2858,502,1072,0.468,136,333,0.408,366,739,0.495,0.532,326,404,0.807,63,224,287,206,78,38,151,216,1466,OOR
Dale Ellis,SF,34,81,1996,351,774,0.453,106,263,0.403,245,511,0.479,0.522,110,127,0.866,56,166,222,57,37,9,81,142,918,OOR
Harold Ellis,SF,24,69,656,91,189,0.481,1,13,0.077,90,176,0.511,0.484,69,117,0.59,56,32,88,40,67,12,49,102,252,OOR
LaPhonso Ellis,PF,24,6,58,9,25,0.36,0,0,0.0,9,25,0.36,0.36,6,6,1.0,7,10,17,4,1,5,5,12,24,OOR
Pervis Ellison,C,27,55,1083,152,300,0.507,0,2,0.0,152,298,0.51,0.507,71,99,0.717,124,185,309,34,22,54,76,179,375,OOR
Jo Jo English,SG,24,8,127,15,39,0.385,3,12,0.25,12,27,0.444,0.423,10,13,0.769,1,2,3,7,7,1,6,19,43,OOR
Patrick Ewing,C,32,79,2920,730,1452,0.503,6,21,0.286,724,1431,0.506,0.505,420,560,0.75,157,710,867,212,68,159,256,272,1886,Candidate
Duane Ferrell,SF,29,56,607,83,173,0.48,1,6,0.167,82,167,0.491,0.483,64,85,0.753,50,38,88,31,26,6,43,79,231,OOR
Danny Ferry,PF,28,82,1290,223,500,0.446,94,233,0.403,129,267,0.483,0.54,74,84,0.881,30,113,143,96,27,22,59,131,614,OOR
Matt Fish,C,25,26,370,49,103,0.476,0,1,0.0,49,102,0.48,0.476,25,37,0.676,32,52,84,17,16,7,28,70,123,OOR
Vern Fleming,PG,32,55,686,93,188,0.495,0,7,0.0,93,181,0.514,0.495,65,90,0.722,20,68,88,109,27,1,43,80,251,OOR
Sleepy Floyd,SG,34,48,831,71,212,0.335,25,88,0.284,46,124,0.371,0.394,30,43,0.698,8,46,54,126,13,6,51,73,197,OOR
Alphonso Ford,SG,23,5,98,9,39,0.231,0,9,0.0,9,30,0.3,0.231,1,2,0.5,8,12,20,9,1,0,8,5,19,OOR
Greg Foster,PF,26,78,1144,150,318,0.472,7,23,0.304,143,295,0.485,0.483,78,111,0.703,85,174,259,39,15,28,71,183,385,OOR
Rick Fox,SF,25,53,1039,169,351,0.481,31,75,0.413,138,276,0.5,0.526,95,123,0.772,61,94,155,139,52,19,78,154,464,OOR
Corey Gaines,SG,29,11,280,24,51,0.471,2,15,0.133,22,36,0.611,0.49,5,11,0.455,1,17,18,33,8,1,14,23,55,OOR
Kevin Gamble,SF,29,77,1223,220,450,0.489,39,98,0.398,181,352,0.514,0.532,87,111,0.784,29,93,122,119,52,10,49,130,566,OOR
Winston Garland,PG,30,73,1931,170,410,0.415,19,75,0.253,151,335,0.451,0.438,89,112,0.795,48,120,168,318,71,13,105,184,448,OOR
Chris Gatling,PF,27,58,1470,324,512,0.633,0,1,0.0,324,511,0.634,0.633,148,250,0.592,144,299,443,51,39,52,117,184,796,OOR
Kenny Gattison,PF,30,21,409,47,100,0.47,0,1,0.0,47,99,0.475,0.47,31,51,0.608,21,54,75,17,7,15,22,64,125,OOR
Matt Geiger,C,25,74,1712,260,485,0.536,4,10,0.4,256,475,0.539,0.54,93,143,0.65,146,267,413,55,41,51,113,245,617,OOR
Tate George,SG,26,3,8,1,3,0.333,0,1,0.0,1,2,0.5,0.333,2,2,1.0,1,0,1,0,0,0,2,1,4,OOR
Kendall Gill,SG,26,73,2125,392,858,0.457,63,171,0.368,329,687,0.479,0.494,155,209,0.742,99,191,290,192,117,28,138,186,1002,OOR
Armen Gilliam,PF,30,82,2472,455,905,0.503,0,2,0.0,455,903,0.504,0.503,302,392,0.77,192,421,613,99,67,89,152,171,1212,OOR
Greg Graham,SG,24,50,775,95,223,0.426,6,28,0.214,89,195,0.456,0.439,55,73,0.753,19,43,62,66,29,6,48,76,251,OOR
Ron Grandison,PF,30,2,8,1,4,0.25,0,0,0.0,1,4,0.25,0.25,0,0,0.0,3,2,5,2,0,0,0,2,2,OOR
Brian Grant,PF,22,80,2289,413,809,0.511,1,4,0.25,412,805,0.512,0.511,231,363,0.636,207,391,598,99,49,116,163,276,1058,OOR
Gary Grant,PG,29,33,470,78,166,0.47,4,16,0.25,74,150,0.493,0.482,45,55,0.818,8,27,35,93,29,3,44,66,205,OOR
Greg Grant,PG,28,14,151,10,33,0.303,2,7,0.286,8,26,0.308,0.333,9,12,0.75,2,7,9,43,6,2,14,20,31,OOR
Harvey Grant,PF,29,75,1771,286,621,0.461,8,26,0.308,278,595,0.467,0.467,103,146,0.705,103,181,284,82,56,53,62,163,683,OOR
Horace Grant,PF,29,74,2693,401,707,0.567,0,8,0.0,401,699,0.574,0.567,146,211,0.692,223,492,715,173,76,88,85,203,948,OOR
Jeff Grayer,SG,29,47,1098,163,381,0.428,5,15,0.333,158,366,0.432,0.434,58,83,0.699,58,91,149,74,27,4,56,80,389,OOR
A.C. Green,SF,31,82,2687,311,617,0.504,43,127,0.339,268,490,0.547,0.539,251,343,0.732,194,475,669,127,55,31,114,146,916,OOR
Tom Gugliotta,PF-SF,25,77,2568,371,837,0.443,60,186,0.323,311,651,0.478,0.479,174,252,0.69,165,407,572,279,132,62,189,203,976,OOR
Andrés Guibert,PF,26,17,167,16,47,0.34,0,4,0.0,16,43,0.372,0.34,13,19,0.684,16,29,45,10,8,1,12,29,45,OOR
Jack Haley,PF,31,31,117,26,61,0.426,0,1,0.0,26,60,0.433,0.426,21,32,0.656,8,19,27,2,3,5,13,31,73,OOR
Geert Hammink,C,25,1,7,1,3,0.333,0,0,0.0,1,3,0.333,0.333,2,2,1.0,0,2,2,1,0,0,0,1,4,OOR
Tom Hammonds,PF,27,70,956,139,260,0.535,0,1,0.0,139,259,0.537,0.535,132,177,0.746,55,167,222,36,11,14,56,132,410,OOR
Darrin Hancock,SF,23,46,424,68,121,0.562,1,3,0.333,67,118,0.568,0.566,16,39,0.41,14,39,53,30,19,4,30,48,153,OOR
Anfernee Hardaway,PG,23,77,2901,585,1142,0.512,87,249,0.349,498,893,0.558,0.55,356,463,0.769,139,197,336,551,130,26,258,158,1613,OOR
Tim Hardaway,PG,28,62,2321,430,1007,0.427,168,444,0.378,262,563,0.465,0.51,219,288,0.76,46,144,190,578,88,12,214,155,1247,OOR
Jerome Harmon,SG,25,10,158,21,53,0.396,1,1,1.0,20,52,0.385,0.406,3,6,0.5,9,14,23,12,9,0,7,12,46,OOR
Derek Harper,PG,33,80,2716,337,756,0.446,106,292,0.363,231,464,0.498,0.516,139,192,0.724,31,163,194,458,79,10,151,219,919,OOR
Ron Harper,SG,31,77,1536,209,491,0.426,31,110,0.282,178,381,0.467,0.457,81,131,0.618,51,129,180,157,97,27,100,132,530,OOR
Lucious Harris,SG,24,79,1695,280,610,0.459,55,142,0.387,225,468,0.481,0.504,136,170,0.8,85,135,220,132,58,14,77,105,751,OOR
Tony Harris,SG,27,3,18,3,8,0.375,0,1,0.0,3,7,0.429,0.375,8,9,0.889,0,0,0,0,0,0,1,2,14,OOR
Antonio Harvey,PF,24,59,572,77,176,0.438,1,1,1.0,76,175,0.434,0.44,24,45,0.533,39,63,102,23,15,41,25,87,179,OOR
Hersey Hawkins,SG,28,82,2731,390,809,0.482,131,298,0.44,259,511,0.507,0.563,261,301,0.867,60,254,314,262,122,18,150,178,1172,OOR
Steve Henson,PG,26,37,380,37,86,0.43,23,52,0.442,14,34,0.412,0.564,22,25,0.88,3,23,26,85,9,0,30,52,119,OOR
Carl Herrera,PF,28,61,1331,171,327,0.523,0,2,0.0,171,325,0.526,0.523,73,117,0.624,98,180,278,44,40,38,71,136,415,OOR
Rod Higgins,SF,35,5,46,3,12,0.25,1,6,0.167,2,6,0.333,0.292,3,4,0.75,4,3,7,3,1,1,1,7,10,OOR
Sean Higgins,SF,26,57,735,105,273,0.385,23,78,0.295,82,195,0.421,0.427,35,40,0.875,25,52,77,29,10,9,35,93,268,OOR
Grant Hill,SF,22,70,2678,508,1064,0.477,4,27,0.148,504,1037,0.486,0.479,374,511,0.732,125,320,445,353,124,62,202,203,1394,OOR
Tyrone Hill,C,26,70,2397,350,694,0.504,0,1,0.0,350,693,0.505,0.504,263,397,0.662,269,496,765,55,55,41,151,245,963,OOR
Donald Hodge,C,25,54,633,83,204,0.407,4,14,0.286,79,190,0.416,0.417,39,51,0.765,40,82,122,41,10,14,39,107,209,OOR
Jeff Hornacek,SG,31,81,2696,482,937,0.514,89,219,0.406,393,718,0.547,0.562,284,322,0.882,53,157,210,347,129,17,145,181,1337,OOR
Robert Horry,PF,24,64,2074,240,537,0.447,86,227,0.379,154,310,0.497,0.527,86,113,0.761,81,243,324,216,94,76,122,161,652,OOR
Allan Houston,SG,23,76,1996,398,859,0.463,158,373,0.424,240,486,0.494,0.555,147,171,0.86,29,138,167,164,61,14,113,182,1101,OOR
Byron Houston,PF,25,39,258,49,107,0.458,6,22,0.273,43,85,0.506,0.486,28,38,0.737,20,35,55,6,13,5,20,50,132,OOR
Tom Hovasse,SF,28,2,4,0,1,0.0,0,1,0.0,0,0,0.0,0.0,0,0,0.0,0,0,0,0,1,0,0,1,0,OOR
Juwan Howard,PF,21,65,2348,455,931,0.489,0,7,0.0,455,924,0.492,0.489,194,292,0.664,184,361,545,165,52,15,166,236,1104,OOR
Jay Humphries,SG-PG,32,18,201,8,34,0.235,2,4,0.5,6,30,0.2,0.265,2,4,0.5,4,9,13,19,9,0,17,35,20,OOR
Lindsey Hunter,PG,24,42,944,119,318,0.374,36,108,0.333,83,210,0.395,0.431,40,55,0.727,24,51,75,159,51,7,79,94,314,OOR
Bobby Hurley,PG,23,68,1105,103,284,0.363,21,76,0.276,82,208,0.394,0.4,58,76,0.763,14,56,70,226,29,0,110,79,285,OOR
Jaren Jackson,SG,27,21,257,25,68,0.368,4,15,0.267,21,53,0.396,0.397,16,24,0.667,18,24,42,19,9,5,17,33,70,OOR
Jim Jackson,SG,24,51,1982,484,1026,0.472,35,110,0.318,449,916,0.49,0.489,306,380,0.805,120,140,260,191,28,12,160,92,1309,OOR
Mark Jackson,PG,29,82,2402,239,566,0.422,27,87,0.31,212,479,0.443,0.446,119,153,0.778,73,233,306,616,105,16,210,148,624,OOR
Keith Jennings,PG,26,80,1722,190,425,0.447,75,204,0.368,115,221,0.52,0.535,134,153,0.876,26,122,148,373,95,2,120,133,589,OOR
Avery Johnson,PG,29,82,3011,448,863,0.519,3,22,0.136,445,841,0.529,0.521,202,295,0.685,49,159,208,670,114,13,207,154,1101,OOR
Ervin Johnson,C,27,64,907,85,192,0.443,0,1,0.0,85,191,0.445,0.443,29,46,0.63,101,188,289,16,17,67,54,163,199,OOR
Kevin Johnson,PG,28,47,1352,246,523,0.47,4,26,0.154,242,497,0.487,0.474,234,289,0.81,32,83,115,360,47,18,105,88,730,OOR
Larry Johnson,PF,25,81,3234,585,1219,0.48,81,210,0.386,504,1009,0.5,0.513,274,354,0.774,190,395,585,369,78,28,207,174,1525,OOR
Askia Jones,SG,23,11,139,15,44,0.341,2,12,0.167,13,32,0.406,0.364,13,16,0.813,6,5,11,16,6,0,9,19,45,OOR
Charles Jones,PF,37,3,36,1,3,0.333,0,0,0.0,1,3,0.333,0.333,1,2,0.5,2,5,7,0,0,1,0,8,3,OOR
Eddie Jones,SG,23,64,1981,342,744,0.46,91,246,0.37,251,498,0.504,0.521,122,169,0.722,79,170,249,128,131,41,75,175,897,OOR
Popeye Jones,PF,24,80,2385,372,839,0.443,1,12,0.083,371,827,0.449,0.444,80,124,0.645,329,515,844,163,35,27,124,267,825,OOR
Michael Jordan,SG,31,17,668,166,404,0.411,16,32,0.5,150,372,0.403,0.431,109,136,0.801,25,92,117,90,30,13,35,47,457,OOR
Adam Keefe,SF,24,75,1270,172,298,0.577,0,0,0.0,172,298,0.577,0.577,117,173,0.676,135,192,327,30,36,25,62,141,461,OOR
Shawn Kemp,PF,25,82,2679,545,997,0.547,2,7,0.286,543,990,0.548,0.548,438,585,0.749,318,575,893,149,102,122,259,337,1530,OOR
Steve Kerr,PG,29,82,1839,261,495,0.527,89,170,0.524,172,325,0.529,0.617,63,81,0.778,20,99,119,151,44,3,48,114,674,OOR
Jerome Kersey,SF,32,63,1143,203,489,0.415,7,27,0.259,196,462,0.424,0.422,95,124,0.766,93,163,256,82,52,35,64,173,508,OOR
Randolph Keys,SF,28,6,83,9,26,0.346,0,9,0.0,9,17,0.529,0.346,2,2,1.0,6,11,17,2,1,2,2,16,20,OOR
Jason Kidd,PG,21,79,2668,330,857,0.385,70,257,0.272,260,600,0.433,0.426,192,275,0.698,152,278,430,607,151,24,250,146,922,OOR
Rich King,C,25,2,6,0,2,0.0,0,0,0.0,0,2,0.0,0.0,0,2,0.0,0,0,0,0,0,0,0,1,0,OOR
Stacey King,PF,28,50,792,99,212,0.467,0,1,0.0,99,211,0.469,0.467,68,102,0.667,54,111,165,26,24,20,64,126,266,OOR
Greg Kite,C,33,11,77,3,17,0.176,0,0,0.0,3,17,0.176,0.176,2,10,0.2,12,10,22,1,0,0,6,15,8,OOR
Joe Kleine,C,33,75,968,119,265,0.449,0,2,0.0,119,263,0.452,0.449,42,49,0.857,82,177,259,39,14,18,35,174,280,OOR
Negele Knight,PG,27,47,708,85,214,0.397,11,28,0.393,74,186,0.398,0.423,18,25,0.72,21,40,61,127,21,5,49,70,199,OOR
Jon Koncak,C,31,62,943,77,187,0.412,12,36,0.333,65,151,0.43,0.444,13,24,0.542,23,161,184,52,36,46,20,137,179,OOR
Larry Krystkowiak,PF,30,19,287,28,72,0.389,0,0,0.0,28,72,0.389,0.389,27,30,0.9,19,40,59,26,9,2,25,34,83,OOR
Toni Kukoč,SF,26,81,2584,487,967,0.504,62,198,0.313,425,769,0.553,0.536,235,314,0.748,155,285,440,372,102,16,165,163,1271,OOR
Christian Laettner,C,25,81,2770,450,920,0.489,13,40,0.325,437,880,0.497,0.496,409,500,0.818,164,449,613,234,101,87,225,302,1322,OOR
Andrew Lang,C,28,82,2340,320,677,0.473,2,3,0.667,318,674,0.472,0.474,152,188,0.809,154,302,456,72,45,144,108,271,794,OOR
Antonio Lang,SF,22,12,53,4,10,0.4,0,0,0.0,4,10,0.4,0.4,3,4,0.75,3,1,4,1,0,2,5,11,11,OOR
Eric Leckner,C,28,57,623,87,165,0.527,0,2,0.0,87,163,0.534,0.527,51,72,0.708,47,127,174,14,15,15,39,122,225,OOR
Doug Lee,SG,30,22,75,9,25,0.36,7,18,0.389,2,7,0.286,0.5,18,21,0.857,0,5,5,5,6,3,5,18,43,OOR
Tim Legler,SG,28,24,371,60,115,0.522,26,50,0.52,34,65,0.523,0.635,30,34,0.882,12,28,40,27,12,1,20,33,176,OOR
Jim Les,PG,31,24,188,11,38,0.289,5,23,0.217,6,15,0.4,0.355,23,27,0.852,6,20,26,44,4,0,21,28,50,OOR
Cliff Levingston,PF,34,57,469,55,130,0.423,0,1,0.0,55,129,0.426,0.423,19,45,0.422,49,75,124,27,13,20,21,91,129,OOR
Alton Lister,C,36,60,776,66,134,0.493,0,1,0.0,66,133,0.496,0.493,35,70,0.5,67,169,236,12,16,57,38,146,167,OOR
Brad Lohaus,PF,30,61,730,97,231,0.42,63,155,0.406,34,76,0.447,0.556,10,15,0.667,28,74,102,43,20,25,29,85,267,OOR
Grant Long,PF,28,81,2641,342,716,0.478,11,31,0.355,331,685,0.483,0.485,244,325,0.751,191,415,606,131,109,34,155,243,939,OOR
Luc Longley,C,26,55,1001,135,302,0.447,0,2,0.0,135,300,0.45,0.447,88,107,0.822,82,181,263,73,24,45,86,177,358,OOR
Ryan Lorthridge,SG,22,37,672,106,223,0.475,3,14,0.214,103,209,0.493,0.482,57,88,0.648,24,47,71,101,28,1,57,42,272,OOR
George Lynch,SF,24,56,953,138,295,0.468,3,21,0.143,135,274,0.493,0.473,62,86,0.721,75,109,184,62,51,10,73,86,341,OOR
Don MacLean,PF,25,39,1052,158,361,0.438,10,40,0.25,148,321,0.461,0.452,104,136,0.765,46,119,165,51,15,3,44,97,430,OOR
Mark Macon,SG,25,55,721,101,265,0.381,20,62,0.323,81,203,0.399,0.419,54,68,0.794,29,47,76,63,67,1,41,97,276,OOR
Gerald Madkins,SG,25,7,28,2,6,0.333,1,2,0.5,1,4,0.25,0.417,3,4,0.75,0,0,0,1,2,0,3,2,8,OOR
Rick Mahorn,PF,36,58,630,79,151,0.523,1,3,0.333,78,148,0.527,0.526,39,49,0.796,45,117,162,26,11,12,34,93,198,OOR
Dan Majerle,SF,29,82,3091,438,1031,0.425,199,548,0.363,239,483,0.495,0.521,206,282,0.73,104,271,375,340,96,38,105,155,1281,OOR
Jeff Malone,SG,33,19,660,144,284,0.507,11,28,0.393,133,256,0.52,0.526,51,59,0.864,11,44,55,29,15,0,29,35,350,OOR
Karl Malone,PF,31,82,3126,830,1548,0.536,11,41,0.268,819,1507,0.543,0.54,516,695,0.742,156,715,871,285,129,85,236,269,2187,Candidate
Moses Malone,C,39,17,149,13,35,0.371,1,2,0.5,12,33,0.364,0.386,22,32,0.688,20,26,46,6,2,3,11,15,49,OOR
Danny Manning,PF,28,46,1510,340,622,0.547,6,21,0.286,334,601,0.556,0.551,136,202,0.673,97,179,276,154,41,57,121,176,822,OOR
Šarūnas Marčiulionis,SG,30,66,1194,216,457,0.473,35,87,0.402,181,370,0.489,0.511,145,198,0.732,17,51,68,110,72,3,98,126,612,OOR
Donyell Marshall,SF,21,72,2086,345,876,0.394,69,243,0.284,276,633,0.436,0.433,147,222,0.662,137,268,405,105,45,88,115,157,906,OOR
Bob Martin,C,25,1,14,1,5,0.2,0,0,0.0,1,5,0.2,0.2,0,0,0.0,2,0,2,1,0,1,0,2,2,OOR
Darrick Martin,PG,23,34,803,95,233,0.408,7,38,0.184,88,195,0.451,0.423,57,65,0.877,14,50,64,133,34,0,62,88,254,OOR
Jamal Mashburn,SF,22,80,2980,683,1566,0.436,113,344,0.328,570,1222,0.466,0.472,447,605,0.739,116,215,331,298,82,8,235,190,1926,OOR
Anthony Mason,PF,28,77,2496,287,507,0.566,0,1,0.0,287,506,0.567,0.566,191,298,0.641,182,468,650,240,69,21,123,253,765,OOR
Tony Massenburg,C,27,80,2127,282,601,0.469,0,3,0.0,282,598,0.472,0.469,177,235,0.753,160,295,455,67,48,58,118,253,741,OOR
Vernon Maxwell,SG,29,64,2038,306,777,0.394,143,441,0.324,163,336,0.485,0.486,99,144,0.688,18,146,164,274,75,13,137,157,854,OOR
Lee Mayberry,PG,24,82,1744,172,408,0.422,72,177,0.407,100,231,0.433,0.51,58,83,0.699,21,61,82,276,51,4,106,123,474,OOR
George McCloud,SF,27,42,802,144,328,0.439,34,89,0.382,110,239,0.46,0.491,80,96,0.833,82,65,147,53,23,9,40,71,402,OOR
Xavier McDaniel,SF,31,68,1430,246,546,0.451,6,21,0.286,240,525,0.457,0.456,89,125,0.712,94,206,300,108,30,20,89,146,587,OOR
Jim McIlvaine,C,22,55,534,34,71,0.479,0,0,0.0,34,71,0.479,0.479,28,41,0.683,40,65,105,10,10,60,19,95,96,OOR
Derrick McKey,SF,28,81,2805,411,833,0.493,32,89,0.36,379,744,0.509,0.513,221,297,0.744,125,269,394,276,125,49,168,260,1075,OOR
Aaron McKie,SG,22,45,827,116,261,0.444,11,28,0.393,105,233,0.451,0.466,50,73,0.685,35,94,129,89,36,16,39,97,293,OOR
Nate McMillan,PG,30,80,2070,166,397,0.418,53,155,0.342,113,242,0.467,0.485,34,58,0.586,65,237,302,421,165,53,126,275,419,OOR
Darnell Mee,SG,23,2,8,1,5,0.2,1,3,0.333,0,2,0.0,0.3,0,0,0.0,0,1,1,2,1,0,0,0,3,OOR
Anthony Miller,PF,23,46,527,70,132,0.53,2,5,0.4,68,127,0.535,0.538,47,76,0.618,67,85,152,35,20,7,38,77,189,OOR
Oliver Miller,PF,24,64,1558,232,418,0.555,3,13,0.231,229,405,0.565,0.559,78,124,0.629,162,313,475,93,60,116,115,217,545,OOR
Reggie Miller,SG,29,81,2665,505,1092,0.462,195,470,0.415,310,622,0.498,0.552,383,427,0.897,30,180,210,242,98,16,151,157,1588,OOR
Chris Mills,SF,25,80,2814,359,855,0.42,94,240,0.392,265,615,0.431,0.475,174,213,0.817,99,267,366,154,59,35,120,242,986,OOR
Terry Mills,PF,27,72,2514,417,933,0.447,109,285,0.382,308,648,0.475,0.505,175,219,0.799,124,434,558,160,68,33,144,253,1118,OOR
Harold Miner,SG,23,45,871,123,305,0.403,14,49,0.286,109,256,0.426,0.426,69,95,0.726,38,79,117,69,15,6,77,85,329,OOR
Greg Minor,SG,23,63,945,155,301,0.515,2,12,0.167,153,289,0.529,0.518,65,78,0.833,49,88,137,66,32,16,44,89,377,OOR
Sam Mitchell,SF,31,81,1377,201,413,0.487,1,10,0.1,200,403,0.496,0.488,126,174,0.724,95,148,243,61,43,20,54,206,529,OOR
Eric Mobley,C,24,46,587,78,132,0.591,2,2,1.0,76,130,0.585,0.598,22,45,0.489,55,98,153,21,8,27,24,63,180,OOR
Eric Montross,C,23,78,2315,307,575,0.534,0,1,0.0,307,574,0.535,0.534,167,263,0.635,196,370,566,36,29,61,112,299,781,OOR
Chris Morris,SF,29,71,2131,351,856,0.41,106,317,0.334,245,539,0.455,0.472,142,195,0.728,181,221,402,147,86,51,117,155,950,OOR
Dwayne Morton,PG,23,41,395,50,129,0.388,9,25,0.36,41,104,0.394,0.422,58,85,0.682,21,37,58,18,11,15,27,45,167,OOR
Alonzo Mourning,C,24,77,2941,571,1101,0.519,11,34,0.324,560,1067,0.525,0.524,490,644,0.761,200,561,761,111,49,225,241,275,1643,OOR
Chris Mullin,SF,31,25,890,170,348,0.489,42,93,0.452,128,255,0.502,0.549,94,107,0.879,25,90,115,125,38,19,93,53,476,OOR
Eric Murdock,PG,26,75,2158,338,814,0.415,90,240,0.375,248,574,0.432,0.471,211,267,0.79,48,166,214,482,113,12,194,139,977,OOR
Gheorghe Mureșan,C,23,73,1720,303,541,0.56,0,0,0.0,303,541,0.56,0.56,124,175,0.709,179,309,488,38,48,127,115,259,730,OOR
Lamond Murray,SF,21,81,2556,439,1093,0.402,65,218,0.298,374,875,0.427,0.431,199,264,0.754,132,222,354,133,72,55,163,180,1142,OOR
Tracy Murray,SF,23,54,516,95,233,0.408,35,86,0.407,60,147,0.408,0.483,33,42,0.786,20,39,59,19,14,4,35,73,258,OOR
Dikembe Mutombo,C,28,82,3100,349,628,0.556,0,0,0.0,349,628,0.556,0.556,248,379,0.654,319,710,1029,113,40,321,192,284,946,OOR
Pete Myers,SG,31,71,1270,119,287,0.415,10,39,0.256,109,248,0.44,0.432,70,114,0.614,57,82,139,148,58,15,88,125,318,OOR
Ivano Newbill,SF,24,34,331,16,45,0.356,0,0,0.0,16,45,0.356,0.356,8,22,0.364,40,41,81,17,12,11,12,60,40,OOR
Johnny Newman,SF,31,82,1896,226,488,0.463,45,128,0.352,181,360,0.503,0.509,137,171,0.801,72,101,173,91,69,13,86,234,634,OOR
Ken Norman,SF,30,74,1879,388,856,0.453,98,285,0.344,290,571,0.508,0.511,64,140,0.457,103,259,362,94,34,20,96,154,938,OOR
Julius Nwosu,C,23,23,84,9,28,0.321,0,0,0.0,9,28,0.321,0.321,13,17,0.765,11,13,24,3,0,3,9,20,31,OOR
Shaquille O'Neal,C,22,79,2923,930,1594,0.583,0,5,0.0,930,1589,0.585,0.583,455,854,0.533,328,573,901,214,73,192,204,258,2315,Candidate
Charles Oakley,PF,31,50,1567,192,393,0.489,3,12,0.25,189,381,0.496,0.492,119,150,0.793,155,290,445,126,60,7,103,179,506,OOR
Hakeem Olajuwon,C,32,72,2853,798,1545,0.517,3,16,0.188,795,1529,0.52,0.517,406,537,0.756,172,603,775,255,133,242,237,250,2005,Candidate
Brian Oliver,SG,26,6,42,4,9,0.444,0,0,0.0,4,9,0.444,0.444,6,8,0.75,0,4,4,4,0,0,3,8,14,OOR
Bo Outlaw,PF,23,81,1655,170,325,0.523,0,5,0.0,170,320,0.531,0.523,82,186,0.441,121,192,313,84,90,151,78,227,422,OOR
Doug Overton,PG,25,82,1704,207,498,0.416,53,125,0.424,154,373,0.413,0.469,109,125,0.872,26,117,143,246,53,2,104,126,576,OOR
Billy Owens,SG,25,70,2296,403,820,0.491,2,22,0.091,401,798,0.503,0.493,194,313,0.62,203,299,502,246,80,30,204,205,1002,OOR
Robert Pack,PG,25,42,1144,170,395,0.43,30,72,0.417,140,323,0.433,0.468,137,175,0.783,19,94,113,290,61,6,134,101,507,OOR
Robert Parish,C,41,81,1352,159,372,0.427,0,0,0.0,159,372,0.427,0.427,71,101,0.703,93,257,350,44,27,36,66,132,389,OOR
Gary Payton,PG,26,82,3015,685,1345,0.509,70,232,0.302,615,1113,0.553,0.535,249,348,0.716,108,173,281,583,204,13,201,206,1689,OOR
Anthony Peeler,SG,25,73,1559,285,659,0.432,84,216,0.389,201,443,0.454,0.496,102,128,0.797,62,106,168,122,52,13,82,143,756,OOR
Mike Peplowski,C,24,6,21,5,5,1.0,0,0,0.0,5,5,1.0,1.0,1,2,0.5,1,2,3,1,1,0,2,10,11,OOR
Will Perdue,C,29,78,1592,254,459,0.553,0,1,0.0,254,458,0.555,0.553,113,194,0.582,211,311,522,90,26,56,116,220,621,OOR
Sam Perkins,C,33,82,2356,346,742,0.466,136,343,0.397,210,399,0.526,0.558,215,269,0.799,96,302,398,135,72,45,77,186,1043,OOR
Elliot Perry,PG,25,82,1977,306,588,0.52,25,60,0.417,281,528,0.532,0.542,158,195,0.81,51,100,151,394,156,4,163,142,795,OOR
Tim Perry,PF,29,42,446,27,78,0.346,0,14,0.0,27,64,0.422,0.346,22,40,0.55,38,51,89,12,10,15,21,51,76,OOR
Chuck Person,SF,30,81,2033,317,750,0.423,172,445,0.387,145,305,0.475,0.537,66,102,0.647,49,209,258,106,45,12,102,198,872,OOR
Wesley Person,SG,23,78,1800,309,638,0.484,116,266,0.436,193,372,0.519,0.575,80,101,0.792,67,134,201,105,48,24,79,149,814,OOR
Derrick Phelps,PG,22,3,5,0,1,0.0,0,0,0.0,0,1,0.0,0.0,0,2,0.0,0,0,0,1,0,0,0,3,0,OOR
Bobby Phills,SG,25,80,2500,338,816,0.414,19,55,0.345,319,761,0.419,0.426,183,235,0.779,90,175,265,180,115,25,113,206,878,OOR
Eric Piatkowski,SG,24,81,1208,201,456,0.441,74,198,0.374,127,258,0.492,0.522,90,115,0.783,63,70,133,77,37,15,63,150,566,OOR
Ricky Pierce,PG,35,27,673,111,254,0.437,23,70,0.329,88,184,0.478,0.482,93,106,0.877,12,52,64,40,22,2,24,38,338,OOR
Ed Pinckney,PF,31,62,835,48,97,0.495,0,0,0.0,48,97,0.495,0.495,44,62,0.71,65,146,211,21,34,17,26,64,140,OOR
Scottie Pippen,SF,29,79,3014,634,1320,0.48,109,316,0.345,525,1004,0.523,0.522,315,440,0.716,175,464,639,409,232,89,271,238,1692,OOR
Olden Polynice,C,30,81,2534,376,691,0.544,1,1,1.0,375,690,0.543,0.545,124,194,0.639,277,448,725,62,48,52,113,238,877,OOR
Terry Porter,PG,31,35,770,105,267,0.393,44,114,0.386,61,153,0.399,0.476,58,82,0.707,18,63,81,133,30,2,58,60,312,OOR
Mark Price,PG,30,48,1375,253,612,0.413,103,253,0.407,150,359,0.418,0.498,148,162,0.914,25,87,112,335,35,4,142,50,757,OOR
Kevin Pritchard,PG,27,19,194,13,32,0.406,2,8,0.25,11,24,0.458,0.438,16,21,0.762,0,12,12,34,2,1,12,22,44,OOR
Dino Radja,PF,27,66,2147,450,919,0.49,0,1,0.0,450,918,0.49,0.49,233,307,0.759,149,424,573,111,60,86,159,232,1133,OOR
Kurt Rambis,PF,36,26,195,18,35,0.514,0,0,0.0,18,35,0.514,0.514,8,12,0.667,10,24,34,16,3,9,8,35,44,OOR
Mark Randall,PF,27,8,39,3,10,0.3,0,1,0.0,3,9,0.333,0.3,0,0,0.0,4,8,12,1,0,0,1,5,6,OOR
Eldridge Recasner,SG,27,3,13,1,6,0.167,0,1,0.0,1,5,0.2,0.167,4,4,1.0,0,2,2,1,3,0,2,0,6,OOR
Khalid Reeves,PG,22,67,1462,206,465,0.443,67,171,0.392,139,294,0.473,0.515,140,196,0.714,52,134,186,288,77,10,132,139,619,OOR
J.R. Reid,PF,26,81,1566,201,396,0.508,1,2,0.5,200,394,0.508,0.509,160,233,0.687,120,273,393,55,60,32,113,230,563,OOR
Glen Rice,SF,27,82,3014,667,1403,0.475,185,451,0.41,482,952,0.506,0.541,312,365,0.855,99,279,378,192,112,14,153,203,1831,OOR
Pooh Richardson,PG,28,80,2864,353,897,0.394,87,244,0.357,266,653,0.407,0.442,81,125,0.648,38,223,261,632,129,12,171,218,874,OOR
Mitch Richmond,SG,29,82,3172,668,1497,0.446,156,424,0.368,512,1073,0.477,0.498,375,445,0.843,69,288,357,311,91,29,234,227,1867,OOR
Isaiah Rider,SG,23,75,2645,558,1249,0.447,139,396,0.351,419,853,0.491,0.502,277,339,0.817,90,159,249,245,69,23,232,194,1532,OOR
Eric Riley,C,24,40,434,65,145,0.448,0,1,0.0,65,144,0.451,0.448,47,64,0.734,45,67,112,11,17,35,31,78,177,OOR
Doc Rivers,PG,33,63,989,108,302,0.358,45,127,0.354,63,175,0.36,0.432,60,82,0.732,15,94,109,162,65,21,60,150,321,OOR
Fred Roberts,SF,34,21,223,28,72,0.389,4,11,0.364,24,61,0.393,0.417,20,26,0.769,13,21,34,8,6,3,7,26,80,OOR
Clifford Robinson,SF,28,75,2725,597,1320,0.452,142,383,0.371,455,937,0.486,0.506,265,382,0.694,152,271,423,198,79,82,158,240,1601,OOR
David Robinson,C,29,81,3074,788,1487,0.53,6,20,0.3,782,1467,0.533,0.532,656,847,0.774,234,643,877,236,134,262,233,230,2238,MVP
Glenn Robinson,SF,22,80,2958,636,1410,0.451,86,268,0.321,550,1142,0.482,0.482,397,499,0.796,169,344,513,197,115,22,313,234,1755,OOR
James Robinson,PG,24,71,1539,255,624,0.409,76,223,0.341,179,401,0.446,0.47,65,110,0.591,42,90,132,180,48,13,127,142,651,OOR
Dennis Rodman,PF,33,49,1568,137,240,0.571,0,2,0.0,137,238,0.576,0.571,75,111,0.676,274,549,823,97,31,23,98,159,349,OOR
Carlos Rogers,C,23,49,1017,180,340,0.529,2,14,0.143,178,326,0.546,0.532,76,146,0.521,108,170,278,37,22,52,84,124,438,OOR
Rodney Rogers,PF,23,80,2142,375,769,0.488,50,148,0.338,325,621,0.523,0.52,179,275,0.651,132,253,385,161,95,46,173,281,979,OOR
Tree Rollins,C,39,51,478,20,42,0.476,0,0,0.0,20,42,0.476,0.476,21,31,0.677,31,64,95,9,7,36,23,63,61,OOR
Sean Rooks,C,25,80,2405,289,615,0.47,0,5,0.0,289,610,0.474,0.47,290,381,0.761,165,321,486,97,29,71,142,208,868,OOR
Jalen Rose,SF,22,81,1798,227,500,0.454,36,114,0.316,191,386,0.495,0.49,173,234,0.739,57,160,217,389,65,22,160,206,663,OOR
Donald Royal,SF,28,70,1841,206,434,0.475,0,4,0.0,206,430,0.479,0.475,223,299,0.746,83,196,279,198,45,16,125,156,635,OOR
Clifford Rozier,C,22,66,1494,189,390,0.485,2,7,0.286,187,383,0.488,0.487,68,152,0.447,200,286,486,45,35,39,89,196,448,OOR
Trevor Ruffin,PG,24,49,319,84,197,0.426,38,99,0.384,46,98,0.469,0.523,27,38,0.711,8,15,23,48,14,2,47,52,233,OOR
Bryon Russell,SF,24,63,860,104,238,0.437,13,44,0.295,91,194,0.469,0.464,62,93,0.667,44,97,141,34,48,11,42,101,283,OOR
John Salley,C,30,75,1955,197,395,0.499,0,0,0.0,197,395,0.499,0.499,153,207,0.739,110,226,336,123,47,85,97,279,547,OOR
Danny Schayes,C,35,69,823,126,248,0.508,1,1,1.0,125,247,0.506,0.51,50,69,0.725,57,151,208,89,20,37,64,170,303,OOR
Steve Scheffler,C,27,18,102,12,23,0.522,0,0,0.0,12,23,0.522,0.522,15,18,0.833,8,15,23,4,2,2,3,9,39,OOR
Dwayne Schintzius,C,26,43,318,41,108,0.38,0,0,0.0,41,108,0.38,0.38,6,11,0.545,29,52,81,15,3,17,17,45,88,OOR
Detlef Schrempf,SF,32,82,2886,521,997,0.523,93,181,0.514,428,816,0.525,0.569,437,521,0.839,135,373,508,310,93,35,176,252,1572,OOR
Byron Scott,PG,33,80,1528,265,583,0.455,79,203,0.389,186,380,0.489,0.522,193,227,0.85,18,133,151,108,61,13,119,123,802,OOR
Dennis Scott,SF,26,62,1499,283,645,0.439,150,352,0.426,133,293,0.454,0.555,86,114,0.754,25,121,146,131,45,14,57,119,802,OOR
Malik Sealy,SG,24,60,1604,291,669,0.435,22,73,0.301,269,596,0.451,0.451,174,223,0.78,77,137,214,107,72,25,83,173,778,OOR
Rony Seikaly,C,29,36,1035,162,314,0.516,0,0,0.0,162,314,0.516,0.516,111,160,0.694,77,189,266,45,20,37,104,122,435,OOR
Charles Shackleford,PF,28,21,239,39,65,0.6,0,0,0.0,39,65,0.6,0.6,16,20,0.8,16,51,67,8,8,6,8,47,94,OOR
Brian Shaw,PG,28,78,1836,192,494,0.389,48,184,0.261,144,310,0.465,0.437,70,95,0.737,52,189,241,406,73,18,184,184,502,OOR
Lionel Simmons,SF,26,58,1064,131,312,0.42,6,16,0.375,125,296,0.422,0.429,59,84,0.702,61,135,196,89,28,23,70,118,327,OOR
Dickey Simpkins,PF,22,59,586,78,184,0.424,0,0,0.0,78,184,0.424,0.424,50,72,0.694,60,91,151,37,10,7,45,72,206,OOR
Scott Skiles,PG,30,62,2077,265,583,0.455,96,228,0.421,169,355,0.476,0.537,179,202,0.886,26,133,159,452,70,6,172,135,805,OOR
Reggie Slater,PF,24,25,236,40,81,0.494,0,0,0.0,40,81,0.494,0.494,40,55,0.727,21,36,57,12,7,3,26,47,120,OOR
Charles Smith,SF,29,76,2150,352,747,0.471,7,31,0.226,345,716,0.482,0.476,255,322,0.792,144,180,324,120,49,95,147,286,966,OOR
Chris Smith,SG,24,64,1073,116,264,0.439,47,108,0.435,69,156,0.442,0.528,41,63,0.651,14,59,73,146,32,22,50,119,320,OOR
Doug Smith,PF,25,63,826,131,314,0.417,1,12,0.083,130,302,0.43,0.419,57,75,0.76,43,101,144,44,29,26,37,132,320,OOR
Kenny Smith,PG,29,81,2030,287,593,0.484,142,331,0.429,145,262,0.553,0.604,126,148,0.851,27,128,155,323,71,10,123,109,842,OOR
Michael Smith,PF,29,29,319,63,134,0.47,1,8,0.125,62,126,0.492,0.474,26,30,0.867,13,43,56,20,6,2,18,41,153,OOR
Michael Smith,PF,22,82,1736,220,406,0.542,0,2,0.0,220,404,0.545,0.542,127,262,0.485,174,312,486,67,61,49,106,235,567,OOR
Steve Smith,SG,25,80,2665,428,1005,0.426,137,416,0.329,291,589,0.494,0.494,312,371,0.841,104,172,276,274,62,33,155,225,1305,OOR
Tony Smith,SG,26,61,1024,132,309,0.427,32,91,0.352,100,218,0.459,0.479,44,63,0.698,43,64,107,102,46,7,50,111,340,OOR
Rik Smits,C,28,78,2381,558,1060,0.526,0,2,0.0,558,1058,0.527,0.526,284,377,0.753,192,409,601,111,40,79,189,278,1400,OOR
Elmore Spencer,C,25,19,368,52,118,0.441,0,1,0.0,52,117,0.444,0.441,28,50,0.56,11,54,65,25,14,23,48,62,132,OOR
Felton Spencer,C,27,34,905,105,215,0.488,0,0,0.0,105,215,0.488,0.488,107,135,0.793,90,170,260,17,12,32,68,131,317,OOR
Latrell Sprewell,SG,24,69,2771,490,1171,0.418,90,326,0.276,400,845,0.473,0.457,350,448,0.781,58,198,256,279,112,46,230,108,1420,OOR
John Starks,SG,29,80,2725,419,1062,0.395,217,611,0.355,202,451,0.448,0.497,168,228,0.737,34,185,219,411,92,4,160,257,1223,OOR
Larry Stewart,SF,26,40,346,41,89,0.461,0,2,0.0,41,87,0.471,0.461,20,30,0.667,28,39,67,18,16,9,16,52,102,OOR
Bryant Stith,SG,24,81,2329,312,661,0.472,20,68,0.294,292,593,0.492,0.487,267,324,0.824,95,173,268,153,91,18,110,142,911,OOR
John Stockton,PG,32,82,2867,429,791,0.542,102,227,0.449,327,564,0.58,0.607,246,306,0.804,57,194,251,1011,194,22,267,215,1206,OOR
Mark Strickland,PF,24,4,9,1,3,0.333,0,0,0.0,1,3,0.333,0.333,1,2,0.5,2,2,4,0,0,1,1,0,3,OOR
Rod Strickland,PG,28,64,2267,441,946,0.466,46,123,0.374,395,823,0.48,0.49,283,380,0.745,73,244,317,562,123,9,209,118,1211,OOR
Derek Strong,PF,26,70,1344,149,329,0.453,2,7,0.286,147,322,0.457,0.456,141,172,0.82,136,239,375,44,24,13,79,143,441,OOR
Greg Sutton,PG,27,53,690,94,230,0.409,43,115,0.374,51,115,0.443,0.502,32,45,0.711,8,48,56,91,33,2,51,114,263,OOR
Aaron Swinson,SF,24,9,51,10,18,0.556,0,0,0.0,10,18,0.556,0.556,4,5,0.8,3,5,8,3,1,0,5,8,24,OOR
Žan Tabak,C,24,37,182,24,53,0.453,0,1,0.0,24,52,0.462,0.453,27,44,0.614,23,34,57,4,2,7,18,37,75,OOR
Roy Tarpley,C,30,55,1354,292,610,0.479,5,18,0.278,287,592,0.485,0.483,102,122,0.836,142,307,449,58,45,55,109,155,691,OOR
Brooks Thompson,PG,24,38,246,45,114,0.395,18,58,0.31,27,56,0.482,0.474,8,12,0.667,7,16,23,43,10,2,27,46,116,OOR
LaSalle Thompson,C,33,38,453,49,118,0.415,0,0,0.0,49,118,0.415,0.415,14,16,0.875,28,61,89,18,18,10,33,76,112,OOR
Otis Thorpe,PF,32,70,2096,385,681,0.565,0,7,0.0,385,674,0.571,0.565,167,281,0.594,202,356,558,112,41,28,132,224,937,OOR
Sedale Threatt,PG,33,59,1384,217,437,0.497,36,95,0.379,181,342,0.529,0.538,88,111,0.793,21,103,124,248,54,12,70,139,558,OOR
Wayman Tisdale,PF,30,65,1276,278,574,0.484,0,0,0.0,278,574,0.484,0.484,94,122,0.77,83,164,247,45,29,27,64,190,650,OOR
Tom Tolbert,PF,29,10,57,6,18,0.333,0,4,0.0,6,14,0.429,0.333,2,2,1.0,7,10,17,2,0,0,3,9,14,OOR
Keith Tower,C,24,3,7,0,2,0.0,0,0,0.0,0,2,0.0,0.0,1,2,0.5,1,2,3,0,0,0,1,1,1,OOR
Anthony Tucker,SF,25,62,982,96,210,0.457,0,1,0.0,96,209,0.459,0.457,51,83,0.614,44,126,170,68,46,11,56,129,243,OOR
Henry Turner,PF,28,30,149,23,57,0.404,2,5,0.4,21,52,0.404,0.421,20,35,0.571,17,11,28,7,8,1,12,20,68,OOR
Jeff Turner,PF,32,49,576,73,178,0.41,27,75,0.36,46,103,0.447,0.486,26,29,0.897,23,74,97,38,12,3,22,102,199,OOR
B.J. Tyler,PG,23,55,809,72,189,0.381,16,51,0.314,56,138,0.406,0.423,35,50,0.7,13,49,62,174,36,2,97,58,195,OOR
Nick Van Exel,PG,23,80,2944,465,1107,0.42,183,511,0.358,282,596,0.473,0.503,235,300,0.783,27,196,223,660,97,6,220,157,1348,OOR
Loy Vaught,PF,26,80,2966,609,1185,0.514,7,33,0.212,602,1152,0.523,0.517,176,248,0.71,261,511,772,139,104,29,166,243,1401,OOR
Fred Vinson,SG,24,5,27,1,7,0.143,1,6,0.167,0,1,0.0,0.214,1,1,1.0,0,0,0,1,0,0,2,4,4,OOR
Kenny Walker,SF,30,24,266,18,42,0.429,0,0,0.0,18,42,0.429,0.429,21,28,0.75,19,28,47,7,5,5,15,42,57,OOR
Rex Walters,SG,24,80,1435,206,469,0.439,71,196,0.362,135,273,0.495,0.515,40,52,0.769,18,75,93,121,37,16,71,135,523,OOR
Charlie Ward,PG,24,10,44,4,19,0.211,1,10,0.1,3,9,0.333,0.237,7,10,0.7,1,5,6,4,2,0,8,7,16,OOR
Jamie Watson,SF,22,60,673,76,152,0.5,5,19,0.263,71,133,0.534,0.516,38,56,0.679,16,58,74,59,35,11,51,86,195,OOR
Clarence Weatherspoon,SF,24,76,2991,543,1238,0.439,4,21,0.19,539,1217,0.443,0.44,283,377,0.751,144,382,526,215,115,67,191,195,1373,OOR
Spud Webb,PG,31,76,2458,302,689,0.438,48,145,0.331,254,544,0.467,0.473,226,242,0.934,29,145,174,468,75,8,185,148,878,OOR
Chris Webber,PF,21,54,2067,464,938,0.495,40,145,0.276,424,793,0.535,0.516,117,233,0.502,200,318,518,256,83,85,167,186,1085,OOR
Bill Wennington,C,31,73,956,156,317,0.492,0,4,0.0,156,313,0.498,0.492,51,63,0.81,64,126,190,40,22,17,39,198,363,OOR
David Wesley,PG,24,51,1380,128,313,0.409,51,119,0.429,77,194,0.397,0.49,71,94,0.755,31,86,117,266,82,9,87,144,378,OOR
Doug West,SG,27,71,2328,351,762,0.461,11,61,0.18,340,701,0.485,0.468,206,246,0.837,60,167,227,185,65,24,126,250,919,OOR
Mark West,C,34,67,1543,217,390,0.556,0,0,0.0,217,390,0.556,0.556,66,138,0.478,160,248,408,18,27,102,85,247,500,OOR
Ennis Whatley,PG,32,27,292,24,53,0.453,2,8,0.25,22,45,0.489,0.472,20,32,0.625,9,21,30,54,19,0,19,37,70,OOR
Chris Whitney,PG,23,25,179,14,47,0.298,3,19,0.158,11,28,0.393,0.33,11,11,1.0,4,9,13,28,4,0,18,34,42,OOR
Morlon Wiley,PG,28,43,424,50,117,0.427,30,79,0.38,20,38,0.526,0.556,7,10,0.7,6,37,43,75,22,2,23,44,137,OOR
Dominique Wilkins,SF,35,77,2423,496,1169,0.424,112,289,0.388,384,880,0.436,0.472,266,340,0.782,157,244,401,166,61,14,173,130,1370,OOR
Aaron Williams,PF,23,15,72,8,24,0.333,0,1,0.0,8,23,0.348,0.333,8,12,0.667,5,14,19,0,2,6,7,14,24,OOR
Buck Williams,PF,34,82,2422,309,604,0.512,1,2,0.5,308,602,0.512,0.512,138,205,0.673,251,418,669,78,67,69,119,254,757,OOR
Herb Williams,C,36,56,743,82,180,0.456,0,0,0.0,82,180,0.456,0.456,23,37,0.622,23,109,132,27,13,45,40,108,187,OOR
Hot Rod Williams,PF,32,74,2641,366,810,0.452,1,5,0.2,365,805,0.453,0.452,196,286,0.685,173,334,507,192,83,101,149,211,929,OOR
Jayson Williams,PF,26,75,982,149,323,0.461,0,5,0.0,149,318,0.469,0.461,65,122,0.533,179,246,425,35,26,33,59,160,363,OOR
John Williams,SF,28,34,402,41,115,0.357,4,12,0.333,37,103,0.359,0.374,14,25,0.56,23,39,62,27,10,2,35,48,100,OOR
Lorenzo Williams,C,25,82,2383,145,304,0.477,0,0,0.0,145,304,0.477,0.477,38,101,0.376,291,399,690,124,52,148,105,306,328,OOR
Micheal Williams,PG,28,1,28,1,4,0.25,0,0,0.0,1,4,0.25,0.25,4,5,0.8,0,1,1,3,2,0,3,3,6,OOR
Monty Williams,SF,23,41,503,60,133,0.451,0,8,0.0,60,125,0.48,0.451,17,38,0.447,42,56,98,49,20,4,41,87,137,OOR
Reggie Williams,SF,30,74,2198,388,846,0.459,85,266,0.32,303,580,0.522,0.509,132,174,0.759,94,235,329,231,114,67,124,264,993,OOR
Scott Williams,PF,26,77,1781,206,434,0.475,0,7,0.0,206,427,0.482,0.475,79,107,0.738,173,312,485,59,71,40,84,237,491,OOR
Walt Williams,SF,24,77,2739,445,998,0.446,103,296,0.348,342,702,0.487,0.497,266,364,0.731,100,245,345,316,123,63,243,265,1259,OOR
Kevin Willis,PF,32,67,2390,473,1015,0.466,3,15,0.2,470,1000,0.47,0.467,205,297,0.69,227,505,732,86,60,36,162,215,1154,OOR
Trevor Wilson,PF,26,15,147,18,40,0.45,0,0,0.0,18,40,0.45,0.45,11,14,0.786,10,16,26,12,4,2,6,12,47,OOR
David Wingate,SG,31,52,515,50,122,0.41,4,22,0.182,46,100,0.46,0.426,18,24,0.75,11,49,60,56,19,6,27,60,122,OOR
Dontonio Wingfield,SF,20,20,81,18,51,0.353,2,12,0.167,16,39,0.41,0.373,8,10,0.8,11,19,30,3,5,3,8,15,46,OOR
Joe Wolf,PF,30,63,583,38,81,0.469,2,6,0.333,36,75,0.48,0.481,12,16,0.75,34,95,129,37,9,6,22,101,90,OOR
David Wood,PF,30,78,1336,153,326,0.469,31,91,0.341,122,235,0.519,0.517,91,117,0.778,83,158,241,65,28,13,53,217,428,OOR
Randy Woods,PG,24,62,495,37,117,0.316,22,74,0.297,15,43,0.349,0.41,28,38,0.737,10,34,44,134,41,0,55,87,124,OOR
Haywoode Workman,PG,29,69,1028,101,269,0.375,35,98,0.357,66,171,0.386,0.441,55,74,0.743,21,90,111,194,59,5,73,115,292,OOR
Sharone Wright,C,22,79,2044,361,776,0.465,0,8,0.0,361,768,0.47,0.465,182,282,0.645,191,281,472,48,37,104,151,246,904,OOR
Danny Young,PG,32,7,77,9,17,0.529,5,12,0.417,4,5,0.8,0.676,1,1,1.0,1,4,5,12,4,0,4,8,24,OOR
