Player,Pos,Age,G,MP,FG,FGA,FG%,3P,3PA,3P%,2P,2PA,2P%,eFG%,FT,FTA,FT%,ORB,DRB,TRB,AST,STL,BLK,TOV,PF,PTS,Status
Mahmoud Abdul-Rauf,PG,28,31,530,103,273,0.377,5,31,0.161,98,242,0.405,0.386,16,16,1.0,6,31,37,58,16,1,19,31,227,OOR
Tariq Abdul-Wahad,SG,23,59,959,144,357,0.403,4,19,0.211,140,338,0.414,0.409,84,125,0.672,44,72,116,51,35,13,65,81,376,OOR
Shareef Abdur-Rahim,SF,21,82,2950,653,1347,0.485,21,51,0.412,632,1296,0.488,0.493,502,640,0.784,227,354,581,213,89,76,257,201,1829,OOR
Cory Alexander,PG,24,60,1298,171,400,0.428,66,176,0.375,105,224,0.469,0.51,80,102,0.784,17,129,146,209,70,11,112,98,488,OOR
Ray Allen,SG,22,82,3287,563,1315,0.428,134,368,0.364,429,947,0.453,0.479,342,391,0.875,127,278,405,356,111,12,263,244,1602,OOR
Derek Anderson,SF,23,66,1839,239,586,0.408,17,84,0.202,222,502,0.442,0.422,275,315,0.873,55,132,187,227,86,13,128,136,770,OOR
Greg Anderson,C,33,50,398,36,81,0.444,0,5,0.0,36,76,0.474,0.444,16,41,0.39,39,79,118,15,19,10,17,85,88,OOR
Kenny Anderson,PG,27,61,1858,268,674,0.398,57,160,0.356,211,514,0.411,0.44,153,194,0.789,39,134,173,345,87,1,143,135,746,OOR
Nick Anderson,SF,30,58,1701,343,754,0.455,77,214,0.36,266,540,0.493,0.506,127,199,0.638,98,199,297,119,72,23,85,98,890,OOR
Shandon Anderson,SG,24,82,1602,269,500,0.538,7,32,0.219,262,468,0.56,0.545,136,185,0.735,86,141,227,89,66,18,91,145,681,OOR
Chris Anstey,C,23,41,680,92,231,0.398,3,16,0.188,89,215,0.414,0.405,53,74,0.716,53,104,157,35,31,27,41,95,240,OOR
Greg Anthony,PG,30,80,1021,150,349,0.43,66,159,0.415,84,190,0.442,0.524,53,80,0.663,18,93,111,205,64,3,91,97,419,OOR
B.J. Armstrong,PG,30,66,831,105,213,0.493,9,35,0.257,96,178,0.539,0.514,42,50,0.84,16,60,76,150,29,0,42,74,261,OOR
Darrell Armstrong,PG,29,48,1236,156,380,0.411,25,68,0.368,131,312,0.42,0.443,105,123,0.854,65,94,159,236,58,5,112,96,442,OOR
Vincent Askew,SG,31,30,443,19,54,0.352,0,2,0.0,19,52,0.365,0.352,28,39,0.718,21,47,68,38,19,5,35,39,66,OOR
Keith Askins,SF,30,46,681,39,122,0.32,21,74,0.284,18,48,0.375,0.406,12,19,0.632,28,73,101,29,27,12,26,107,111,OOR
Stacey Augmon,SG,29,71,1445,154,372,0.414,1,7,0.143,153,365,0.419,0.415,94,156,0.603,104,131,235,88,57,32,81,144,403,OOR
Isaac Austin,C,28,78,2266,406,871,0.466,0,8,0.0,406,863,0.47,0.466,243,363,0.669,199,358,557,175,61,56,206,231,1055,OOR
Vin Baker,C,26,82,2944,631,1164,0.542,1,7,0.143,630,1157,0.545,0.543,311,526,0.591,286,370,656,152,91,86,174,278,1574,OOR
Charles Barkley,PF,34,68,2243,361,744,0.485,18,84,0.214,343,660,0.52,0.497,296,397,0.746,241,553,794,217,71,28,147,187,1036,OOR
Dana Barros,PG,30,80,1686,281,609,0.461,100,246,0.407,181,363,0.499,0.544,122,144,0.847,28,125,153,286,83,6,107,124,784,OOR
Brent Barry,SG,26,58,1600,213,506,0.421,90,229,0.393,123,277,0.444,0.51,115,134,0.858,29,142,171,153,64,27,104,118,631,OOR
Drew Barry,PG,24,27,256,18,38,0.474,9,21,0.429,9,17,0.529,0.592,11,13,0.846,5,30,35,49,10,1,30,28,56,OOR
Jon Barry,SG,28,49,374,38,104,0.365,18,61,0.295,20,43,0.465,0.452,27,29,0.931,8,29,37,51,24,3,22,33,121,OOR
Tony Battie,PF,21,65,1506,234,525,0.446,3,14,0.214,231,511,0.452,0.449,73,104,0.702,138,213,351,60,54,69,98,199,544,OOR
Corey Beck,PG,26,59,738,73,159,0.459,2,4,0.5,71,155,0.458,0.465,43,59,0.729,27,63,90,98,33,7,70,100,191,OOR
Benoit Benjamin,C,33,14,197,22,41,0.537,0,0,0.0,22,41,0.537,0.537,19,30,0.633,18,35,53,3,4,4,12,26,63,OOR
Mario Bennett,PF,24,45,354,80,135,0.593,1,2,0.5,79,133,0.594,0.596,16,44,0.364,60,66,126,18,19,11,21,61,177,OOR
David Benoit,SF,29,77,1123,152,408,0.373,55,170,0.324,97,238,0.408,0.44,61,74,0.824,60,143,203,25,35,20,52,157,420,OOR
Travis Best,PG,25,82,1547,201,480,0.419,21,70,0.3,180,410,0.439,0.441,112,131,0.855,28,94,122,281,85,5,111,193,535,OOR
Chauncey Billups,PG,21,80,2216,280,749,0.374,107,325,0.329,173,424,0.408,0.445,226,266,0.85,62,128,190,314,107,4,174,172,893,OOR
Mookie Blaylock,PG,30,70,2700,368,938,0.392,90,334,0.269,278,604,0.46,0.44,95,134,0.709,81,260,341,469,183,21,176,122,921,OOR
Corie Blount,PF,29,70,1029,107,187,0.572,0,4,0.0,107,183,0.585,0.572,39,78,0.5,114,184,298,37,29,25,51,157,253,OOR
Muggsy Bogues,PG,33,61,1570,141,323,0.437,4,16,0.25,137,307,0.446,0.443,61,68,0.897,30,102,132,331,67,3,105,58,347,OOR
Etdrick Bohannon,PF,24,5,11,0,4,0.0,0,0,0.0,0,4,0.0,0.0,0,0,0.0,2,4,6,1,0,2,3,3,0,OOR
Keith Booth,SF,23,6,17,2,6,0.333,0,1,0.0,2,5,0.4,0.333,6,6,1.0,2,2,4,1,0,0,3,3,10,OOR
Bruce Bowen,SF,26,61,1305,122,298,0.409,20,59,0.339,102,239,0.427,0.443,76,122,0.623,79,95,174,81,87,29,52,174,340,OOR
Anthony Bowie,SG,34,27,224,32,59,0.542,3,4,0.75,29,55,0.527,0.568,8,9,0.889,9,17,26,11,6,2,7,25,75,OOR
Shawn Bradley,C,25,64,1822,300,711,0.422,1,3,0.333,299,708,0.422,0.423,130,180,0.722,164,354,518,60,51,214,96,214,731,OOR
Terrell Brandon,PG,27,50,1784,339,731,0.464,31,93,0.333,308,638,0.483,0.485,132,156,0.846,23,153,176,387,111,17,145,120,841,OOR
Tim Breaux,SF,27,6,30,4,11,0.364,1,3,0.333,3,8,0.375,0.409,1,2,0.5,0,2,2,2,2,1,1,1,10,OOR
Scott Brooks,PG,32,43,312,28,66,0.424,5,11,0.455,23,55,0.418,0.462,18,20,0.9,6,24,30,49,18,3,12,25,79,OOR
Chucky Brown,SF,29,77,1202,161,372,0.433,2,8,0.25,159,364,0.437,0.435,63,87,0.724,57,126,183,55,23,13,51,100,387,OOR
Dee Brown,SG,29,72,1719,246,562,0.438,108,271,0.399,138,291,0.474,0.534,58,71,0.817,24,128,152,154,82,23,73,123,658,OOR
P.J. Brown,PF,28,74,2362,278,590,0.471,0,0,0.0,278,590,0.471,0.471,151,197,0.766,235,400,635,103,66,98,97,264,707,OOR
Randy Brown,PG,29,71,1147,116,302,0.384,0,5,0.0,116,297,0.391,0.384,56,78,0.718,34,60,94,151,71,12,63,118,288,OOR
Rick Brunson,PG,25,38,622,49,141,0.348,22,61,0.361,27,80,0.338,0.426,42,62,0.677,14,42,56,100,25,3,52,55,162,OOR
Kobe Bryant,SF,19,79,2056,391,913,0.428,75,220,0.341,316,693,0.456,0.469,363,457,0.794,79,163,242,199,74,40,157,180,1220,OOR
Mark Bryant,C,32,70,1110,109,225,0.484,0,1,0.0,109,224,0.487,0.484,73,95,0.768,92,152,244,46,36,15,58,180,291,OOR
Jud Buechler,SF,29,74,608,85,176,0.483,25,65,0.385,60,111,0.541,0.554,3,6,0.5,24,53,77,49,22,15,21,47,198,OOR
Matt Bullard,SF,30,67,1190,175,389,0.45,96,231,0.416,79,158,0.5,0.573,20,27,0.741,25,121,146,60,31,24,39,104,466,OOR
Scott Burrell,SF,27,80,1096,159,375,0.424,51,144,0.354,108,231,0.468,0.492,47,64,0.734,80,118,198,65,64,37,50,131,416,OOR
Willie Burton,SF,29,13,43,8,21,0.381,3,9,0.333,5,12,0.417,0.452,8,12,0.667,3,6,9,1,2,2,1,7,27,OOR
Mitchell Butler,SG,27,18,206,15,47,0.319,1,6,0.167,14,41,0.341,0.33,6,10,0.6,6,16,22,18,8,0,8,26,37,OOR
Jason Caffey,PF,24,80,1423,226,466,0.485,0,2,0.0,226,464,0.487,0.485,131,200,0.655,160,184,344,67,25,20,105,181,583,OOR
Michael Cage,C,36,79,1201,43,84,0.512,0,1,0.0,43,83,0.518,0.512,20,36,0.556,115,193,308,32,45,44,23,105,106,OOR
Adrian Caldwell,PF,31,1,3,0,0,0.0,0,0,0.0,0,0,0.0,0.0,0,0,0.0,0,0,0,0,0,0,0,0,0,OOR
Marcus Camby,C,23,63,2002,308,747,0.412,0,2,0.0,308,745,0.413,0.412,149,244,0.611,203,263,466,111,68,230,134,200,765,OOR
Elden Campbell,PF,29,81,1784,289,624,0.463,1,2,0.5,288,622,0.463,0.464,237,342,0.693,143,312,455,78,35,102,115,209,816,OOR
Antoine Carr,PF,36,66,1086,151,325,0.465,0,0,0.0,151,325,0.465,0.465,76,98,0.776,42,89,131,48,11,53,48,195,378,OOR
Chris Carr,SG,23,51,1165,190,452,0.42,40,127,0.315,150,325,0.462,0.465,84,99,0.848,43,112,155,85,17,11,69,129,504,OOR
Sam Cassell,PG,28,75,2606,510,1156,0.441,15,80,0.188,495,1076,0.46,0.448,436,507,0.86,73,155,228,603,121,20,269,262,1471,OOR
Kelvin Cato,C,23,74,1007,98,229,0.428,0,3,0.0,98,226,0.434,0.428,86,125,0.688,91,161,252,23,29,94,44,164,282,OOR
Duane Causwell,C,29,37,363,37,89,0.416,0,0,0.0,37,89,0.416,0.416,15,26,0.577,29,70,99,5,7,27,18,73,89,OOR
Cedric Ceballos,SF,28,47,990,204,415,0.492,21,70,0.3,183,345,0.53,0.517,107,145,0.738,75,146,221,60,33,16,72,88,536,OOR
Tom Chambers,PF,38,1,10,2,2,1.0,0,0,0.0,2,2,1.0,1.0,2,2,1.0,0,2,2,0,2,0,1,2,6,OOR
Rex Chapman,SG,30,68,2263,408,956,0.427,120,311,0.386,288,645,0.447,0.49,146,187,0.781,30,143,173,203,71,14,116,102,1082,OOR
Calbert Cheaney,SG,26,82,2841,448,981,0.457,15,53,0.283,433,928,0.467,0.464,139,215,0.647,82,242,324,173,96,36,104,264,1050,OOR
Pete Chilcutt,PF,29,82,1420,156,359,0.435,54,130,0.415,102,229,0.445,0.51,39,59,0.661,77,229,306,104,53,37,62,158,405,OOR
Chris Childs,PG,30,68,1599,149,354,0.421,27,87,0.31,122,267,0.457,0.459,104,126,0.825,29,133,162,268,56,6,103,179,429,OOR
Doug Christie,SG,27,78,2939,458,1071,0.428,100,307,0.326,358,764,0.469,0.474,271,327,0.829,94,310,404,282,190,57,228,198,1287,OOR
Keith Closs,C,21,58,740,93,207,0.449,0,0,0.0,93,207,0.449,0.449,46,77,0.597,63,105,168,19,12,81,38,73,232,OOR
Derrick Coleman,PF,30,59,2135,356,867,0.411,26,98,0.265,330,769,0.429,0.426,302,391,0.772,149,438,587,145,46,68,157,144,1040,OOR
Bimbo Coles,PG,29,53,1471,166,438,0.379,13,57,0.228,153,381,0.402,0.394,78,88,0.886,17,106,123,248,51,13,89,135,423,OOR
James Collins,SG,24,23,103,21,55,0.382,9,20,0.45,12,35,0.343,0.464,8,14,0.571,7,7,14,3,6,3,8,12,59,OOR
Marty Conlon,C,30,18,209,28,62,0.452,0,0,0.0,28,62,0.452,0.452,32,44,0.727,16,30,46,12,9,5,11,27,88,OOR
Tyrone Corbin,SF,35,79,2699,328,747,0.439,49,141,0.348,279,606,0.46,0.472,101,128,0.789,78,284,362,173,105,7,86,197,806,OOR
James Cotton,SG,22,9,33,8,21,0.381,0,4,0.0,8,17,0.471,0.381,8,9,0.889,2,4,6,0,1,1,6,3,24,OOR
Chris Crawford,PF,22,40,256,46,110,0.418,1,3,0.333,45,107,0.421,0.423,57,68,0.838,20,21,41,9,12,7,18,27,150,OOR
Austin Croshere,PF,22,26,243,32,86,0.372,4,13,0.308,28,73,0.384,0.395,8,14,0.571,10,35,45,8,9,5,13,32,76,OOR
John Crotty,PG,28,26,379,29,90,0.322,6,20,0.3,23,70,0.329,0.356,32,34,0.941,4,28,32,63,10,1,42,28,96,OOR
Terry Cummings,PF,36,74,1185,200,428,0.467,0,1,0.0,200,427,0.468,0.467,67,98,0.684,97,186,283,47,38,10,51,181,467,OOR
William Cunningham,C,23,7,39,4,9,0.444,0,0,0.0,4,9,0.444,0.444,0,0,0.0,4,6,10,1,2,0,0,10,8,OOR
Bill Curley,PF,25,11,146,16,33,0.485,0,1,0.0,16,32,0.5,0.485,2,3,0.667,11,17,28,4,3,1,3,28,34,OOR
Dell Curry,SG,33,52,971,194,434,0.447,61,145,0.421,133,289,0.46,0.517,41,52,0.788,26,75,101,69,31,4,54,85,490,OOR
Michael Curry,SG,29,82,1978,196,418,0.469,4,9,0.444,192,409,0.469,0.474,147,176,0.835,26,72,98,137,56,14,77,218,543,OOR
Erick Dampier,C,22,82,2656,352,791,0.445,0,2,0.0,352,789,0.446,0.445,267,399,0.669,272,443,715,94,39,139,175,281,971,OOR
Antonio Daniels,SG,22,74,1956,228,548,0.416,11,52,0.212,217,496,0.438,0.426,112,170,0.659,22,121,143,334,55,10,164,88,579,OOR
Lloyd Daniels,SG,30,6,82,12,29,0.414,2,9,0.222,10,20,0.5,0.448,8,10,0.8,4,3,7,4,3,2,4,4,34,OOR
Yinka Dare,C,25,10,60,4,18,0.222,0,0,0.0,4,18,0.222,0.222,4,8,0.5,10,7,17,1,0,2,2,9,12,OOR
Antonio Davis,PF,29,82,2191,254,528,0.481,0,3,0.0,254,525,0.484,0.481,277,398,0.696,192,368,560,61,45,72,103,234,785,OOR
Ben Davis,PF,25,7,13,2,10,0.2,0,0,0.0,2,10,0.2,0.2,0,0,0.0,6,0,6,0,1,0,0,3,4,OOR
Dale Davis,C,28,78,2174,273,498,0.548,0,0,0.0,273,498,0.548,0.548,80,172,0.465,233,378,611,70,51,87,73,209,626,OOR
Emanual Davis,PG,29,45,599,63,142,0.444,27,72,0.375,36,70,0.514,0.539,31,37,0.838,10,37,47,59,17,3,52,55,184,OOR
Hubert Davis,SG,27,81,2378,350,767,0.456,101,230,0.439,249,537,0.464,0.522,97,116,0.836,34,135,169,157,43,5,88,117,898,OOR
Mark Davis,SF,24,71,906,109,244,0.447,0,6,0.0,109,238,0.458,0.447,64,101,0.634,64,94,158,73,49,18,91,95,282,OOR
Terry Davis,PF,30,74,1705,127,256,0.496,0,1,0.0,127,255,0.498,0.496,69,119,0.58,209,271,480,30,41,24,56,193,323,OOR
Todd Day,SG,28,5,69,11,31,0.355,2,12,0.167,9,19,0.474,0.387,6,9,0.667,4,2,6,7,7,0,3,10,30,OOR
Andrew DeClercq,C,24,81,1523,169,340,0.497,0,1,0.0,169,339,0.499,0.497,101,168,0.601,180,212,392,59,85,49,84,277,439,OOR
Terry Dehere,PG,26,77,1410,180,451,0.399,50,132,0.379,130,319,0.408,0.455,79,99,0.798,21,85,106,196,52,4,96,150,489,OOR
Vinny Del Negro,SG,31,54,1721,211,479,0.441,17,39,0.436,194,440,0.441,0.458,74,93,0.796,13,139,152,183,39,6,53,113,513,OOR
Bison Dele,C,28,78,2619,531,1040,0.511,1,3,0.333,530,1037,0.511,0.511,198,280,0.707,223,472,695,94,67,55,181,252,1261,OOR
Tony Delk,PG,24,77,1681,314,798,0.393,42,157,0.268,272,641,0.424,0.42,111,151,0.735,38,134,172,172,73,12,109,96,781,OOR
Vlade Divac,C,29,64,1805,267,536,0.498,3,14,0.214,264,522,0.506,0.501,130,188,0.691,183,335,518,172,83,94,114,179,667,OOR
Sherman Douglas,PG,31,80,1699,255,515,0.495,14,46,0.304,241,469,0.514,0.509,115,172,0.669,52,83,135,319,55,7,110,156,639,OOR
Clyde Drexler,SG,35,70,2473,452,1059,0.427,106,334,0.317,346,725,0.477,0.477,277,346,0.801,105,241,346,382,126,42,189,193,1287,OOR
Chris Dudley,C,32,51,858,58,143,0.406,0,0,0.0,58,143,0.406,0.406,41,92,0.446,108,167,275,21,13,51,44,139,157,OOR
Joe Dumars,SG,34,72,2326,329,791,0.416,158,426,0.371,171,365,0.468,0.516,127,154,0.825,14,90,104,253,44,2,84,99,943,OOR
Tony Dumas,SG,25,7,47,6,12,0.5,2,4,0.5,4,8,0.5,0.583,0,3,0.0,1,4,5,5,0,0,5,5,14,OOR
Tim Duncan,PF,21,82,3204,706,1287,0.549,0,10,0.0,706,1277,0.553,0.549,319,482,0.662,274,703,977,224,55,206,279,254,1731,Candidate
Ledell Eackles,SG,31,42,547,75,175,0.429,16,46,0.348,59,129,0.457,0.474,52,59,0.881,25,50,75,16,17,0,29,43,218,OOR
Tyus Edney,PG,24,52,623,93,216,0.431,3,10,0.3,90,206,0.437,0.438,88,111,0.793,20,35,55,139,51,1,66,69,277,OOR
Blue Edwards,SG,32,81,1968,326,742,0.439,40,120,0.333,286,622,0.46,0.466,180,215,0.837,61,156,217,201,86,27,134,183,872,OOR
Kevin Edwards,SG,32,39,487,57,165,0.345,6,15,0.4,51,150,0.34,0.364,30,35,0.857,20,34,54,39,26,1,30,28,150,OOR
Howard Eisley,PG,25,82,1726,229,519,0.441,48,118,0.407,181,401,0.451,0.487,127,149,0.852,25,141,166,346,54,13,160,182,633,OOR
Mario Elie,SF,34,73,1988,206,456,0.452,55,189,0.291,151,267,0.566,0.512,145,174,0.833,39,117,156,221,81,8,100,115,612,OOR
Sean Elliott,SF,29,36,1012,122,303,0.403,34,90,0.378,88,213,0.413,0.459,56,78,0.718,16,108,124,62,24,14,57,92,334,OOR
Dale Ellis,SF,37,79,1939,348,700,0.497,127,274,0.464,221,426,0.519,0.588,111,142,0.782,51,133,184,89,60,5,74,128,934,OOR
Harold Ellis,SF,27,27,344,62,111,0.559,0,4,0.0,62,107,0.579,0.559,40,63,0.635,27,23,50,18,19,4,19,53,164,OOR
LaPhonso Ellis,SF,27,76,2575,410,1007,0.407,57,201,0.284,353,806,0.438,0.435,206,256,0.805,146,398,544,213,65,49,173,226,1083,OOR
Pervis Ellison,PF,30,33,447,40,70,0.571,0,0,0.0,40,70,0.571,0.571,20,34,0.588,52,57,109,31,20,31,28,90,100,OOR
Brian Evans,SF,24,72,893,123,312,0.394,29,87,0.333,94,225,0.418,0.441,46,57,0.807,49,88,137,55,29,13,38,101,321,OOR
Patrick Ewing,C,35,26,848,203,403,0.504,0,2,0.0,203,401,0.506,0.504,134,186,0.72,59,206,265,28,16,58,77,74,540,OOR
Tony Farmer,C,28,27,169,17,53,0.321,2,9,0.222,15,44,0.341,0.34,31,39,0.795,16,16,32,5,10,4,9,23,67,OOR
Jamie Feick,PF,23,45,450,39,90,0.433,4,13,0.308,35,77,0.455,0.456,20,41,0.488,45,79,124,16,25,17,21,67,102,OOR
Duane Ferrell,SF,32,50,461,41,111,0.369,0,6,0.0,41,105,0.39,0.369,12,22,0.545,25,22,47,26,21,6,18,50,94,OOR
Danny Ferry,PF,31,69,1034,113,286,0.395,33,99,0.333,80,187,0.428,0.453,32,40,0.8,23,91,114,59,26,17,53,118,291,OOR
Michael Finley,SF,24,82,3394,675,1505,0.449,87,244,0.357,588,1261,0.466,0.477,326,416,0.784,150,288,438,405,132,30,219,163,1763,OOR
Derek Fisher,PG,23,82,1760,164,378,0.434,31,81,0.383,133,297,0.448,0.475,115,152,0.757,38,155,193,333,75,5,119,126,474,OOR
Danny Fortson,PF,21,80,1811,276,611,0.452,1,3,0.333,275,608,0.452,0.453,263,339,0.776,182,266,448,76,44,30,157,314,816,OOR
Greg Foster,C,29,78,1446,186,418,0.445,2,9,0.222,184,409,0.45,0.447,67,87,0.77,85,188,273,51,15,28,68,187,441,OOR
Rick Fox,SF,28,82,2709,363,771,0.471,86,265,0.325,277,506,0.547,0.527,171,230,0.743,78,280,358,276,100,48,201,309,983,OOR
Adonal Foyle,C,22,55,656,69,170,0.406,0,1,0.0,69,169,0.408,0.406,27,62,0.435,73,111,184,14,13,52,50,94,165,OOR
Todd Fuller,C,23,57,613,86,205,0.42,0,4,0.0,86,201,0.428,0.42,55,80,0.688,61,135,196,10,6,16,37,89,227,OOR
Lawrence Funderburke,PF,27,52,1094,191,390,0.49,1,7,0.143,190,383,0.496,0.491,110,162,0.679,80,154,234,63,19,15,62,56,493,OOR
Chris Garner,PG,22,38,293,23,70,0.329,4,14,0.286,19,56,0.339,0.357,3,7,0.429,7,17,24,45,21,4,25,50,53,OOR
Kevin Garnett,PF,21,82,3222,635,1293,0.491,3,16,0.188,632,1277,0.495,0.492,245,332,0.738,222,564,786,348,139,150,192,224,1518,OOR
Dean Garrett,C,31,82,2632,242,565,0.428,0,0,0.0,242,565,0.428,0.428,114,176,0.648,227,417,644,90,57,133,84,197,598,OOR
Kiwane Lemorris Garris,SG,23,28,225,22,65,0.338,5,14,0.357,17,51,0.333,0.377,19,25,0.76,3,16,19,28,7,1,15,22,68,OOR
Chris Gatling,PF,30,57,1359,248,545,0.455,1,4,0.25,247,541,0.457,0.456,159,265,0.6,118,216,334,53,52,29,99,152,656,OOR
Reggie Geary,PG,24,62,685,56,169,0.331,12,40,0.3,44,129,0.341,0.367,28,56,0.5,19,48,67,74,37,12,42,95,152,OOR
Matt Geiger,C,28,78,1839,358,709,0.505,1,11,0.091,357,698,0.511,0.506,168,236,0.712,196,325,521,78,68,87,111,191,885,OOR
Kendall Gill,SF,29,81,2733,418,974,0.429,26,101,0.257,392,873,0.449,0.443,225,327,0.688,112,279,391,200,156,64,124,268,1087,OOR
Armen Gilliam,PF,33,82,2114,327,676,0.484,0,4,0.0,327,672,0.487,0.484,267,333,0.802,146,293,439,104,65,37,148,177,921,OOR
Anthony Goldwire,PG,26,82,2212,269,636,0.423,63,164,0.384,206,472,0.436,0.472,150,186,0.806,40,107,147,277,86,7,85,149,751,OOR
Greg Graham,SG,27,6,56,7,12,0.583,0,3,0.0,7,9,0.778,0.583,2,2,1.0,0,1,1,6,1,0,10,7,16,OOR
Brian Grant,SF,25,61,1921,283,557,0.508,0,1,0.0,283,556,0.509,0.508,171,228,0.75,197,358,555,86,44,45,110,184,737,OOR
Gary Grant,PG,32,22,359,43,93,0.462,7,19,0.368,36,74,0.486,0.5,12,14,0.857,8,40,48,84,17,2,24,30,105,OOR
Harvey Grant,SF,32,65,895,75,196,0.383,1,6,0.167,74,190,0.389,0.385,19,30,0.633,60,108,168,39,23,15,26,94,170,OOR
Horace Grant,C,32,76,2803,393,857,0.459,0,7,0.0,393,850,0.462,0.459,135,199,0.678,228,390,618,172,81,79,88,180,921,OOR
Ed Gray,SG,22,30,472,77,202,0.381,18,46,0.391,59,156,0.378,0.426,55,65,0.846,9,36,45,34,15,11,30,73,227,OOR
Jeff Grayer,SG,32,5,34,4,11,0.364,2,6,0.333,2,5,0.4,0.455,0,0,0.0,0,4,4,2,2,0,4,7,10,OOR
A.C. Green,PF,34,82,2649,242,534,0.453,0,4,0.0,242,530,0.457,0.453,116,162,0.716,219,449,668,123,78,27,68,157,600,OOR
Litterial Green,PG,27,21,124,5,23,0.217,0,2,0.0,5,21,0.238,0.217,15,20,0.75,1,6,7,16,4,0,8,11,25,OOR
Derek Grimm,SF,23,9,34,4,14,0.286,4,12,0.333,0,2,0.0,0.429,2,2,1.0,0,4,4,0,3,1,3,6,14,OOR
Tom Gugliotta,SF,28,41,1582,319,635,0.502,2,17,0.118,317,618,0.513,0.504,183,223,0.821,106,250,356,167,61,22,109,102,823,OOR
Jack Haley,C,34,16,51,5,18,0.278,0,1,0.0,5,17,0.294,0.278,12,21,0.571,5,10,15,0,0,1,4,9,22,OOR
Darvin Ham,SF,24,71,635,55,104,0.529,0,0,0.0,55,104,0.529,0.529,35,74,0.473,72,59,131,16,21,25,37,118,145,OOR
Tom Hammonds,PF,30,57,1140,127,246,0.516,0,1,0.0,127,245,0.518,0.516,92,132,0.697,100,171,271,36,15,17,48,127,346,OOR
Reggie Hanson,SF,29,8,26,3,6,0.5,0,0,0.0,3,6,0.5,0.5,0,0,0.0,3,3,6,1,2,1,3,8,6,OOR
Anfernee Hardaway,SG,26,19,625,103,273,0.377,15,50,0.3,88,223,0.395,0.405,90,118,0.763,8,68,76,68,28,15,46,45,311,OOR
Tim Hardaway,PG,31,81,3031,558,1296,0.431,155,442,0.351,403,854,0.472,0.49,257,329,0.781,48,251,299,672,136,16,224,200,1528,OOR
Derek Harper,SG,36,66,1761,226,542,0.417,59,164,0.36,167,378,0.442,0.471,55,79,0.696,23,80,103,233,72,10,101,140,566,OOR
Ron Harper,PG,34,82,2284,293,665,0.441,16,84,0.19,277,581,0.477,0.453,162,216,0.75,107,183,290,241,108,48,91,181,764,OOR
Othella Harrington,PF,24,58,903,129,266,0.485,0,1,0.0,129,265,0.487,0.485,92,122,0.754,73,134,207,24,10,27,47,112,350,OOR
Lucious Harris,SG,27,50,671,69,177,0.39,12,39,0.308,57,138,0.413,0.424,41,55,0.745,21,31,52,42,42,5,21,77,191,OOR
Hersey Hawkins,SG,31,82,2597,280,636,0.44,125,301,0.415,155,335,0.463,0.539,177,204,0.868,71,263,334,221,148,17,102,153,862,OOR
Alan Henderson,PF,25,69,2000,365,753,0.485,3,6,0.5,362,747,0.485,0.487,253,388,0.652,200,242,442,73,42,36,110,175,986,OOR
Cedric Henderson,SF,22,82,2527,348,725,0.48,0,4,0.0,348,721,0.483,0.48,136,190,0.716,71,254,325,168,96,45,165,238,832,OOR
Mark Hendrickson,PF,23,48,737,58,149,0.389,0,5,0.0,58,144,0.403,0.389,47,57,0.825,33,110,143,41,26,9,31,60,163,OOR
Steve Henson,PG,29,23,65,13,26,0.5,3,8,0.375,10,18,0.556,0.558,7,7,1.0,0,2,2,4,1,0,6,9,36,OOR
Carl Herrera,PF,31,58,516,76,175,0.434,0,1,0.0,76,174,0.437,0.434,18,44,0.409,24,67,91,22,19,12,38,71,170,OOR
Sean Higgins,SF,29,2,12,0,5,0.0,0,2,0.0,0,3,0.0,0.0,0,0,0.0,0,0,0,0,2,0,1,3,0,OOR
Grant Hill,SF,25,81,3294,615,1361,0.452,3,21,0.143,612,1340,0.457,0.453,479,647,0.74,93,530,623,551,143,53,285,196,1712,OOR
Tyrone Hill,PF,29,57,2064,208,418,0.498,0,1,0.0,208,417,0.499,0.498,155,255,0.608,212,396,608,88,67,30,106,230,571,OOR
Fred Hoiberg,SG,25,65,874,85,222,0.383,32,85,0.376,53,137,0.387,0.455,59,69,0.855,14,109,123,45,40,3,22,101,261,OOR
Jerald Honeycutt,PF,23,38,530,90,221,0.407,29,77,0.377,61,144,0.424,0.473,36,58,0.621,27,66,93,33,20,6,49,83,245,OOR
Jeff Hornacek,SG,34,80,2460,399,828,0.482,56,127,0.441,343,701,0.489,0.516,285,322,0.885,65,205,270,349,109,15,132,175,1139,OOR
Robert Horry,PF,27,72,2192,200,420,0.476,19,93,0.204,181,327,0.554,0.499,117,169,0.692,186,356,542,163,112,94,99,238,536,OOR
Allan Houston,SG,26,82,2848,571,1277,0.447,82,213,0.385,489,1064,0.46,0.479,285,335,0.851,43,231,274,212,63,24,200,207,1509,OOR
Juwan Howard,PF,24,64,2559,463,991,0.467,0,2,0.0,463,989,0.468,0.467,258,358,0.721,161,288,449,208,82,23,185,225,1184,OOR
Stephen Howard,SF,27,13,53,8,21,0.381,0,0,0.0,8,21,0.381,0.381,9,18,0.5,6,6,12,3,3,1,6,13,25,OOR
Troy Hudson,PG,21,8,23,6,14,0.429,0,3,0.0,6,11,0.545,0.429,0,0,0.0,1,1,2,4,2,0,1,1,12,OOR
Lindsey Hunter,PG,27,71,2505,316,826,0.383,85,265,0.321,231,561,0.412,0.434,145,196,0.74,61,186,247,224,123,10,110,174,862,OOR
Bobby Hurley,PG,26,61,875,93,238,0.391,5,22,0.227,88,216,0.407,0.401,59,76,0.776,12,54,66,177,23,0,86,79,250,OOR
Zydrunas Ilgauskas,C,22,82,2379,454,876,0.518,1,4,0.25,453,872,0.519,0.519,230,302,0.762,279,444,723,71,52,135,146,288,1139,OOR
Allen Iverson,PG,22,80,3150,649,1407,0.461,70,235,0.298,579,1172,0.494,0.486,390,535,0.729,86,210,296,494,176,25,244,200,1758,OOR
Bobby Jackson,PG,24,68,2042,310,791,0.392,21,81,0.259,289,710,0.407,0.405,149,183,0.814,78,224,302,317,105,11,184,160,790,OOR
Jaren Jackson,SG,30,82,2226,258,654,0.394,112,297,0.377,146,357,0.409,0.48,94,118,0.797,55,155,210,156,60,8,104,222,722,OOR
Jim Jackson,SG,27,79,3046,476,1107,0.43,61,191,0.319,415,916,0.453,0.458,229,282,0.812,130,270,400,381,79,8,263,186,1242,OOR
Mark Jackson,PG,32,82,2413,249,598,0.416,43,137,0.314,206,461,0.447,0.452,137,180,0.761,67,255,322,713,84,2,174,132,678,OOR
Henry James,PF,32,28,166,24,59,0.407,11,25,0.44,13,34,0.382,0.5,21,22,0.955,2,13,15,5,1,1,12,24,80,OOR
Anthony Johnson,PG,23,77,2266,226,609,0.371,42,128,0.328,184,481,0.383,0.406,80,110,0.727,51,120,171,329,64,6,120,188,574,OOR
Avery Johnson,PG,32,75,2674,321,671,0.478,2,13,0.154,319,658,0.485,0.48,122,168,0.726,30,120,150,591,84,18,165,140,766,OOR
Eddie Johnson,SF,38,75,1490,227,544,0.417,66,198,0.333,161,346,0.465,0.478,113,136,0.831,50,103,153,88,32,3,62,89,633,OOR
Ervin Johnson,C,30,81,2261,253,471,0.537,0,0,0.0,253,471,0.537,0.537,143,238,0.601,242,443,685,59,79,158,117,321,649,OOR
Kevin Johnson,PG,31,50,1290,155,347,0.447,4,26,0.154,151,321,0.47,0.452,162,186,0.871,35,129,164,245,27,8,101,57,476,OOR
Larry Johnson,SF,28,70,2412,429,884,0.485,15,63,0.238,414,821,0.504,0.494,214,283,0.756,175,226,401,150,40,13,127,193,1087,OOR
Charles Jones,PF,40,24,127,7,10,0.7,0,0,0.0,7,10,0.7,0.7,1,2,0.5,12,12,24,5,1,6,4,22,15,OOR
Dontae' Jones,SF,22,15,91,19,57,0.333,6,23,0.261,13,34,0.382,0.386,0,0,0.0,3,6,9,5,2,3,11,12,44,OOR
Eddie Jones,SG,26,80,2910,486,1005,0.484,143,368,0.389,343,637,0.538,0.555,234,306,0.765,85,217,302,246,160,55,146,164,1349,OOR
Popeye Jones,PF,27,14,352,52,127,0.409,2,3,0.667,50,124,0.403,0.417,14,19,0.737,50,52,102,18,10,3,16,39,120,OOR
Michael Jordan,SG,34,82,3181,881,1893,0.465,30,126,0.238,851,1767,0.482,0.473,565,721,0.784,130,345,475,283,141,45,185,151,2357,MVP
Reggie Jordan,SG,30,57,487,54,113,0.478,0,1,0.0,54,112,0.482,0.478,41,72,0.569,57,40,97,50,35,9,30,63,149,OOR
Adam Keefe,C,27,80,2047,229,424,0.54,0,0,0.0,229,424,0.54,0.54,162,200,0.81,179,259,438,89,52,24,71,172,620,OOR
Shawn Kemp,PF,28,80,2769,518,1164,0.445,2,8,0.25,516,1156,0.446,0.446,404,556,0.727,219,526,745,197,108,90,271,310,1442,OOR
Tim Kempton,PF,34,8,47,2,9,0.222,0,0,0.0,2,9,0.222,0.222,0,0,0.0,4,2,6,3,1,2,4,10,4,OOR
Steve Kerr,PG,32,50,1119,137,302,0.454,57,130,0.438,80,172,0.465,0.548,45,49,0.918,14,63,77,96,26,5,27,71,376,OOR
Jerome Kersey,SF,35,37,717,97,233,0.416,1,10,0.1,96,223,0.43,0.418,39,65,0.6,56,79,135,44,52,14,36,104,234,OOR
Jason Kidd,PG,24,82,3118,357,859,0.416,73,233,0.313,284,626,0.454,0.458,167,209,0.799,108,402,510,745,162,26,261,142,954,OOR
Kerry Kittles,SG,23,77,2814,508,1154,0.44,110,263,0.418,398,891,0.447,0.488,202,250,0.808,132,230,362,176,132,37,106,152,1328,OOR
Joe Kleine,C,36,46,397,39,106,0.368,0,0,0.0,39,106,0.368,0.368,15,18,0.833,27,50,77,30,4,5,28,63,93,OOR
Brevin Knight,PG,22,80,2483,261,592,0.441,0,7,0.0,261,585,0.446,0.441,201,251,0.801,67,186,253,656,196,18,194,271,723,OOR
Travis Knight,C,23,74,1503,193,438,0.441,15,55,0.273,178,383,0.465,0.458,81,103,0.786,146,219,365,104,54,82,87,253,482,OOR
Toni Kukoč,SF,29,74,2235,383,841,0.455,63,174,0.362,320,667,0.48,0.493,155,219,0.708,121,206,327,314,76,37,154,149,984,OOR
Christian Laettner,PF,28,74,2282,354,730,0.485,6,27,0.222,348,703,0.495,0.489,306,354,0.864,142,345,487,190,71,73,183,246,1020,OOR
Andrew Lang,C,31,57,692,54,143,0.378,0,1,0.0,54,142,0.38,0.378,44,57,0.772,56,97,153,16,18,27,33,101,152,OOR
Antonio Lang,SF,25,6,29,3,5,0.6,0,0,0.0,3,5,0.6,0.6,6,8,0.75,2,3,5,1,2,0,4,3,12,OOR
Rusty LaRue,PG,24,14,140,20,49,0.408,4,16,0.25,16,33,0.485,0.449,5,8,0.625,1,7,8,5,3,1,6,12,49,OOR
Priest Lauderdale,C,24,39,345,53,127,0.417,0,0,0.0,53,127,0.417,0.417,38,69,0.551,27,73,100,21,7,17,46,63,144,OOR
Jason Lawson,C,23,17,80,9,15,0.6,0,0,0.0,9,15,0.6,0.6,8,10,0.8,8,19,27,5,4,4,2,14,26,OOR
Tim Legler,SG,31,8,76,3,19,0.158,0,6,0.0,3,13,0.231,0.158,3,4,0.75,2,2,4,3,1,0,4,11,9,OOR
Voshon Lenard,SG,24,81,2621,363,854,0.425,153,378,0.405,210,476,0.441,0.515,141,179,0.788,72,220,292,180,58,16,99,219,1020,OOR
Alton Lister,C,39,7,44,3,8,0.375,0,0,0.0,3,8,0.375,0.375,0,0,0.0,2,9,11,1,1,1,2,12,6,OOR
Randy Livingston,PG,22,12,82,3,12,0.25,0,0,0.0,3,12,0.25,0.25,4,5,0.8,1,5,6,5,7,2,6,6,10,OOR
Horacio Llamas,C,24,8,42,8,21,0.381,1,3,0.333,7,18,0.389,0.405,7,10,0.7,4,14,18,1,1,3,9,14,24,OOR
Brad Lohaus,PF,33,9,102,7,21,0.333,4,14,0.286,3,7,0.429,0.429,1,3,0.333,3,9,12,5,1,2,3,10,19,OOR
Grant Long,PF,31,40,739,50,117,0.427,0,4,0.0,50,113,0.442,0.427,41,57,0.719,57,93,150,25,29,12,22,91,141,OOR
Luc Longley,C,29,58,1703,277,609,0.455,0,0,0.0,277,609,0.455,0.455,109,148,0.736,113,228,341,161,34,62,130,206,663,OOR
George Lynch,SF,27,82,1493,248,516,0.481,9,30,0.3,239,486,0.492,0.489,111,158,0.703,147,215,362,122,65,41,104,161,616,OOR
Sam Mack,SF,27,57,1414,222,559,0.397,110,269,0.409,112,290,0.386,0.496,62,77,0.805,30,103,133,101,41,11,69,117,616,OOR
Don MacLean,SF,28,9,42,1,10,0.1,1,2,0.5,0,8,0.0,0.15,0,0,0.0,3,2,5,0,0,0,2,7,3,OOR
Gerald Madkins,SG,28,19,243,13,34,0.382,6,15,0.4,7,19,0.368,0.471,5,7,0.714,2,13,15,45,13,1,13,18,37,OOR
Rick Mahorn,C,39,59,707,59,129,0.457,0,0,0.0,59,129,0.457,0.457,23,34,0.676,65,130,195,15,14,7,37,123,141,OOR
Dan Majerle,SG,32,72,1928,184,439,0.419,111,295,0.376,73,144,0.507,0.546,40,51,0.784,48,220,268,157,68,15,65,139,519,OOR
Karl Malone,PF,34,81,3030,780,1472,0.53,2,6,0.333,778,1466,0.531,0.531,628,825,0.761,189,645,834,316,96,70,247,237,2190,Candidate
Matt Maloney,PG,26,78,2217,239,586,0.408,126,346,0.364,113,240,0.471,0.515,65,78,0.833,16,126,142,219,62,5,107,99,669,OOR
Danny Manning,PF,31,70,1794,390,756,0.516,0,7,0.0,390,749,0.521,0.516,167,226,0.739,110,282,392,139,71,46,100,201,947,OOR
Stephon Marbury,PG,20,82,3112,513,1237,0.415,95,304,0.313,418,933,0.448,0.453,329,450,0.731,58,172,230,704,104,7,256,222,1450,OOR
Donyell Marshall,SF,24,73,2611,451,1090,0.414,63,201,0.313,388,889,0.436,0.443,158,216,0.731,210,418,628,159,95,73,147,226,1123,OOR
Darrick Martin,PG,26,82,2299,275,730,0.377,107,293,0.365,168,437,0.384,0.45,184,217,0.848,19,145,164,331,82,10,154,198,841,OOR
Jamal Mashburn,SF,25,48,1729,251,577,0.435,37,122,0.303,214,455,0.47,0.467,184,231,0.797,72,164,236,132,43,14,108,137,723,OOR
Anthony Mason,PF,31,81,3148,389,764,0.509,0,4,0.0,389,760,0.512,0.509,261,402,0.649,177,649,826,342,68,18,146,182,1039,OOR
Tony Massenburg,C,30,61,894,148,309,0.479,0,0,0.0,148,309,0.479,0.479,100,137,0.73,80,152,232,21,25,24,60,123,396,OOR
Vernon Maxwell,SG,32,42,636,103,258,0.399,37,112,0.33,66,146,0.452,0.471,48,60,0.8,14,43,57,52,16,4,40,71,291,OOR
Lee Mayberry,PG,27,79,1835,131,349,0.375,63,180,0.35,68,169,0.402,0.466,38,51,0.745,19,95,114,349,65,10,113,164,363,OOR
Bob McCann,SF,33,1,5,0,1,0.0,0,0,0.0,0,1,0.0,0.0,0,0,0.0,0,1,1,0,0,0,0,1,0,OOR
Walter McCarty,SF,23,82,2340,295,730,0.404,54,175,0.309,241,555,0.434,0.441,144,194,0.742,141,223,364,177,110,44,141,274,788,OOR
George McCloud,SF,30,63,1213,173,427,0.405,71,208,0.341,102,219,0.466,0.488,39,51,0.765,45,173,218,84,54,13,63,132,456,OOR
Xavier McDaniel,SF,34,20,180,10,30,0.333,0,0,0.0,10,30,0.333,0.333,5,8,0.625,12,19,31,9,3,2,8,23,25,OOR
Michael McDonald,C,28,1,4,0,0,0.0,0,0,0.0,0,0,0.0,0.0,0,0,0.0,1,0,1,0,0,0,2,1,0,OOR
Antonio McDyess,PF,23,81,2441,497,927,0.536,0,2,0.0,497,925,0.537,0.536,231,329,0.702,206,407,613,106,100,135,142,292,1225,OOR
Tracy McGrady,SF,18,64,1179,179,398,0.45,14,41,0.341,165,357,0.462,0.467,79,111,0.712,105,164,269,98,49,61,66,86,451,OOR
Jim McIlvaine,C,25,78,1211,101,223,0.453,0,3,0.0,101,220,0.459,0.453,45,81,0.556,96,163,259,19,24,137,54,240,247,OOR
Derrick McKey,SF,31,57,1316,150,327,0.459,4,17,0.235,146,310,0.471,0.465,55,77,0.714,74,137,211,88,57,30,79,156,359,OOR
Aaron McKie,SG-SF,25,81,1813,139,381,0.365,12,63,0.19,127,318,0.399,0.381,42,55,0.764,58,173,231,175,101,13,76,164,332,OOR
Nate McMillan,SG,33,18,279,23,67,0.343,15,34,0.441,8,33,0.242,0.455,1,1,1.0,13,27,40,55,14,4,12,41,62,OOR
Ron Mercer,SG,21,80,2662,515,1145,0.45,3,28,0.107,512,1117,0.458,0.451,188,224,0.839,109,171,280,176,125,17,132,213,1221,OOR
Marko Milič,SF,20,33,163,39,64,0.609,3,6,0.5,36,58,0.621,0.633,11,17,0.647,10,15,25,12,10,0,21,17,92,OOR
Anthony Miller,PF,26,37,228,29,52,0.558,0,0,0.0,29,52,0.558,0.558,21,39,0.538,30,40,70,3,15,3,14,41,79,OOR
Oliver Miller,C,27,64,1628,170,369,0.461,0,4,0.0,170,365,0.466,0.461,61,101,0.604,146,254,400,196,58,72,131,184,401,OOR
Reggie Miller,SG,32,81,2795,516,1081,0.477,164,382,0.429,352,699,0.504,0.553,382,440,0.868,46,186,232,171,78,11,128,148,1578,OOR
Chris Mills,SF,28,80,2183,292,675,0.433,40,137,0.292,252,538,0.468,0.462,152,189,0.804,120,288,408,133,45,30,107,218,776,OOR
Terry Mills,PF,30,50,782,81,206,0.393,25,81,0.309,56,125,0.448,0.454,25,33,0.758,34,118,152,39,19,9,45,129,212,OOR
Greg Minor,SG,26,69,1126,140,321,0.436,6,31,0.194,134,290,0.462,0.445,59,86,0.686,55,95,150,88,53,11,43,100,345,OOR
Sam Mitchell,SF,34,81,2239,371,800,0.464,15,43,0.349,356,757,0.47,0.473,243,292,0.832,118,267,385,107,64,22,66,200,1000,OOR
Eric Montross,C,26,48,691,61,144,0.424,0,0,0.0,61,144,0.424,0.424,16,40,0.4,69,130,199,11,13,27,29,127,138,OOR
Chris Morris,SF,32,54,538,85,207,0.411,19,62,0.306,66,145,0.455,0.457,44,61,0.721,35,79,114,24,25,17,33,61,233,OOR
Lawrence Moten,SG,25,8,27,3,13,0.231,0,1,0.0,3,12,0.25,0.231,3,4,0.75,1,0,1,3,0,0,1,6,9,OOR
Alonzo Mourning,C,27,58,1939,403,732,0.551,0,0,0.0,403,732,0.551,0.551,309,465,0.665,193,365,558,52,40,130,179,208,1115,OOR
Chris Mullin,SF,34,82,2177,333,692,0.481,107,243,0.44,226,449,0.503,0.559,154,164,0.939,38,211,249,186,95,39,117,186,927,OOR
Eric Murdock,PG,29,82,1395,177,419,0.422,28,91,0.308,149,328,0.454,0.456,125,156,0.801,39,117,156,219,103,13,104,173,507,OOR
Lamond Murray,SF,24,79,2579,473,984,0.481,54,153,0.353,419,831,0.504,0.508,220,294,0.748,172,312,484,142,118,54,171,193,1220,OOR
Tracy Murray,SF,26,82,2227,449,1007,0.446,158,403,0.392,291,604,0.482,0.524,182,209,0.871,75,202,277,84,67,25,102,167,1238,OOR
Dikembe Mutombo,C,31,82,2917,399,743,0.537,0,0,0.0,399,743,0.537,0.537,303,452,0.67,276,656,932,82,34,277,168,254,1101,OOR
Martin Müürsepp,PF,23,41,603,83,191,0.435,16,38,0.421,67,153,0.438,0.476,51,67,0.761,46,68,114,30,29,14,29,96,233,OOR
Pete Myers,SG,34,9,40,5,10,0.5,0,0,0.0,5,10,0.5,0.5,4,6,0.667,5,5,10,3,4,0,4,7,14,OOR
Steve Nash,PG,23,76,1664,268,584,0.459,81,195,0.415,187,389,0.481,0.528,74,86,0.86,32,128,160,262,63,4,98,145,691,OOR
Ivano Newbill,PF,27,28,249,20,57,0.351,1,1,1.0,19,56,0.339,0.36,17,30,0.567,24,45,69,9,10,3,17,38,58,OOR
Johnny Newman,SF,34,74,2176,344,799,0.431,36,105,0.343,308,694,0.444,0.453,365,445,0.82,50,91,141,138,77,24,147,208,1089,OOR
Jeff Nordgaard,PF,24,13,48,5,18,0.278,0,0,0.0,5,18,0.278,0.278,8,9,0.889,4,10,14,3,2,0,3,7,18,OOR
Charles O'Bannon,SG,22,30,234,26,69,0.377,0,3,0.0,26,66,0.394,0.377,12,15,0.8,14,19,33,17,9,1,9,15,64,OOR
Jermaine O'Neal,PF,19,60,808,112,231,0.485,0,2,0.0,112,229,0.489,0.485,45,89,0.506,80,121,201,17,15,58,55,101,269,OOR
Shaquille O'Neal,C,25,60,2175,670,1147,0.584,0,0,0.0,670,1147,0.584,0.584,359,681,0.527,208,473,681,142,39,144,175,193,1699,Candidate
Charles Oakley,PF,34,79,2734,307,698,0.44,0,6,0.0,307,692,0.444,0.44,97,114,0.851,218,506,724,201,123,22,126,280,711,OOR
Hakeem Olajuwon,C,35,47,1633,306,633,0.483,0,3,0.0,306,630,0.486,0.483,160,212,0.755,116,344,460,143,84,96,126,152,772,OOR
Brian Oliver,SG,29,5,61,7,19,0.368,0,0,0.0,7,19,0.368,0.368,1,4,0.25,3,6,9,2,1,0,1,4,15,OOR
Jimmy Oliver,SG,28,1,10,2,4,0.5,1,2,0.5,1,2,0.5,0.625,0,0,0.0,0,2,2,1,0,0,0,1,5,OOR
Kevin Ollie,PG,25,35,430,37,98,0.378,0,1,0.0,37,97,0.381,0.378,49,70,0.7,9,30,39,65,13,0,44,31,123,OOR
Greg Ostertag,C,24,63,1288,115,239,0.481,0,0,0.0,115,239,0.481,0.481,67,140,0.479,134,240,374,25,28,132,74,166,297,OOR
Bo Outlaw,PF,26,82,2953,301,543,0.554,1,4,0.25,300,539,0.557,0.555,180,313,0.575,255,382,637,216,107,181,175,260,783,OOR
Doug Overton,PG,28,23,277,24,63,0.381,0,3,0.0,24,60,0.4,0.381,14,16,0.875,2,12,14,37,8,1,23,34,62,OOR
Billy Owens,SF,28,78,2348,338,728,0.464,26,70,0.371,312,658,0.474,0.482,116,197,0.589,170,412,582,219,93,38,153,231,818,OOR
Robert Pack,PG,28,12,292,33,98,0.337,3,6,0.5,30,92,0.326,0.352,25,36,0.694,8,26,34,42,20,1,38,17,94,OOR
Anthony Parker,SG,22,37,196,25,63,0.397,9,28,0.321,16,35,0.457,0.468,13,20,0.65,8,18,26,19,11,3,11,17,72,OOR
Cherokee Parks,C,25,79,1703,224,449,0.499,0,1,0.0,224,448,0.5,0.499,110,169,0.651,140,297,437,53,36,86,66,237,558,OOR
Gary Payton,PG,29,82,3145,579,1278,0.453,134,397,0.338,445,881,0.505,0.505,279,375,0.744,77,299,376,679,185,18,229,195,1571,Candidate
Anthony Peeler,SG,28,38,1193,190,420,0.452,53,125,0.424,137,295,0.464,0.515,36,47,0.766,37,86,123,137,61,6,51,97,469,OOR
Will Perdue,C,32,79,1491,162,295,0.549,0,1,0.0,162,294,0.551,0.549,70,133,0.526,177,358,535,57,22,50,81,137,394,OOR
Sam Perkins,PF,36,81,1675,196,471,0.416,87,222,0.392,109,249,0.438,0.508,101,128,0.789,53,202,255,113,62,29,62,158,580,OOR
Elliot Perry,PG,28,81,1752,241,561,0.43,17,50,0.34,224,511,0.438,0.445,92,109,0.844,21,87,108,230,90,2,128,129,591,OOR
Chuck Person,PF,33,61,1455,143,398,0.359,95,276,0.344,48,122,0.393,0.479,28,37,0.757,17,187,204,86,29,10,67,121,409,OOR
Wesley Person,SG,26,82,3198,440,957,0.46,192,447,0.43,248,510,0.486,0.56,132,170,0.776,65,298,363,188,129,49,110,108,1204,OOR
Bobby Phills,SG,28,62,1887,246,552,0.446,44,114,0.386,202,438,0.461,0.486,106,140,0.757,59,157,216,187,81,18,108,181,642,OOR
Eric Piatkowski,SG,27,67,1740,257,568,0.452,106,259,0.409,151,309,0.489,0.546,140,170,0.824,70,166,236,85,51,12,80,137,760,OOR
Ricky Pierce,SG,38,39,442,52,143,0.364,4,13,0.308,48,130,0.369,0.378,43,52,0.827,19,26,45,34,9,0,21,35,151,OOR
Scottie Pippen,SF,32,44,1652,315,704,0.447,61,192,0.318,254,512,0.496,0.491,150,193,0.777,53,174,227,254,79,43,109,116,841,OOR
Scot Pollard,C,22,33,317,35,70,0.5,0,0,0.0,35,70,0.5,0.5,19,23,0.826,34,40,74,9,8,10,12,48,89,OOR
Olden Polynice,C,33,70,1458,249,542,0.459,0,1,0.0,249,541,0.46,0.459,52,115,0.452,173,266,439,107,37,45,98,158,550,OOR
Mark Pope,SF,25,28,193,14,41,0.341,1,3,0.333,13,38,0.342,0.354,10,17,0.588,9,17,26,7,3,6,10,36,39,OOR
Terry Porter,PG,34,82,1786,259,577,0.449,92,233,0.395,167,344,0.485,0.529,167,195,0.856,37,131,168,271,63,16,104,103,777,OOR
Vitaly Potapenko,C,22,80,1412,234,488,0.48,0,1,0.0,234,487,0.48,0.48,102,144,0.708,110,203,313,57,27,28,132,198,570,OOR
Brent Price,PG,29,72,1332,128,310,0.413,73,187,0.39,55,123,0.447,0.531,77,98,0.786,37,70,107,192,52,4,111,163,406,OOR
Mark Price,PG,33,63,1430,229,531,0.431,52,155,0.335,177,376,0.471,0.48,87,103,0.845,24,105,129,297,53,5,162,92,597,OOR
Theo Ratliff,C,24,82,2447,306,597,0.513,0,0,0.0,306,597,0.513,0.513,197,281,0.701,221,326,547,57,50,258,116,292,809,OOR
Eldridge Recasner,SG,30,59,1454,206,452,0.456,62,148,0.419,144,304,0.474,0.524,74,79,0.937,32,110,142,117,41,1,91,94,548,OOR
Bryant Reeves,C,24,74,2527,492,941,0.523,0,4,0.0,492,937,0.525,0.523,223,316,0.706,196,389,585,155,39,80,156,278,1207,OOR
Khalid Reeves,PG,25,82,1950,248,593,0.418,56,152,0.368,192,441,0.435,0.465,165,213,0.775,54,131,185,230,80,10,130,195,717,OOR
Don Reid,PF,24,68,994,94,176,0.534,0,0,0.0,94,176,0.534,0.534,50,71,0.704,77,98,175,26,25,55,28,183,238,OOR
J.R. Reid,PF,29,79,1109,146,318,0.459,3,8,0.375,143,310,0.461,0.464,89,122,0.73,72,138,210,51,35,19,65,172,384,OOR
Shawn Respert,SG,25,57,911,130,293,0.444,31,93,0.333,99,200,0.495,0.497,48,61,0.787,37,63,100,61,34,1,48,75,339,OOR
Rodrick Rhodes,SF,24,58,1070,112,305,0.367,2,8,0.25,110,297,0.37,0.37,111,180,0.617,28,42,70,110,62,10,97,125,337,OOR
Glen Rice,SF,30,82,3295,634,1386,0.457,130,300,0.433,504,1086,0.464,0.504,428,504,0.849,89,264,353,182,77,22,182,200,1826,OOR
Pooh Richardson,PG,31,69,1252,124,333,0.372,11,57,0.193,113,276,0.409,0.389,30,43,0.698,17,79,96,226,44,3,54,71,289,OOR
Mitch Richmond,SG,32,70,2569,543,1220,0.445,130,334,0.389,413,886,0.466,0.498,407,471,0.864,50,179,229,279,88,15,181,154,1623,OOR
Isaiah Rider,SG,26,74,2786,551,1302,0.423,135,420,0.321,416,882,0.472,0.475,221,267,0.828,99,247,346,231,55,19,187,188,1458,OOR
Eric Riley,C,27,39,544,56,135,0.415,0,1,0.0,56,134,0.418,0.415,27,36,0.75,43,90,133,22,15,46,37,80,139,OOR
Stanley Roberts,C,27,74,1328,191,386,0.495,0,0,0.0,191,386,0.495,0.495,75,156,0.481,109,254,363,27,24,72,70,226,457,OOR
Chris Robinson,SG,23,35,414,65,174,0.374,24,66,0.364,41,108,0.38,0.443,8,16,0.5,9,37,46,39,19,4,33,50,162,OOR
Clifford Robinson,SF,31,80,2359,429,895,0.479,27,84,0.321,402,811,0.496,0.494,248,360,0.689,152,258,410,170,92,90,140,249,1133,OOR
David Robinson,C,32,73,2457,544,1065,0.511,1,4,0.25,543,1061,0.512,0.511,485,660,0.735,239,536,775,199,64,192,202,204,1574,OOR
Glenn Robinson,SF,25,56,2294,534,1136,0.47,25,65,0.385,509,1071,0.475,0.481,215,266,0.808,82,225,307,158,69,34,200,164,1308,OOR
James Robinson,PG,27,70,1231,195,501,0.389,74,225,0.329,121,276,0.438,0.463,77,107,0.72,37,74,111,135,37,10,97,101,541,OOR
Larry Robinson,SF,30,6,41,6,19,0.316,3,6,0.5,3,13,0.231,0.395,2,2,1.0,2,10,12,1,4,0,2,0,17,OOR
Dennis Rodman,PF,36,80,2856,155,360,0.431,4,23,0.174,151,337,0.448,0.436,61,111,0.55,421,780,1201,230,47,18,147,238,375,OOR
Carlos Rogers,PF,26,21,376,47,91,0.516,0,2,0.0,47,89,0.528,0.516,18,32,0.563,35,32,67,18,10,8,14,35,112,OOR
Rodney Rogers,SF,26,76,2499,426,935,0.456,72,212,0.34,354,723,0.49,0.494,225,328,0.686,155,269,424,202,93,38,193,242,1149,OOR
Roy Rogers,PF,24,15,106,9,25,0.36,0,0,0.0,9,25,0.36,0.36,2,6,0.333,8,9,17,2,3,8,5,18,20,OOR
Sean Rooks,C,28,41,425,46,101,0.455,0,0,0.0,46,101,0.455,0.455,47,79,0.595,46,72,118,24,2,23,19,68,139,OOR
Jalen Rose,SF,25,82,1706,290,607,0.478,25,73,0.342,265,534,0.496,0.498,166,228,0.728,28,167,195,155,56,14,132,171,771,OOR
Malik Rose,PF,23,53,429,59,136,0.434,1,3,0.333,58,133,0.436,0.438,39,61,0.639,40,50,90,19,21,7,44,79,158,OOR
Donald Royal,SF,31,31,323,25,69,0.362,0,0,0.0,25,69,0.362,0.362,29,33,0.879,18,23,41,17,7,1,10,35,79,OOR
Clifford Rozier,C,25,6,30,3,6,0.5,0,0,0.0,3,6,0.5,0.5,0,1,0.0,3,3,6,0,0,0,4,7,6,OOR
Bryon Russell,SF,27,82,2219,226,525,0.43,73,214,0.341,153,311,0.492,0.5,213,278,0.766,78,248,326,101,90,31,81,229,738,OOR
Arvydas Sabonis,C,33,73,2333,407,826,0.493,30,115,0.261,377,711,0.53,0.511,323,405,0.798,149,580,729,218,65,80,190,267,1167,OOR
Kevin Salvadori,C,27,16,87,1,13,0.077,0,0,0.0,1,13,0.077,0.077,3,6,0.5,5,15,20,3,0,11,5,12,5,OOR
Danny Schayes,C,38,74,1272,155,371,0.418,0,0,0.0,155,371,0.418,0.418,96,119,0.807,97,145,242,44,34,33,61,182,406,OOR
Detlef Schrempf,SF,35,78,2742,437,898,0.487,61,147,0.415,376,751,0.501,0.521,297,352,0.844,135,419,554,341,60,19,168,205,1232,OOR
Dennis Scott,SF,29,81,2290,329,828,0.397,125,342,0.365,204,486,0.42,0.473,105,130,0.808,47,200,247,153,53,39,104,152,888,OOR
Shawnelle Scott,C,25,41,188,16,36,0.444,0,0,0.0,16,36,0.444,0.444,12,18,0.667,20,39,59,8,6,8,10,45,44,OOR
Shea Seals,SG,22,4,9,1,8,0.125,0,3,0.0,1,5,0.2,0.125,2,4,0.5,3,1,4,0,1,0,0,1,4,OOR
Malik Sealy,SF,27,77,1641,216,505,0.428,9,41,0.22,207,464,0.446,0.437,150,182,0.824,48,171,219,100,65,20,79,156,591,OOR
Rony Seikaly,C,32,56,1636,250,579,0.432,0,2,0.0,250,577,0.433,0.432,246,332,0.741,146,247,393,77,28,43,146,164,746,OOR
God Shammgod,PG,21,20,146,19,58,0.328,0,2,0.0,19,56,0.339,0.328,23,30,0.767,2,5,7,36,7,1,21,27,61,OOR
Brian Shaw,PG,31,59,1530,154,446,0.345,28,95,0.295,126,351,0.359,0.377,36,52,0.692,37,178,215,261,49,17,99,148,372,OOR
Dickey Simpkins,PF,25,40,433,48,89,0.539,0,2,0.0,48,87,0.552,0.539,36,70,0.514,27,50,77,33,9,5,32,54,132,OOR
Reggie Slater,PF,27,78,1662,211,459,0.46,0,0,0.0,211,459,0.46,0.46,203,322,0.63,134,171,305,74,45,30,102,201,625,OOR
Charles Smith,SG,22,34,292,49,125,0.392,15,47,0.319,34,78,0.436,0.452,6,11,0.545,13,14,27,21,12,6,27,24,119,OOR
Joe Smith,PF,22,79,2344,464,1070,0.434,0,8,0.0,464,1062,0.437,0.434,227,293,0.775,199,272,471,94,62,51,158,263,1155,OOR
Michael Smith,PF,25,48,1053,93,194,0.479,0,1,0.0,93,193,0.482,0.479,65,103,0.631,120,186,306,88,41,15,51,95,251,OOR
Steve Smith,SG,28,73,2857,489,1101,0.444,97,276,0.351,392,825,0.475,0.488,389,455,0.855,133,176,309,292,75,29,176,219,1464,OOR
Tony Smith,PG,29,7,80,8,24,0.333,0,4,0.0,8,20,0.4,0.333,3,4,0.75,4,3,7,10,5,2,9,7,19,OOR
Rik Smits,C,31,73,2085,514,1038,0.495,0,3,0.0,514,1035,0.497,0.495,188,240,0.783,127,378,505,101,40,88,134,243,1216,OOR
Eric Snow,PG,24,64,918,79,184,0.429,2,17,0.118,77,167,0.461,0.435,49,71,0.69,19,62,81,177,60,5,63,114,209,OOR
Felton Spencer,C,30,68,813,59,129,0.457,0,0,0.0,59,129,0.457,0.457,44,79,0.557,93,133,226,17,23,37,49,175,162,OOR
Latrell Sprewell,SG,27,14,547,110,277,0.397,9,48,0.188,101,229,0.441,0.413,70,94,0.745,7,44,51,68,19,5,44,26,299,OOR
Jerry Stackhouse,SG-SF,23,79,2545,424,975,0.435,47,195,0.241,377,780,0.483,0.459,354,450,0.787,105,161,266,241,89,59,224,175,1249,OOR
John Starks,SG,32,82,2188,372,947,0.393,130,398,0.327,242,549,0.441,0.461,185,235,0.787,48,182,230,219,78,5,143,205,1059,OOR
Joe Stephens,SF,25,7,37,10,28,0.357,3,10,0.3,7,18,0.389,0.411,4,6,0.667,3,3,6,1,2,0,2,2,27,OOR
Kebu Stewart,PF,24,15,110,12,26,0.462,0,0,0.0,12,26,0.462,0.462,16,25,0.64,9,22,31,2,5,2,8,13,40,OOR
Michael Stewart,C,22,81,1761,155,323,0.48,0,0,0.0,155,323,0.48,0.48,65,142,0.458,197,339,536,61,29,195,85,251,375,OOR
Bryant Stith,SG,27,31,718,75,225,0.333,10,48,0.208,65,177,0.367,0.356,75,86,0.872,15,50,65,50,21,8,35,52,235,OOR
John Stockton,PG,35,64,1858,270,511,0.528,39,91,0.429,231,420,0.55,0.567,191,231,0.827,35,131,166,543,89,10,161,138,770,OOR
Ed Stokes,C,26,4,17,1,3,0.333,0,0,0.0,1,3,0.333,0.333,1,2,0.5,1,3,4,1,1,2,2,4,3,OOR
Damon Stoudamire,PG,24,71,2839,448,1091,0.411,91,304,0.299,357,787,0.454,0.452,238,287,0.829,87,211,298,580,113,7,223,150,1225,OOR
Erick Strickland,SG,24,67,1505,199,558,0.357,48,163,0.294,151,395,0.382,0.4,65,84,0.774,35,126,161,167,56,8,106,140,511,OOR
Mark Strickland,PF,27,51,847,145,269,0.539,0,1,0.0,145,268,0.541,0.539,59,82,0.72,80,133,213,26,18,34,47,87,349,OOR
Rod Strickland,PG,31,76,3020,490,1130,0.434,12,48,0.25,478,1082,0.442,0.439,357,492,0.726,112,293,405,801,126,25,266,182,1349,OOR
Derek Strong,PF,29,58,1638,259,617,0.42,0,4,0.0,259,613,0.423,0.42,218,279,0.781,152,275,427,51,31,24,74,122,736,OOR
Bob Sura,SG,24,46,942,87,231,0.377,19,60,0.317,68,171,0.398,0.418,74,131,0.565,25,69,94,171,44,7,93,113,267,OOR
Žan Tabak,C,27,57,984,142,304,0.467,0,1,0.0,142,303,0.469,0.467,23,61,0.377,84,128,212,48,20,38,61,163,307,OOR
Johnny Taylor,SF,23,12,108,13,37,0.351,1,2,0.5,12,35,0.343,0.365,11,16,0.688,4,9,13,1,3,2,8,22,38,OOR
Maurice Taylor,PF,21,71,1513,321,675,0.476,0,1,0.0,321,674,0.476,0.476,173,244,0.709,118,178,296,53,34,40,107,222,815,OOR
Carl Thomas,SG,28,43,426,56,140,0.4,20,59,0.339,36,81,0.444,0.471,16,25,0.64,10,37,47,19,21,7,18,39,148,OOR
John Thomas,PF,22,54,535,55,113,0.487,0,0,0.0,55,113,0.487,0.487,41,54,0.759,48,58,106,17,22,12,46,97,151,OOR
Kurt Thomas,PF,25,5,73,17,45,0.378,0,0,0.0,17,45,0.378,0.378,3,3,1.0,8,16,24,3,1,0,10,19,37,OOR
Tim Thomas,SF,20,77,1779,306,684,0.447,62,171,0.363,244,513,0.476,0.493,171,231,0.74,107,181,288,90,54,17,118,185,845,OOR
Brooks Thompson,PG,27,30,167,23,56,0.411,9,30,0.3,14,26,0.538,0.491,4,8,0.5,1,14,15,27,10,1,16,22,59,OOR
Otis Thorpe,PF,35,74,2197,294,624,0.471,0,5,0.0,294,619,0.475,0.471,164,240,0.683,151,386,537,222,48,30,152,238,752,OOR
Gary Trent,PF,23,54,1360,241,505,0.477,4,12,0.333,237,493,0.481,0.481,144,212,0.679,123,215,338,72,35,27,94,161,630,OOR
Nick Van Exel,PG,26,64,2053,311,743,0.419,123,316,0.389,188,427,0.44,0.501,136,172,0.791,31,163,194,442,64,6,104,120,881,OOR
Keith Van Horn,PF,22,62,2325,446,1047,0.426,69,224,0.308,377,823,0.458,0.459,258,305,0.846,142,266,408,106,64,25,164,216,1219,OOR
David Vaughn,PF,24,40,489,66,148,0.446,0,1,0.0,66,147,0.449,0.446,30,47,0.638,53,99,152,20,15,10,40,83,162,OOR
Jacque Vaughn,PG,22,45,419,44,122,0.361,3,8,0.375,41,114,0.36,0.373,48,68,0.706,4,34,38,84,9,1,56,63,139,OOR
Loy Vaught,PF,29,10,265,36,84,0.429,0,2,0.0,36,82,0.439,0.429,3,8,0.375,16,49,65,7,4,2,13,33,75,OOR
Stojko Vranković,C,34,65,996,79,186,0.425,0,0,0.0,79,186,0.425,0.425,37,65,0.569,71,192,263,36,11,66,46,130,195,OOR
Antoine Walker,PF,21,82,3268,722,1705,0.423,91,292,0.312,631,1413,0.447,0.45,305,473,0.645,270,566,836,273,142,60,292,262,1840,OOR
Samaki Walker,PF,21,41,1027,156,321,0.486,0,1,0.0,156,320,0.488,0.486,53,97,0.546,96,206,302,24,30,40,61,127,365,OOR
Ben Wallace,C,23,67,1124,85,164,0.518,0,0,0.0,85,164,0.518,0.518,35,98,0.357,112,212,324,18,61,72,28,116,205,OOR
John Wallace,SF,23,82,2361,468,979,0.478,1,2,0.5,467,977,0.478,0.479,210,293,0.717,117,256,373,110,62,101,172,239,1147,OOR
Rasheed Wallace,PF,23,77,2896,466,875,0.533,8,39,0.205,458,836,0.548,0.537,184,278,0.662,132,346,478,195,75,88,167,268,1124,OOR
Rex Walters,SG,27,38,235,24,53,0.453,6,22,0.273,18,31,0.581,0.509,26,28,0.929,5,19,24,35,8,1,27,28,80,OOR
Charlie Ward,PG,27,82,2317,235,516,0.455,81,215,0.377,154,301,0.512,0.534,91,113,0.805,32,242,274,466,144,37,175,195,642,OOR
Eric Washington,SG,23,66,1539,201,498,0.404,44,137,0.321,157,361,0.435,0.448,65,83,0.783,47,80,127,78,53,25,72,143,511,OOR
Clarence Weatherspoon,PF,27,79,2325,268,608,0.441,0,0,0.0,268,608,0.441,0.441,200,277,0.722,198,396,594,89,85,74,119,194,736,OOR
Spud Webb,PG,34,4,34,5,12,0.417,0,1,0.0,5,11,0.455,0.417,2,2,1.0,2,1,3,5,1,0,7,6,12,OOR
Chris Webber,C,24,71,2809,647,1341,0.482,65,205,0.317,582,1136,0.512,0.507,196,333,0.589,176,498,674,273,111,124,185,269,1555,OOR
Bubba Wells,SG,23,39,395,48,116,0.414,1,6,0.167,47,110,0.427,0.418,31,43,0.721,22,46,68,34,15,4,31,40,128,OOR
Bill Wennington,C,34,48,467,75,172,0.436,0,0,0.0,75,172,0.436,0.436,17,21,0.81,32,48,80,19,4,5,16,77,167,OOR
David Wesley,PG,27,81,2845,383,864,0.443,59,170,0.347,324,694,0.467,0.477,229,288,0.795,49,164,213,529,140,30,226,229,1054,OOR
Doug West,SG,30,38,688,64,171,0.374,0,2,0.0,64,169,0.379,0.374,29,40,0.725,23,59,82,45,11,5,21,97,157,OOR
Mark West,C,37,15,105,10,21,0.476,0,0,0.0,10,21,0.476,0.476,3,6,0.5,6,9,15,2,2,4,8,15,23,OOR
DeJuan Wheat,PG,24,34,150,20,50,0.4,8,17,0.471,12,33,0.364,0.48,9,15,0.6,3,8,11,25,6,1,9,12,57,OOR
Donald Whiteside,PG,28,3,16,1,2,0.5,0,1,0.0,1,1,1.0,0.5,0,2,0.0,0,1,1,1,0,0,1,0,2,OOR
Chris Whitney,PG,26,82,1073,126,355,0.355,52,169,0.308,74,186,0.398,0.428,118,129,0.915,16,99,115,196,34,6,65,106,422,OOR
Gerald Wilkins,SG,34,72,1252,141,434,0.325,29,109,0.266,112,325,0.345,0.358,69,98,0.704,16,74,90,78,34,6,79,78,380,OOR
Aaron Williams,PF,26,65,757,115,220,0.523,0,1,0.0,115,219,0.525,0.523,66,85,0.776,48,99,147,14,19,38,50,119,296,OOR
Alvin Williams,SG,23,54,1071,125,282,0.443,9,28,0.321,116,254,0.457,0.459,65,90,0.722,24,57,81,103,38,3,58,79,324,OOR
Brandon Williams,SG,22,9,140,16,50,0.32,3,9,0.333,13,41,0.317,0.35,2,4,0.5,4,11,15,3,6,3,9,18,37,OOR
Buck Williams,PF,37,41,738,75,149,0.503,0,0,0.0,75,149,0.503,0.503,52,71,0.732,78,105,183,21,17,15,38,93,202,OOR
Eric Williams,SF,25,4,145,24,61,0.393,0,0,0.0,24,61,0.393,0.393,31,45,0.689,10,11,21,12,4,0,9,9,79,OOR
Herb Williams,PF,39,27,178,18,43,0.419,0,0,0.0,18,43,0.419,0.419,1,8,0.125,6,23,29,4,6,9,5,34,37,OOR
Hot Rod Williams,C,35,71,1333,95,202,0.47,0,0,0.0,95,202,0.47,0.47,65,93,0.699,107,205,312,49,33,60,29,138,255,OOR
Jayson Williams,C,29,65,2343,321,645,0.498,0,4,0.0,321,641,0.501,0.498,195,293,0.666,443,440,883,67,45,49,95,236,837,OOR
Jerome Williams,PF,24,77,1305,151,288,0.524,0,1,0.0,151,287,0.526,0.524,108,166,0.651,170,209,379,48,51,10,60,144,410,OOR
Lorenzo Williams,PF,28,14,111,13,17,0.765,0,0,0.0,13,17,0.765,0.765,0,2,0.0,16,10,26,3,2,3,2,17,26,OOR
Micheal Williams,PG,31,25,161,16,48,0.333,0,4,0.0,16,44,0.364,0.333,32,33,0.97,2,12,14,32,9,2,16,24,64,OOR
Monty Williams,SF,26,72,1314,165,368,0.448,1,2,0.5,164,366,0.448,0.45,122,182,0.67,67,112,179,89,34,24,82,133,453,OOR
Scott Williams,C,29,58,801,93,213,0.437,0,5,0.0,93,208,0.447,0.437,51,63,0.81,87,124,211,29,17,21,30,132,237,OOR
Travis Williams,SF,28,39,365,56,119,0.471,0,1,0.0,56,118,0.475,0.471,24,46,0.522,53,39,92,20,18,5,30,55,136,OOR
Walt Williams,SF,27,59,1470,210,544,0.386,80,219,0.365,130,325,0.4,0.46,108,125,0.864,50,150,200,122,59,35,92,161,608,OOR
Corliss Williamson,SF,24,79,2819,561,1134,0.495,0,9,0.0,561,1125,0.499,0.495,279,443,0.63,162,284,446,230,76,48,199,252,1401,OOR
Kevin Willis,PF,35,81,2528,531,1041,0.51,1,7,0.143,530,1034,0.513,0.511,242,305,0.793,232,447,679,78,55,38,170,235,1305,OOR
David Wingate,SG,34,58,546,66,140,0.471,3,7,0.429,63,133,0.474,0.482,15,29,0.517,19,60,79,37,21,3,37,58,150,OOR
Dontonio Wingfield,SF,23,3,9,0,3,0.0,0,0,0.0,0,3,0.0,0.0,1,2,0.5,2,2,4,0,0,0,1,2,1,OOR
Joe Wolf,PF,33,57,621,40,121,0.331,2,10,0.2,38,111,0.342,0.339,5,10,0.5,36,90,126,30,20,7,22,92,87,OOR
Lorenzen Wright,C,22,69,2067,241,542,0.445,0,2,0.0,241,540,0.446,0.445,141,214,0.659,180,426,606,55,55,87,81,237,623,OOR
Sharone Wright,C,25,7,44,7,14,0.5,0,0,0.0,7,14,0.5,0.5,2,4,0.5,1,8,9,4,0,0,2,7,16,OOR
George Zídek,C,24,12,64,7,29,0.241,1,2,0.5,6,27,0.222,0.259,14,16,0.875,4,13,17,2,0,2,4,10,29,OOR
