Player,Pos,Age,G,MP,FG,FGA,FG%,3P,3PA,3P%,2P,2PA,2P%,eFG%,FT,FTA,FT%,ORB,DRB,TRB,AST,STL,BLK,TOV,PF,PTS,Status
Tariq Abdul-Wahad,SG,25,61,1578,274,646,0.424,3,23,0.13,271,623,0.435,0.426,146,193,0.756,101,190,291,98,59,28,106,147,697,OOR
Shareef Abdur-Rahim,SF,23,82,3223,594,1277,0.465,29,96,0.302,565,1181,0.478,0.477,446,551,0.809,218,607,825,271,89,87,249,244,1663,OOR
Cory Alexander,PG,26,29,329,28,98,0.286,9,35,0.257,19,63,0.302,0.332,17,22,0.773,8,34,42,58,24,2,28,39,82,OOR
Ray Allen,SG,24,82,3070,642,1411,0.455,172,407,0.423,470,1004,0.468,0.516,353,398,0.887,83,276,359,308,110,19,183,187,1809,OOR
Rafer Alston,PG,23,27,361,27,95,0.284,3,14,0.214,24,81,0.296,0.3,3,4,0.75,5,18,23,70,12,0,29,29,60,OOR
John Amaechi,C,29,80,1684,306,700,0.437,1,6,0.167,305,694,0.439,0.438,223,291,0.766,62,204,266,95,35,37,139,161,836,OOR
Derek Anderson,SG,25,64,2201,377,860,0.438,55,178,0.309,322,682,0.472,0.47,271,309,0.877,80,178,258,220,90,11,167,149,1080,OOR
Kenny Anderson,PG,29,82,2593,434,986,0.44,85,220,0.386,349,766,0.456,0.483,196,253,0.775,55,170,225,420,139,8,130,230,1149,OOR
Nick Anderson,SG,32,72,2094,306,782,0.391,132,397,0.332,174,385,0.452,0.476,37,76,0.487,83,256,339,123,94,16,95,118,781,OOR
Shandon Anderson,SF,26,82,2700,368,778,0.473,79,225,0.351,289,553,0.523,0.524,194,253,0.767,91,293,384,239,96,32,194,182,1009,OOR
Chris Anstey,C,25,73,1007,161,364,0.442,1,6,0.167,160,358,0.447,0.444,116,147,0.789,90,190,280,65,29,25,80,180,439,OOR
Greg Anthony,PG,32,82,1548,169,416,0.406,88,233,0.378,81,183,0.443,0.512,88,114,0.772,17,116,133,208,59,9,85,143,514,OOR
B.J. Armstrong,PG,32,27,583,83,186,0.446,13,29,0.448,70,157,0.446,0.481,22,25,0.88,2,45,47,78,7,1,40,34,201,OOR
Darrell Armstrong,PG,31,82,2590,484,1119,0.433,137,403,0.34,347,716,0.485,0.494,225,247,0.911,65,205,270,501,169,9,248,137,1330,OOR
Chucky Atkins,PG,25,82,1626,314,741,0.424,57,163,0.35,257,578,0.445,0.462,97,133,0.729,20,106,126,306,52,3,142,137,782,OOR
Stacey Augmon,SG,31,59,692,83,175,0.474,0,2,0.0,83,173,0.48,0.474,37,55,0.673,42,74,116,53,27,11,38,69,203,OOR
Isaac Austin,C,30,59,1173,151,352,0.429,1,4,0.25,150,348,0.431,0.43,94,137,0.686,64,218,282,74,17,38,107,128,397,OOR
Anthony Avent,PF,30,49,377,29,96,0.302,0,0,0.0,29,96,0.302,0.302,23,32,0.719,23,51,74,11,16,15,24,62,81,OOR
William Avery,PG,20,59,484,56,181,0.309,18,63,0.286,38,118,0.322,0.359,24,36,0.667,8,32,40,88,14,2,42,60,154,OOR
Toby Bailey,SG,24,46,449,58,140,0.414,2,10,0.2,56,130,0.431,0.421,45,65,0.692,26,46,72,30,13,4,24,55,163,OOR
Vin Baker,C,28,79,2849,514,1129,0.455,2,8,0.25,512,1121,0.457,0.456,281,412,0.682,227,378,605,148,47,66,213,288,1311,OOR
Charles Barkley,PF,36,20,620,106,222,0.477,6,26,0.231,100,196,0.51,0.491,71,110,0.645,71,138,209,63,14,4,44,48,289,OOR
Dana Barros,PG,32,72,1139,196,435,0.451,59,144,0.41,137,291,0.471,0.518,66,76,0.868,13,86,99,133,31,4,66,80,517,OOR
Brent Barry,SG,28,80,2726,327,707,0.463,164,399,0.411,163,308,0.529,0.579,127,157,0.809,50,322,372,291,103,31,142,228,945,OOR
Drew Barry,PG,26,16,159,15,33,0.455,7,18,0.389,8,15,0.533,0.561,4,5,0.8,0,12,12,33,2,0,13,23,41,OOR
Jon Barry,SG,30,62,1281,161,346,0.465,66,154,0.429,95,192,0.495,0.561,107,116,0.922,38,121,159,150,75,7,85,104,495,OOR
Tony Battie,C,23,82,1505,219,459,0.477,1,8,0.125,218,451,0.483,0.478,102,151,0.675,152,258,410,63,47,70,67,249,541,OOR
Jonathan Bender,SF,19,24,130,23,70,0.329,2,12,0.167,21,58,0.362,0.343,16,24,0.667,4,17,21,3,1,5,7,18,64,OOR
Benoit Benjamin,C,35,3,8,1,3,0.333,0,0,0.0,1,3,0.333,0.333,0,0,0.0,0,1,1,0,0,1,0,1,2,OOR
Corey Benjamin,SG,21,48,862,145,350,0.414,31,89,0.348,114,261,0.437,0.459,49,82,0.598,21,67,88,54,31,22,74,122,370,OOR
Mario Bennett,PF,26,1,3,0,3,0.0,0,0,0.0,0,3,0.0,0.0,0,0,0.0,1,1,2,0,0,0,0,1,0,OOR
Travis Best,PG,27,82,1691,271,561,0.483,35,93,0.376,236,468,0.504,0.514,156,190,0.821,16,126,142,272,76,5,107,204,733,OOR
Mike Bibby,PG,21,82,3155,459,1031,0.445,77,212,0.363,382,819,0.466,0.483,195,250,0.78,73,233,306,665,132,15,247,171,1190,OOR
Chauncey Billups,SG,23,13,305,34,101,0.337,7,41,0.171,27,60,0.45,0.371,37,44,0.841,8,26,34,39,10,2,24,27,112,OOR
Mookie Blaylock,PG,32,73,2459,327,837,0.391,101,301,0.336,226,536,0.422,0.451,67,95,0.705,55,215,270,489,146,22,143,122,822,OOR
Corie Blount,PF,31,38,446,44,89,0.494,0,2,0.0,44,87,0.506,0.494,19,33,0.576,52,61,113,10,15,7,28,78,107,OOR
Muggsy Bogues,PG,35,80,1731,157,358,0.439,17,51,0.333,140,307,0.456,0.462,79,87,0.908,25,110,135,299,65,4,59,119,410,OOR
Etdrick Bohannon,PF,26,13,118,7,13,0.538,0,0,0.0,7,13,0.538,0.538,15,24,0.625,13,18,31,5,2,6,10,25,29,OOR
Calvin Booth,C,23,11,143,16,46,0.348,0,0,0.0,16,46,0.348,0.348,10,14,0.714,15,17,32,7,3,14,6,23,42,OOR
Lazaro Borrell,SF,27,17,167,28,63,0.444,0,3,0.0,28,60,0.467,0.444,6,11,0.545,14,26,40,10,6,3,6,9,62,OOR
Cal Bowdler,SF,22,46,423,49,115,0.426,0,1,0.0,49,114,0.43,0.426,24,38,0.632,22,63,85,14,14,9,21,46,122,OOR
Bruce Bowen,SF,28,69,878,72,194,0.371,27,58,0.466,45,136,0.331,0.441,25,43,0.581,27,69,96,34,23,15,19,118,196,OOR
Ryan Bowen,SF,24,52,589,46,117,0.393,1,9,0.111,45,108,0.417,0.397,38,53,0.717,75,39,114,20,39,13,14,95,131,OOR
Ira Bowman,SG,26,11,20,2,2,1.0,0,0,0.0,2,2,1.0,1.0,1,2,0.5,0,2,2,1,1,0,1,0,5,OOR
Earl Boykins,PG,23,26,261,56,116,0.483,8,20,0.4,48,96,0.5,0.517,18,23,0.783,12,14,26,48,12,1,17,23,138,OOR
Shawn Bradley,C,27,77,1901,266,555,0.479,1,5,0.2,265,550,0.482,0.48,114,149,0.765,160,337,497,60,71,190,74,260,647,OOR
A.J. Bramlett,C,23,8,61,4,21,0.19,0,0,0.0,4,21,0.19,0.19,0,0,0.0,12,10,22,0,1,0,3,13,8,OOR
Elton Brand,PF,20,81,2999,630,1306,0.482,0,2,0.0,630,1304,0.483,0.482,367,536,0.685,348,462,810,155,66,132,228,259,1627,OOR
Terrell Brandon,PG,29,71,2587,486,1042,0.466,53,132,0.402,433,910,0.476,0.492,187,208,0.899,44,194,238,629,134,30,184,158,1212,OOR
Chucky Brown,PF,31,63,1096,148,328,0.451,2,10,0.2,146,318,0.459,0.454,36,52,0.692,35,132,167,66,20,18,45,114,334,OOR
Dee Brown,PG,31,38,673,93,258,0.36,67,187,0.358,26,71,0.366,0.49,11,16,0.688,9,45,54,86,24,5,39,62,264,OOR
Marcus Brown,SG,25,6,45,4,14,0.286,0,7,0.0,4,7,0.571,0.286,2,2,1.0,3,4,7,3,0,0,3,8,10,OOR
P.J. Brown,PF,30,80,2302,322,671,0.48,0,1,0.0,322,670,0.481,0.48,120,159,0.755,216,384,600,145,65,61,100,264,764,OOR
Randy Brown,PG,31,59,1625,157,435,0.361,3,6,0.5,154,429,0.359,0.364,62,84,0.738,23,121,144,202,61,15,105,120,379,OOR
Rick Brunson,PG,27,37,289,29,70,0.414,2,13,0.154,27,57,0.474,0.429,11,18,0.611,3,24,27,49,9,1,31,35,71,OOR
Kobe Bryant,SG,21,66,2524,554,1183,0.468,46,144,0.319,508,1039,0.489,0.488,331,403,0.821,108,308,416,323,106,62,182,220,1485,OOR
Mark Bryant,PF,34,75,1712,174,346,0.503,0,0,0.0,174,346,0.503,0.503,76,94,0.809,126,226,352,61,31,31,87,250,424,OOR
Greg Buckner,SG,23,48,923,111,233,0.476,10,26,0.385,101,207,0.488,0.498,43,63,0.683,56,118,174,55,38,20,36,148,275,OOR
Jud Buechler,SF,31,58,657,55,156,0.353,18,83,0.217,37,73,0.507,0.41,2,7,0.286,30,61,91,33,25,16,13,50,130,OOR
Rodney Buford,SG,22,34,386,62,151,0.411,7,29,0.241,55,122,0.451,0.434,16,22,0.727,10,38,48,21,10,8,9,44,147,OOR
Matt Bullard,PF,32,56,1024,139,340,0.409,79,177,0.446,60,163,0.368,0.525,25,30,0.833,13,125,138,63,19,13,36,85,382,OOR
Scott Burrell,SF,29,74,1336,165,419,0.394,82,232,0.353,83,187,0.444,0.492,39,50,0.78,65,191,256,72,67,44,38,173,451,OOR
Jason Caffey,PF,26,71,2159,323,675,0.479,0,2,0.0,323,673,0.48,0.479,206,345,0.597,189,293,482,119,62,20,170,269,852,OOR
Michael Cage,C,38,20,242,12,24,0.5,0,0,0.0,12,24,0.5,0.5,3,3,1.0,33,48,81,9,8,8,4,30,27,OOR
Marcus Camby,C,25,59,1548,226,471,0.48,1,2,0.5,225,469,0.48,0.481,148,221,0.67,174,287,461,49,43,116,72,204,601,OOR
Elden Campbell,C,31,78,2538,370,829,0.446,0,6,0.0,370,823,0.45,0.446,247,358,0.69,168,422,590,129,56,150,127,269,987,OOR
Antoine Carr,SF,38,21,221,28,64,0.438,0,0,0.0,28,64,0.438,0.438,11,14,0.786,8,24,32,7,3,6,9,42,67,OOR
Chris Carr,SF-SG,25,57,1166,196,496,0.395,32,101,0.317,164,395,0.415,0.427,107,125,0.856,41,132,173,84,30,15,117,113,531,OOR
Anthony Carter,PG,24,79,1859,201,509,0.395,3,23,0.13,198,486,0.407,0.398,93,124,0.75,48,151,199,378,93,5,173,167,498,OOR
Vince Carter,SF,23,82,3126,788,1696,0.465,95,236,0.403,693,1460,0.475,0.493,436,551,0.791,150,326,476,322,110,92,178,263,2107,OOR
Sam Cassell,PG,30,81,2899,545,1170,0.466,26,90,0.289,519,1080,0.481,0.477,390,445,0.876,69,232,301,729,102,8,267,255,1506,OOR
Kelvin Cato,C,25,65,1581,216,402,0.537,0,4,0.0,216,398,0.543,0.537,135,208,0.649,102,287,389,26,33,124,71,175,567,OOR
Duane Causwell,C,31,25,185,20,37,0.541,0,0,0.0,20,37,0.541,0.541,26,38,0.684,11,36,47,2,2,16,10,42,66,OOR
Cedric Ceballos,SF,30,69,2064,447,1002,0.446,44,134,0.328,403,868,0.464,0.468,209,248,0.843,172,290,462,90,56,24,125,165,1147,OOR
John Celestand,PG,22,16,185,15,45,0.333,2,9,0.222,13,36,0.361,0.356,5,6,0.833,1,10,11,20,7,0,16,22,37,OOR
Rex Chapman,SG,32,53,957,124,320,0.388,41,123,0.333,83,197,0.421,0.452,59,78,0.756,10,70,80,62,22,1,38,70,348,OOR
Calbert Cheaney,SG,28,67,1309,120,273,0.44,18,54,0.333,102,219,0.466,0.473,9,21,0.429,23,115,138,80,44,14,46,158,267,OOR
Pete Chilcutt,PF,31,56,601,53,127,0.417,6,26,0.231,47,101,0.465,0.441,8,8,1.0,46,85,131,27,15,10,20,73,120,OOR
Chris Childs,PG,32,71,1675,146,357,0.409,37,104,0.356,109,253,0.431,0.461,47,59,0.797,17,130,147,285,36,4,105,240,376,OOR
Doug Christie,SG,29,73,2264,311,764,0.407,99,275,0.36,212,489,0.434,0.472,182,216,0.843,63,222,285,321,102,43,144,167,903,OOR
Keon Clark,C,24,81,1850,286,528,0.542,1,8,0.125,285,520,0.548,0.543,121,176,0.688,162,343,505,71,45,114,125,231,694,OOR
Keith Closs,C,23,57,820,96,197,0.487,0,3,0.0,96,194,0.495,0.487,46,78,0.59,65,114,179,25,13,73,34,80,238,OOR
Derrick Coleman,PF,32,74,2347,446,979,0.456,51,141,0.362,395,838,0.471,0.482,296,377,0.785,124,508,632,175,34,130,173,195,1239,OOR
Bimbo Coles,PG,31,80,1924,276,607,0.455,8,39,0.205,268,568,0.472,0.461,85,104,0.817,30,142,172,290,58,11,103,178,645,OOR
Marty Conlon,C,32,3,9,1,2,0.5,0,0,0.0,1,2,0.5,0.5,0,0,0.0,1,1,2,0,0,0,0,1,2,OOR
Tyrone Corbin,SF,37,54,941,88,247,0.356,10,44,0.227,78,203,0.384,0.377,33,39,0.846,40,125,165,60,36,5,29,99,219,OOR
Chris Crawford,PF,24,55,668,91,229,0.397,7,27,0.259,84,202,0.416,0.413,63,81,0.778,51,48,99,33,17,16,37,83,252,OOR
Austin Croshere,PF,24,81,1885,288,653,0.441,63,174,0.362,225,479,0.47,0.489,196,231,0.848,135,381,516,89,44,60,121,203,835,OOR
John Crotty,PG,30,69,937,106,251,0.422,33,80,0.413,73,171,0.427,0.488,80,93,0.86,17,58,75,128,27,5,54,104,325,OOR
Terry Cummings,PF,38,22,398,76,177,0.429,0,0,0.0,76,177,0.429,0.429,32,39,0.821,45,62,107,21,13,8,27,74,184,OOR
Vonteego Cummings,PG,23,75,1793,265,655,0.405,49,151,0.325,216,504,0.429,0.442,127,169,0.751,57,127,184,247,91,13,132,174,706,OOR
Bill Curley,SF-PF,27,28,309,29,68,0.426,0,1,0.0,29,67,0.433,0.426,18,25,0.72,18,32,50,14,13,4,21,61,76,OOR
Dell Curry,SG,35,67,1095,194,454,0.427,95,242,0.393,99,212,0.467,0.532,24,32,0.75,11,89,100,89,32,9,40,66,507,OOR
Michael Curry,SG,31,82,1611,182,379,0.48,1,5,0.2,181,374,0.484,0.482,141,168,0.839,21,83,104,87,33,5,73,209,506,OOR
Erick Dampier,C,24,21,495,70,173,0.405,0,0,0.0,70,173,0.405,0.405,27,51,0.529,48,86,134,19,8,15,29,75,167,OOR
Antonio Daniels,SG,24,68,1195,163,344,0.474,22,66,0.333,141,278,0.507,0.506,72,101,0.713,16,70,86,177,55,5,58,73,420,OOR
Kornél Dávid,SF,28,32,474,67,157,0.427,0,3,0.0,67,154,0.435,0.427,45,56,0.804,26,55,81,17,17,3,33,56,179,OOR
Antonio Davis,C,31,79,2479,313,712,0.44,0,0,0.0,313,712,0.44,0.44,284,371,0.765,235,461,696,105,38,100,121,267,910,OOR
Baron Davis,PG,20,82,1523,182,433,0.42,25,111,0.225,157,322,0.488,0.449,97,153,0.634,48,117,165,309,97,19,140,201,486,OOR
Ben Davis,PF,27,5,22,2,6,0.333,0,0,0.0,2,6,0.333,0.333,0,0,0.0,3,6,9,2,1,1,3,2,4,OOR
Dale Davis,C,30,74,2127,302,602,0.502,0,0,0.0,302,602,0.502,0.502,139,203,0.685,256,473,729,64,52,94,91,203,743,OOR
Emanual Davis,PG,31,54,701,80,220,0.364,31,103,0.301,49,117,0.419,0.434,26,38,0.684,15,85,100,70,38,5,44,72,217,OOR
Hubert Davis,PG,29,79,1817,217,464,0.468,82,167,0.491,135,297,0.455,0.556,67,77,0.87,17,117,134,141,24,3,70,109,583,OOR
Mark Davis,SF,26,23,464,56,137,0.409,0,2,0.0,56,135,0.415,0.409,31,47,0.66,31,53,84,38,25,4,40,52,143,OOR
Ricky Davis,SG,20,48,570,94,187,0.503,0,4,0.0,94,183,0.514,0.503,39,51,0.765,29,54,83,62,30,8,46,39,227,OOR
Todd Day,SG,30,58,941,130,330,0.394,64,165,0.388,66,165,0.4,0.491,72,108,0.667,31,98,129,65,44,22,50,127,396,OOR
Andrew DeClercq,C,26,82,1831,225,443,0.508,0,0,0.0,225,443,0.508,0.508,94,160,0.588,156,283,439,58,63,66,108,275,544,OOR
Vinny Del Negro,PG,33,67,1211,153,325,0.471,8,24,0.333,145,301,0.482,0.483,35,39,0.897,9,98,107,160,36,0,48,81,349,OOR
Tony Delk,PG,26,46,682,120,279,0.43,9,40,0.225,111,239,0.464,0.446,47,59,0.797,36,52,88,55,35,5,32,58,296,OOR
Derrick Dial,SG,24,8,95,17,46,0.37,3,12,0.25,14,34,0.412,0.402,3,5,0.6,14,12,26,5,1,1,6,10,40,OOR
Michael Dickerson,SG,24,82,3103,554,1270,0.436,119,291,0.409,435,979,0.444,0.483,269,324,0.83,78,201,279,208,116,45,165,226,1496,OOR
Vlade Divac,C,31,82,2374,384,764,0.503,7,26,0.269,377,738,0.511,0.507,230,333,0.691,174,482,656,244,103,103,190,251,1005,OOR
Michael Doleac,C,22,81,1335,242,535,0.452,1,2,0.5,241,533,0.452,0.453,80,95,0.842,89,245,334,63,29,34,65,224,565,OOR
Sherman Douglas,PG,33,20,309,45,90,0.5,5,16,0.313,40,74,0.541,0.528,25,28,0.893,13,16,29,34,17,0,24,26,120,OOR
Bryce Drew,PG,25,72,1293,158,413,0.383,59,163,0.362,99,250,0.396,0.454,45,53,0.849,23,80,103,162,41,1,66,79,420,OOR
Chris Dudley,C,34,47,459,23,67,0.343,0,0,0.0,23,67,0.343,0.343,9,27,0.333,63,73,136,5,7,21,18,95,55,OOR
Tim Duncan,PF,23,74,2875,628,1281,0.49,1,11,0.091,627,1270,0.494,0.491,459,603,0.761,262,656,918,234,66,165,242,210,1716,Candidate
Howard Eisley,PG,27,82,2096,282,675,0.418,60,163,0.368,222,512,0.434,0.462,84,102,0.824,23,147,170,347,59,9,132,223,708,OOR
Obinna Ekezie,PF,24,39,351,41,88,0.466,0,0,0.0,41,88,0.466,0.466,43,64,0.672,34,58,92,8,9,4,26,61,125,OOR
Mario Elie,SF,36,79,2217,195,457,0.427,74,186,0.398,121,271,0.446,0.508,126,149,0.846,48,201,249,193,73,9,130,156,590,OOR
Sean Elliott,SF,31,19,391,38,106,0.358,13,37,0.351,25,69,0.362,0.42,25,32,0.781,6,41,47,28,12,2,19,34,114,OOR
Dale Ellis,SG,39,42,564,66,159,0.415,37,100,0.37,29,59,0.492,0.531,9,13,0.692,13,43,56,14,13,0,20,45,178,OOR
LaPhonso Ellis,PF,29,58,1309,209,464,0.45,3,21,0.143,206,443,0.465,0.454,66,95,0.695,98,192,290,59,32,25,52,133,487,OOR
Pervis Ellison,C,32,30,269,19,43,0.442,0,0,0.0,19,43,0.442,0.442,15,21,0.714,29,38,67,13,10,8,13,67,53,OOR
Evan Eschmeyer,C,24,31,373,38,72,0.528,0,0,0.0,38,72,0.528,0.528,15,30,0.5,40,68,108,21,8,21,21,84,91,OOR
Patrick Ewing,C,37,62,2035,361,775,0.466,0,2,0.0,361,773,0.467,0.466,207,283,0.731,140,464,604,58,36,84,142,196,929,OOR
Tony Farmer,PF,30,74,1199,127,312,0.407,8,44,0.182,119,268,0.444,0.42,203,265,0.766,118,177,295,74,66,16,82,167,465,OOR
Jamie Feick,C,25,81,2241,181,423,0.428,3,3,1.0,178,420,0.424,0.431,94,133,0.707,264,491,755,68,43,38,59,206,459,OOR
Danny Ferry,PF,33,63,1326,189,380,0.497,33,75,0.44,156,305,0.511,0.541,52,57,0.912,55,183,238,67,22,24,55,181,463,OOR
Michael Finley,SF,26,82,3464,748,1636,0.457,99,247,0.401,649,1389,0.467,0.487,260,317,0.82,122,396,518,438,109,32,196,171,1855,OOR
Derek Fisher,PG,25,78,1803,167,483,0.346,52,166,0.313,115,317,0.363,0.4,105,145,0.724,22,121,143,216,80,3,75,150,491,OOR
Danny Fortson,PF,23,55,856,140,265,0.528,0,0,0.0,140,265,0.528,0.528,139,189,0.735,141,225,366,29,20,5,67,180,419,OOR
Greg Foster,PF,31,60,718,91,224,0.406,3,15,0.2,88,209,0.421,0.413,18,28,0.643,16,91,107,41,10,18,28,105,203,OOR
Jeff Foster,C,23,19,86,13,23,0.565,0,1,0.0,13,22,0.591,0.565,17,25,0.68,12,20,32,5,5,1,2,18,43,OOR
Rick Fox,SF,30,82,1473,206,498,0.414,59,181,0.326,147,317,0.464,0.473,63,78,0.808,63,135,198,138,52,26,87,203,534,OOR
Adonal Foyle,C,24,76,1654,193,380,0.508,0,0,0.0,193,380,0.508,0.508,34,90,0.378,174,250,424,42,26,136,71,218,420,OOR
Steve Francis,PG,22,77,2776,497,1117,0.445,107,310,0.345,390,807,0.483,0.493,287,365,0.786,152,257,409,507,118,29,306,231,1388,OOR
Todd Fuller,C,25,41,399,51,122,0.418,0,0,0.0,51,122,0.418,0.418,32,53,0.604,36,74,110,5,9,8,27,46,134,OOR
Lawrence Funderburke,PF,29,75,1026,184,352,0.523,0,2,0.0,184,350,0.526,0.523,115,163,0.706,98,136,234,33,32,20,40,91,483,OOR
Kevin Garnett,PF,23,81,3243,759,1526,0.497,30,81,0.37,729,1445,0.504,0.507,309,404,0.765,223,733,956,401,120,126,268,205,1857,Candidate
Dean Garrett,C,33,56,604,48,108,0.444,0,0,0.0,48,108,0.444,0.444,18,26,0.692,41,99,140,19,8,40,21,94,114,OOR
Kiwane Lemorris Garris,SG,25,3,23,2,10,0.2,0,1,0.0,2,9,0.222,0.2,0,0,0.0,0,1,1,2,0,0,1,0,4,OOR
Pat Garrity,SF,23,82,1479,258,585,0.441,79,197,0.401,179,388,0.461,0.509,80,111,0.721,44,166,210,58,31,19,85,197,675,OOR
Chris Gatling,PF,32,85,1811,365,802,0.455,18,70,0.257,347,732,0.474,0.466,266,373,0.713,154,348,502,71,82,23,169,246,1014,OOR
Matt Geiger,C,30,65,1406,260,589,0.441,0,4,0.0,260,585,0.444,0.441,109,140,0.779,154,233,387,39,29,22,91,194,629,OOR
Devean George,SF,22,49,345,56,144,0.389,16,47,0.34,40,97,0.412,0.444,27,41,0.659,29,46,75,12,10,4,21,54,155,OOR
Kendall Gill,SF,31,76,2355,396,956,0.414,20,78,0.256,376,878,0.428,0.425,181,255,0.71,82,201,283,210,139,41,89,211,993,OOR
Armen Gilliam,PF,35,50,782,133,305,0.436,0,1,0.0,133,304,0.438,0.436,67,86,0.779,72,137,209,42,12,16,55,83,333,OOR
Dion Glover,SG,21,30,446,66,171,0.386,12,45,0.267,54,126,0.429,0.421,51,70,0.729,15,23,38,27,15,4,28,28,195,OOR
Brian Grant,PF,27,63,1322,173,352,0.491,1,2,0.5,172,350,0.491,0.493,112,166,0.675,121,223,344,64,32,28,84,166,459,OOR
Gary Grant,PG,34,3,24,6,14,0.429,0,0,0.0,6,14,0.429,0.429,0,0,0.0,0,3,3,1,1,0,2,3,12,OOR
Horace Grant,PF,34,76,2688,266,599,0.444,0,4,0.0,266,595,0.447,0.444,80,111,0.721,167,424,591,188,55,60,61,192,612,OOR
Devin Gray,SF,27,21,124,15,37,0.405,0,0,0.0,15,37,0.405,0.405,19,29,0.655,11,14,25,5,5,3,4,22,49,OOR
A.C. Green,PF,36,82,1929,173,387,0.447,1,4,0.25,172,383,0.449,0.448,66,95,0.695,160,326,486,80,53,18,53,127,413,OOR
Adrian Griffin,SG,25,72,1927,175,413,0.424,16,57,0.281,159,356,0.447,0.443,119,158,0.753,128,244,372,177,116,15,93,222,485,OOR
Tom Gugliotta,PF,30,54,1767,310,645,0.481,1,8,0.125,309,637,0.485,0.481,117,151,0.775,141,284,425,124,80,31,106,152,738,OOR
Darvin Ham,SF,26,35,792,71,128,0.555,0,1,0.0,71,127,0.559,0.555,35,78,0.449,85,87,172,42,29,29,29,102,177,OOR
Richard Hamilton,SG,21,71,1373,254,605,0.42,28,77,0.364,226,528,0.428,0.443,103,133,0.774,38,91,129,108,28,6,84,142,639,OOR
Thomas Hamilton,C,24,22,273,35,79,0.443,0,0,0.0,35,79,0.443,0.443,12,23,0.522,31,59,90,15,4,14,28,25,82,OOR
Tom Hammonds,PF,32,56,372,42,97,0.433,0,0,0.0,42,97,0.433,0.433,33,56,0.589,34,67,101,10,8,3,21,55,117,OOR
Anfernee Hardaway,SG,28,60,2253,378,798,0.474,33,102,0.324,345,696,0.496,0.494,226,286,0.79,91,256,347,315,94,38,153,164,1015,OOR
Tim Hardaway,PG,33,52,1672,246,638,0.386,94,256,0.367,152,382,0.398,0.459,110,133,0.827,25,125,150,385,49,4,119,112,696,OOR
Ron Harper,PG,36,80,2042,212,531,0.399,33,106,0.311,179,425,0.421,0.43,100,147,0.68,96,241,337,270,85,39,132,164,557,OOR
Matt Harpring,SF,23,4,63,4,17,0.235,2,2,1.0,2,15,0.133,0.294,6,7,0.857,5,7,12,8,5,1,1,7,16,OOR
Al Harrington,PF,19,50,854,121,264,0.458,8,34,0.235,113,230,0.491,0.473,78,111,0.703,47,112,159,38,25,9,65,130,328,OOR
Othella Harrington,PF,26,82,2677,420,830,0.506,0,2,0.0,420,828,0.507,0.506,236,298,0.792,196,367,563,97,36,58,217,287,1076,OOR
Lucious Harris,SG,29,77,1510,198,463,0.428,38,115,0.33,160,348,0.46,0.469,79,99,0.798,53,134,187,100,65,6,42,98,513,OOR
Antonio Harvey,PF,29,19,137,17,30,0.567,0,0,0.0,17,30,0.567,0.567,7,12,0.583,8,25,33,5,1,6,12,20,41,OOR
Hersey Hawkins,SG,33,61,1622,159,375,0.424,55,141,0.39,104,234,0.444,0.497,107,119,0.899,31,144,175,134,74,15,100,146,480,OOR
Michael Hawkins,PG,27,12,36,3,13,0.231,1,5,0.2,2,8,0.25,0.269,1,2,0.5,0,7,7,13,0,0,3,2,8,OOR
Alan Henderson,PF,27,82,2775,429,930,0.461,1,10,0.1,428,920,0.465,0.462,224,334,0.671,265,306,571,77,81,54,139,233,1083,OOR
Cedric Henderson,SF,24,61,1107,129,326,0.396,1,15,0.067,128,311,0.412,0.397,69,104,0.663,34,106,140,55,39,17,68,99,328,OOR
Mark Hendrickson,PF,25,15,71,5,8,0.625,0,0,0.0,5,8,0.625,0.625,3,4,0.75,3,10,13,6,2,1,3,8,13,OOR
Chris Herren,PG,24,45,597,45,124,0.363,24,67,0.358,21,57,0.368,0.46,27,40,0.675,12,40,52,111,15,2,42,74,141,OOR
Grant Hill,SF,27,74,2776,696,1422,0.489,34,98,0.347,662,1324,0.5,0.501,480,604,0.795,97,393,490,385,103,43,240,190,1906,OOR
Tyrone Hill,PF,31,68,2155,318,656,0.485,0,1,0.0,318,655,0.485,0.485,179,259,0.691,220,405,625,52,64,27,124,243,815,OOR
Fred Hoiberg,SG,27,31,845,89,230,0.387,32,94,0.34,57,136,0.419,0.457,69,76,0.908,7,103,110,85,40,2,43,66,279,OOR
Derek Hood,PF,23,2,4,0,3,0.0,0,0,0.0,0,3,0.0,0.0,0,0,0.0,0,1,1,0,0,0,0,0,0,OOR
Jeff Hornacek,SG,36,77,2133,358,728,0.492,66,138,0.478,292,590,0.495,0.537,171,180,0.95,49,133,182,202,66,16,113,149,953,OOR
Robert Horry,PF,29,76,1685,159,363,0.438,29,94,0.309,130,269,0.483,0.478,89,113,0.788,133,228,361,118,84,80,73,189,436,OOR
Allan Houston,SG,28,82,3169,614,1271,0.483,106,243,0.436,508,1028,0.494,0.525,280,334,0.838,38,233,271,224,65,14,186,219,1614,OOR
Juwan Howard,PF,26,82,2909,509,1108,0.459,0,7,0.0,509,1101,0.462,0.459,202,275,0.735,132,338,470,247,67,21,225,299,1220,OOR
Troy Hudson,PG,23,62,1592,204,541,0.377,60,193,0.311,144,348,0.414,0.433,77,95,0.811,28,120,148,242,43,0,108,65,545,OOR
Larry Hughes,SG,21,82,2324,459,1147,0.4,29,125,0.232,430,1022,0.421,0.413,279,377,0.74,113,236,349,205,115,28,195,191,1226,OOR
Rick Hughes,PF,26,21,224,35,72,0.486,0,1,0.0,35,71,0.493,0.486,12,26,0.462,24,25,49,9,3,1,14,30,82,OOR
Lindsey Hunter,PG,29,82,2919,379,892,0.425,168,389,0.432,211,503,0.419,0.519,117,154,0.76,35,215,250,327,129,22,145,216,1043,OOR
Allen Iverson,SG,24,70,2853,729,1733,0.421,89,261,0.341,640,1472,0.435,0.446,442,620,0.713,71,196,267,328,144,5,230,162,1989,OOR
Bobby Jackson,PG,26,73,1034,140,346,0.405,13,46,0.283,127,300,0.423,0.423,76,98,0.776,50,103,153,172,48,7,58,114,369,OOR
Jaren Jackson,SG,32,81,1691,186,488,0.381,108,306,0.353,78,182,0.429,0.492,33,51,0.647,34,147,181,118,54,7,66,157,513,OOR
Jermaine Jackson,SG,23,7,73,1,11,0.091,0,1,0.0,1,10,0.1,0.091,5,8,0.625,1,10,11,4,3,0,7,7,7,OOR
Jim Jackson,SF,29,79,2767,507,1235,0.411,117,303,0.386,390,932,0.418,0.458,186,212,0.877,101,293,394,230,57,10,185,167,1317,OOR
Mark Jackson,PG,34,81,2190,246,570,0.432,89,221,0.403,157,349,0.45,0.51,79,98,0.806,63,233,296,650,76,10,174,111,660,OOR
Randell Jackson,PF,24,1,1,0,0,0.0,0,0,0.0,0,0,0.0,0.0,0,0,0.0,0,0,0,0,0,0,0,0,0,OOR
Sam Jacobson,PG,24,52,681,108,212,0.509,9,24,0.375,99,188,0.527,0.531,30,41,0.732,25,46,71,32,30,3,33,113,255,OOR
Tim James,SF,23,4,23,5,14,0.357,0,0,0.0,5,14,0.357,0.357,1,3,0.333,3,1,4,2,0,3,2,1,11,OOR
Antawn Jamison,SF,23,43,1556,356,756,0.471,2,7,0.286,354,749,0.473,0.472,127,208,0.611,172,187,359,90,30,15,113,115,841,OOR
Harold Jamison,PF,23,12,74,7,20,0.35,0,0,0.0,7,20,0.35,0.35,4,18,0.222,16,5,21,4,2,1,4,17,18,OOR
Anthony Johnson,PG,25,56,637,62,164,0.378,2,11,0.182,60,153,0.392,0.384,28,39,0.718,21,30,51,72,33,4,32,58,154,OOR
Avery Johnson,PG,34,82,2571,402,850,0.473,1,9,0.111,401,841,0.477,0.474,114,155,0.735,33,125,158,491,76,18,140,150,919,OOR
DeMarco Johnson,PF,24,5,37,3,9,0.333,0,0,0.0,3,9,0.333,0.333,0,0,0.0,3,4,7,0,1,0,3,5,6,OOR
Ervin Johnson,C,32,80,2129,144,279,0.516,0,1,0.0,144,278,0.518,0.516,95,157,0.605,233,415,648,44,81,127,80,298,383,OOR
Kevin Johnson,PG,33,6,113,16,28,0.571,1,1,1.0,15,27,0.556,0.589,7,7,1.0,0,16,16,24,2,0,7,6,40,OOR
Larry Johnson,PF,30,70,2281,282,652,0.433,58,174,0.333,224,478,0.469,0.477,128,167,0.766,87,293,380,175,42,7,94,205,750,OOR
Charles Jones,PG,24,56,662,66,201,0.328,39,118,0.331,27,83,0.325,0.425,17,23,0.739,17,45,62,94,30,5,28,46,188,OOR
Damon Jones,PG,23,55,612,80,208,0.385,41,114,0.36,39,94,0.415,0.483,32,48,0.667,12,43,55,96,18,1,40,34,233,OOR
Eddie Jones,SG,28,72,2807,478,1119,0.427,128,341,0.375,350,778,0.45,0.484,362,419,0.864,81,262,343,305,192,49,160,176,1446,OOR
Jumaine Jones,SF,20,33,138,22,58,0.379,2,4,0.5,20,54,0.37,0.397,11,18,0.611,16,22,38,5,6,5,14,10,57,OOR
Popeye Jones,PF,29,40,330,44,104,0.423,2,3,0.667,42,101,0.416,0.433,14,19,0.737,41,62,103,19,3,6,13,50,104,OOR
Reggie Jordan,PG,32,36,243,17,53,0.321,0,1,0.0,17,52,0.327,0.321,7,13,0.538,16,25,41,32,12,2,19,29,41,OOR
Adam Keefe,C,29,62,604,53,130,0.408,0,1,0.0,53,129,0.411,0.408,29,36,0.806,45,91,136,34,17,13,46,90,135,OOR
Shawn Kemp,C,30,82,2492,484,1160,0.417,2,6,0.333,482,1154,0.418,0.418,493,635,0.776,231,494,725,138,100,96,291,371,1463,OOR
Steve Kerr,PG,34,32,268,32,74,0.432,16,31,0.516,16,43,0.372,0.541,9,11,0.818,3,16,19,12,4,0,7,14,89,OOR
Jerome Kersey,SF,37,72,1310,146,354,0.412,0,9,0.0,146,345,0.423,0.412,29,41,0.707,58,167,225,69,67,47,51,161,321,OOR
Lari Ketner,PF,22,22,132,13,32,0.406,0,0,0.0,13,32,0.406,0.406,8,12,0.667,12,22,34,1,4,3,10,20,34,OOR
Jason Kidd,PG,26,67,2616,350,855,0.409,56,166,0.337,294,689,0.427,0.442,203,245,0.829,96,387,483,678,134,28,226,148,959,OOR
Gerard King,SF,27,62,1060,139,277,0.502,0,0,0.0,139,277,0.502,0.502,49,66,0.742,84,166,250,49,34,15,41,132,327,OOR
Kerry Kittles,SG,25,62,1896,305,698,0.437,96,240,0.4,209,458,0.456,0.506,101,127,0.795,46,179,225,142,79,19,56,120,807,OOR
Joe Kleine,C,38,7,31,4,11,0.364,0,0,0.0,4,11,0.364,0.364,3,3,1.0,0,6,6,2,1,0,2,7,11,OOR
Brevin Knight,PG,24,65,1754,230,558,0.412,2,10,0.2,228,548,0.416,0.414,140,184,0.761,38,155,193,458,107,21,157,185,602,OOR
Travis Knight,C,25,63,410,46,118,0.39,0,0,0.0,46,118,0.39,0.39,17,28,0.607,46,83,129,23,6,23,26,88,109,OOR
Toni Kukoč,SF,31,56,1784,297,728,0.408,44,168,0.262,253,560,0.452,0.438,192,265,0.725,75,198,273,265,77,28,146,112,830,OOR
Christian Laettner,C,30,82,2443,379,801,0.473,7,24,0.292,372,777,0.479,0.478,237,292,0.812,175,378,553,186,83,45,186,326,1002,OOR
Raef LaFrentz,C,23,81,2435,392,879,0.446,60,183,0.328,332,696,0.477,0.48,162,236,0.686,170,471,641,97,42,180,96,292,1006,OOR
Andrew Lang,C,33,19,244,28,64,0.438,0,0,0.0,28,64,0.438,0.438,3,7,0.429,16,44,60,3,8,6,5,31,59,OOR
Antonio Lang,SF,27,10,38,1,6,0.167,0,0,0.0,1,6,0.167,0.167,4,5,0.8,0,5,5,2,4,1,2,8,6,OOR
Trajan Langdon,SG,23,10,145,15,40,0.375,8,19,0.421,7,21,0.333,0.475,11,11,1.0,4,11,15,11,5,0,6,16,49,OOR
Rusty LaRue,PG,26,4,129,15,43,0.349,2,14,0.143,13,29,0.448,0.372,5,7,0.714,1,9,10,11,7,0,7,9,37,OOR
Tim Legler,SG,33,23,284,28,78,0.359,7,21,0.333,21,57,0.368,0.404,14,18,0.778,4,19,23,24,4,1,6,33,77,OOR
Voshon Lenard,SG,26,53,1434,228,560,0.407,89,228,0.39,139,332,0.419,0.487,84,106,0.792,37,116,153,136,41,15,80,127,629,OOR
Quincy Lewis,SG,22,74,896,111,298,0.372,23,63,0.365,88,235,0.374,0.411,38,52,0.731,46,67,113,40,24,15,46,158,283,OOR
Rashard Lewis,SF,20,82,1575,275,566,0.486,40,120,0.333,235,446,0.527,0.521,84,123,0.683,127,209,336,70,62,36,78,163,674,OOR
Randy Livingston,PG,24,79,1081,155,373,0.416,19,55,0.345,136,318,0.428,0.441,52,62,0.839,25,105,130,170,49,13,92,129,381,OOR
Grant Long,PF,33,42,920,74,167,0.443,0,4,0.0,74,163,0.454,0.443,55,71,0.775,86,148,234,43,45,10,49,108,203,OOR
Luc Longley,C,31,72,1417,186,399,0.466,0,0,0.0,186,399,0.466,0.466,80,97,0.825,100,223,323,77,22,42,136,221,452,OOR
Felipe López,SG,25,65,781,111,261,0.425,3,18,0.167,108,243,0.444,0.431,67,109,0.615,59,65,124,44,32,17,53,94,292,OOR
Tyronn Lue,PG,22,8,146,19,39,0.487,4,8,0.5,15,31,0.484,0.538,6,8,0.75,2,10,12,17,3,0,9,17,48,OOR
George Lynch,SF,29,75,2416,297,644,0.461,15,36,0.417,282,608,0.464,0.473,113,183,0.617,216,366,582,136,119,38,120,231,722,OOR
Todd MacCulloch,C,24,56,528,89,161,0.553,0,0,0.0,89,161,0.553,0.553,28,54,0.519,48,98,146,13,11,37,26,94,206,OOR
Sam Mack,SF,29,23,333,37,122,0.303,21,64,0.328,16,58,0.276,0.389,19,20,0.95,7,32,39,24,18,1,19,45,114,OOR
Don MacLean,PF,30,16,143,18,49,0.367,2,6,0.333,16,43,0.372,0.388,4,6,0.667,6,17,23,8,2,1,8,24,42,OOR
Corey Maggette,SF,20,77,1370,224,469,0.478,2,11,0.182,222,458,0.485,0.48,196,261,0.751,123,180,303,61,24,26,138,169,646,OOR
Dan Majerle,SG,34,69,2308,170,422,0.403,110,304,0.362,60,118,0.508,0.533,56,69,0.812,27,306,333,206,89,17,62,156,506,OOR
Karl Malone,PF,36,82,2947,752,1476,0.509,2,8,0.25,750,1468,0.511,0.51,589,739,0.797,169,610,779,304,79,71,231,229,2095,Candidate
Matt Maloney,PG,28,51,1175,114,318,0.358,62,174,0.356,52,144,0.361,0.456,37,45,0.822,10,54,64,138,32,3,63,42,327,OOR
Danny Manning,PF,33,72,1217,149,339,0.44,1,4,0.25,148,335,0.442,0.441,34,52,0.654,50,158,208,73,62,29,55,183,333,OOR
Stephon Marbury,PG,22,74,2881,569,1317,0.432,66,233,0.283,503,1084,0.464,0.457,436,536,0.813,61,179,240,622,112,15,270,195,1640,OOR
Shawn Marion,SF,21,51,1260,222,471,0.471,4,22,0.182,218,449,0.486,0.476,72,85,0.847,105,227,332,69,38,53,51,113,520,OOR
Sean Marks,PF,24,5,12,2,6,0.333,0,1,0.0,2,5,0.4,0.333,4,4,1.0,0,2,2,0,1,1,3,3,8,OOR
Donny Marshall,SF,27,6,39,3,11,0.273,0,3,0.0,3,8,0.375,0.273,5,6,0.833,0,1,1,0,2,0,3,7,11,OOR
Donyell Marshall,PF,26,64,2071,331,840,0.394,49,138,0.355,282,702,0.402,0.423,199,255,0.78,189,448,637,167,68,68,123,180,910,OOR
Darrick Martin,PG,28,71,893,133,350,0.38,38,124,0.306,95,226,0.42,0.434,98,119,0.824,7,37,44,122,28,2,62,89,402,OOR
Jamal Mashburn,SF,27,76,2828,515,1158,0.445,112,278,0.403,403,880,0.458,0.493,186,239,0.778,64,317,381,298,79,14,180,215,1328,OOR
Anthony Mason,SF,33,82,3133,317,661,0.48,0,1,0.0,317,660,0.48,0.48,314,421,0.746,145,554,699,367,74,29,160,220,948,OOR
Tony Massenburg,PF,32,10,109,16,36,0.444,0,0,0.0,16,36,0.444,0.444,14,16,0.875,7,20,27,3,2,5,9,13,46,OOR
Vernon Maxwell,SG,34,47,989,169,490,0.345,67,223,0.3,102,267,0.382,0.413,108,148,0.73,15,64,79,75,38,9,53,83,513,OOR
Walter McCarty,PF,25,61,879,78,230,0.339,34,110,0.309,44,120,0.367,0.413,39,54,0.722,33,77,110,70,24,23,67,83,229,OOR
George McCloud,SF,32,78,2118,266,638,0.417,107,283,0.378,159,355,0.448,0.501,148,181,0.818,72,213,285,246,48,26,134,180,787,OOR
Jelani McCoy,C,22,58,746,102,177,0.576,0,0,0.0,102,177,0.576,0.576,45,91,0.495,54,125,179,24,15,46,45,127,249,OOR
Antonio McDyess,PF,25,81,2698,614,1211,0.507,0,2,0.0,614,1209,0.508,0.507,323,516,0.626,234,451,685,159,69,139,230,316,1551,OOR
Tracy McGrady,SF,20,79,2462,459,1018,0.451,18,65,0.277,441,953,0.463,0.46,277,392,0.707,188,313,501,263,90,151,160,201,1213,OOR
Jim McIlvaine,C,27,66,1048,64,154,0.416,0,0,0.0,64,154,0.416,0.416,29,56,0.518,106,124,230,36,26,117,38,205,157,OOR
Jeff McInnis,PG,25,25,597,80,186,0.43,7,21,0.333,73,165,0.442,0.449,13,17,0.765,18,54,72,89,15,2,27,55,180,OOR
Derrick McKey,SF,33,32,634,43,108,0.398,10,23,0.435,33,85,0.388,0.444,43,56,0.768,29,106,135,35,29,13,19,81,139,OOR
Aaron McKie,SG,27,82,1952,244,593,0.411,44,121,0.364,200,472,0.424,0.449,121,146,0.829,47,199,246,240,108,18,113,194,653,OOR
Roshown McLeod,SF,24,44,860,131,332,0.395,2,13,0.154,129,319,0.404,0.398,54,70,0.771,41,97,138,52,16,5,59,84,318,OOR
Ron Mercer,SG,23,68,2377,460,1080,0.426,15,48,0.313,445,1032,0.431,0.433,213,270,0.789,64,186,250,158,75,23,151,151,1148,OOR
Andre Miller,PG,23,82,2093,339,755,0.449,10,49,0.204,329,706,0.466,0.456,226,292,0.774,85,195,280,476,84,17,166,194,914,OOR
Anthony Miller,PF,28,35,476,52,97,0.536,0,0,0.0,52,97,0.536,0.536,26,51,0.51,49,115,164,16,11,10,19,68,130,OOR
Brad Miller,C,23,55,961,135,293,0.461,0,2,0.0,135,291,0.464,0.461,153,195,0.785,113,180,293,45,23,35,48,111,423,OOR
Oliver Miller,C,29,51,1088,137,233,0.588,0,0,0.0,137,233,0.588,0.588,49,73,0.671,87,174,261,68,42,80,74,132,323,OOR
Reggie Miller,SG,34,81,2987,466,1041,0.448,165,404,0.408,301,637,0.473,0.527,373,406,0.919,50,189,239,187,85,25,129,126,1470,OOR
Chris Mills,SF,30,20,649,123,292,0.421,8,30,0.267,115,262,0.439,0.435,68,84,0.81,46,77,123,47,18,4,25,60,322,OOR
Terry Mills,PF,32,82,1842,214,488,0.439,95,242,0.393,119,246,0.484,0.536,25,34,0.735,50,340,390,85,38,24,46,242,548,OOR
Jason Miskiri,PG,24,1,3,0,1,0.0,0,1,0.0,0,0,0.0,0.0,0,0,0.0,0,0,0,1,0,0,0,2,0,OOR
Sam Mitchell,SF,36,66,1227,168,376,0.447,10,23,0.435,158,353,0.448,0.46,81,92,0.88,28,110,138,111,27,14,44,116,427,OOR
Cuttino Mobley,SG,24,81,2496,437,1016,0.43,104,292,0.356,333,724,0.46,0.481,299,353,0.847,59,229,288,208,87,32,186,171,1277,OOR
Nazr Mohammed,C,22,28,190,21,54,0.389,0,0,0.0,21,54,0.389,0.389,12,22,0.545,16,34,50,2,4,12,18,29,54,OOR
Eric Montross,C,28,51,332,17,55,0.309,0,0,0.0,17,55,0.309,0.309,6,12,0.5,18,54,72,7,6,9,22,81,40,OOR
Mikki Moore,C,24,29,488,87,140,0.621,0,0,0.0,87,140,0.621,0.621,54,68,0.794,44,68,112,17,9,31,23,104,228,OOR
Alonzo Mourning,C,29,79,2748,652,1184,0.551,0,4,0.0,652,1180,0.553,0.551,414,582,0.711,215,538,753,123,40,294,217,308,1718,Candidate
Chris Mullin,SG,36,47,582,80,187,0.428,45,110,0.409,35,77,0.455,0.548,37,41,0.902,14,62,76,37,28,9,28,60,242,OOR
Eric Murdock,PG,31,40,693,79,205,0.385,16,42,0.381,63,163,0.387,0.424,51,80,0.638,15,62,77,108,47,5,58,67,225,OOR
Gheorghe Mureșan,C,28,30,267,41,90,0.456,0,0,0.0,41,90,0.456,0.456,23,38,0.605,24,44,68,9,0,12,16,52,105,OOR
Lamond Murray,SF,26,74,2365,460,1019,0.451,51,139,0.367,409,880,0.465,0.476,204,268,0.761,127,296,423,132,105,36,184,208,1175,OOR
Tracy Murray,SF,28,80,1831,290,670,0.433,113,263,0.43,177,407,0.435,0.517,120,141,0.851,63,208,271,72,45,24,84,185,813,OOR
Dikembe Mutombo,C,33,82,2984,322,573,0.562,0,0,0.0,322,573,0.562,0.562,298,421,0.708,304,853,1157,105,27,269,174,248,942,OOR
Steve Nash,PG,25,56,1532,173,363,0.477,60,149,0.403,113,214,0.528,0.559,75,85,0.882,34,87,121,272,37,3,102,122,481,OOR
Tyrone Nesby,SG,24,73,2317,364,915,0.398,94,281,0.335,270,634,0.426,0.449,151,191,0.791,82,193,275,121,75,31,102,205,973,OOR
Rasho Nesterović,C,23,82,1723,206,433,0.476,0,2,0.0,206,431,0.478,0.476,59,103,0.573,135,244,379,93,21,85,71,262,471,OOR
Johnny Newman,SF,36,82,1763,278,623,0.446,72,190,0.379,206,433,0.476,0.504,192,229,0.838,39,115,154,65,53,11,89,207,820,OOR
Moochie Norris,PG,26,30,502,69,159,0.434,12,29,0.414,57,130,0.438,0.472,57,73,0.781,16,52,68,94,23,1,30,32,207,OOR
Dirk Nowitzki,PF,21,82,2938,515,1118,0.461,116,306,0.379,399,812,0.491,0.513,289,348,0.83,102,430,532,203,63,68,141,256,1435,OOR
Jermaine O'Neal,C,21,70,859,108,222,0.486,0,1,0.0,108,221,0.489,0.486,57,98,0.582,97,132,229,18,11,55,47,127,273,OOR
Shaquille O'Neal,C,27,79,3163,956,1665,0.574,0,1,0.0,956,1664,0.575,0.574,432,824,0.524,336,742,1078,299,36,239,223,255,2344,MVP
Charles Oakley,PF,36,80,2431,234,560,0.418,14,41,0.341,220,519,0.424,0.43,66,85,0.776,117,423,540,253,102,45,154,294,548,OOR
Lamar Odom,SF,20,76,2767,449,1024,0.438,59,164,0.36,390,860,0.453,0.467,302,420,0.719,159,436,595,317,91,95,258,291,1259,OOR
Hakeem Olajuwon,C,37,44,1049,193,421,0.458,0,2,0.0,193,419,0.461,0.458,69,112,0.616,65,209,274,61,41,70,73,88,455,OOR
Kevin Ollie,PG,27,40,290,22,49,0.449,0,0,0.0,22,49,0.449,0.449,28,37,0.757,4,27,31,46,10,0,10,27,72,OOR
Michael Olowokandi,C,24,80,2493,330,756,0.437,0,0,0.0,330,756,0.437,0.437,123,189,0.651,194,462,656,38,35,140,177,304,783,OOR
Greg Ostertag,C,26,81,1606,124,267,0.464,0,1,0.0,124,266,0.466,0.464,119,187,0.636,172,310,482,18,20,172,79,196,367,OOR
Bo Outlaw,PF,28,82,2326,204,339,0.602,0,3,0.0,204,336,0.607,0.602,82,162,0.506,202,323,525,245,113,148,133,203,490,OOR
Doug Overton,PG,30,48,432,61,154,0.396,10,28,0.357,51,126,0.405,0.429,20,21,0.952,14,19,33,53,10,0,20,46,152,OOR
Billy Owens,PF-SF,30,62,1305,150,358,0.419,11,34,0.324,139,324,0.429,0.434,63,106,0.594,99,202,301,97,33,21,85,166,374,OOR
Robert Pack,PG,30,29,665,96,230,0.417,4,11,0.364,92,219,0.42,0.426,63,78,0.808,7,35,42,168,31,3,76,44,259,OOR
Scott Padgett,PF,23,47,432,44,140,0.314,13,44,0.295,31,96,0.323,0.361,19,27,0.704,24,64,88,25,14,8,22,55,120,OOR
Milt Palacio,PG,21,53,394,43,98,0.439,0,2,0.0,43,96,0.448,0.439,22,37,0.595,17,34,51,48,20,0,44,32,108,OOR
Anthony Parker,SG,24,16,185,24,57,0.421,1,14,0.071,23,43,0.535,0.43,8,11,0.727,5,22,27,10,8,4,11,13,57,OOR
Cherokee Parks,C,27,56,808,72,145,0.497,0,1,0.0,72,144,0.5,0.497,24,37,0.649,55,128,183,35,29,45,28,115,168,OOR
Andrae Patterson,PF,24,5,20,3,4,0.75,0,0,0.0,3,4,0.75,0.75,0,0,0.0,1,1,2,1,1,0,1,4,6,OOR
Ruben Patterson,SF,24,81,2097,354,661,0.536,12,27,0.444,342,634,0.539,0.545,222,321,0.692,218,216,434,126,94,40,144,190,942,OOR
Gary Payton,PG,31,82,3425,747,1666,0.448,177,520,0.34,570,1146,0.497,0.502,311,423,0.735,100,429,529,732,153,18,224,178,1982,OOR
Anthony Peeler,SG,30,82,2073,316,725,0.436,85,255,0.333,231,470,0.491,0.494,87,109,0.798,58,174,232,195,62,10,85,171,804,OOR
Will Perdue,C,34,67,1012,59,168,0.351,0,0,0.0,59,168,0.351,0.351,50,105,0.476,88,174,262,65,14,42,78,126,168,OOR
Sam Perkins,PF,38,81,1620,184,441,0.417,89,218,0.408,95,223,0.426,0.518,80,97,0.825,64,225,289,68,31,33,63,136,537,OOR
Elliot Perry,PG,30,60,803,128,294,0.435,11,39,0.282,117,255,0.459,0.454,50,62,0.806,13,48,61,139,39,1,60,47,317,OOR
Chuck Person,SF,35,37,340,37,123,0.301,24,95,0.253,13,28,0.464,0.398,4,8,0.5,6,47,53,22,5,2,12,56,102,OOR
Wesley Person,SG,28,79,2056,280,654,0.428,106,250,0.424,174,404,0.431,0.509,61,77,0.792,44,223,267,146,40,19,60,119,727,OOR
Bobby Phills,SG,30,28,825,152,335,0.454,30,91,0.33,122,244,0.5,0.499,47,65,0.723,17,54,71,79,41,8,48,72,381,OOR
Eric Piatkowski,SF,29,75,1712,238,573,0.415,93,243,0.383,145,330,0.439,0.497,85,100,0.85,74,148,222,81,44,13,57,140,654,OOR
Paul Pierce,SF,22,73,2583,486,1099,0.442,96,280,0.343,390,819,0.476,0.486,359,450,0.798,83,313,396,221,152,62,178,237,1427,OOR
Scottie Pippen,SF,34,82,2749,388,860,0.451,86,263,0.327,302,597,0.506,0.501,160,223,0.717,114,399,513,406,117,41,208,208,1022,OOR
Scot Pollard,C,24,76,1336,149,283,0.527,0,0,0.0,149,283,0.527,0.527,114,159,0.717,168,236,404,43,55,59,50,213,412,OOR
Olden Polynice,C,35,82,1819,203,398,0.51,1,2,0.5,202,396,0.51,0.511,28,90,0.311,166,287,453,37,30,84,70,260,435,OOR
Terry Porter,PG,36,68,1613,207,463,0.447,90,207,0.435,117,256,0.457,0.544,137,170,0.806,24,167,191,221,50,9,100,79,641,OOR
James Posey,SF,23,81,2052,230,536,0.429,82,220,0.373,148,316,0.468,0.506,120,150,0.8,85,232,317,146,98,33,95,207,662,OOR
Vitaly Potapenko,C,24,79,1797,307,615,0.499,0,1,0.0,307,614,0.5,0.499,109,160,0.681,182,317,499,77,41,29,145,239,723,OOR
Brent Price,PG,31,41,424,41,119,0.345,25,68,0.368,16,51,0.314,0.45,34,39,0.872,8,29,37,69,17,1,47,63,141,OOR
Laron Profit,SG,22,33,225,21,59,0.356,3,17,0.176,18,42,0.429,0.381,4,10,0.4,2,24,26,25,7,4,19,26,49,OOR
Aleksandar Radojević,C,23,3,24,2,7,0.286,0,0,0.0,2,7,0.286,0.286,3,6,0.5,2,6,8,1,2,1,5,5,7,OOR
Theo Ratliff,PF,26,57,1795,247,491,0.503,0,0,0.0,247,491,0.503,0.503,182,236,0.771,140,295,435,36,32,171,108,185,676,OOR
Eldridge Recasner,PG,32,7,28,3,7,0.429,1,4,0.25,2,3,0.667,0.5,0,0,0.0,0,4,4,5,0,0,0,1,7,OOR
Bryant Reeves,C,26,69,1773,252,562,0.448,0,4,0.0,252,558,0.452,0.448,107,165,0.648,126,264,390,82,33,38,119,245,611,OOR
Khalid Reeves,PG,27,3,48,3,12,0.25,0,3,0.0,3,9,0.333,0.25,5,5,1.0,2,2,4,13,2,0,6,8,11,OOR
Don Reid,PF,26,38,498,60,112,0.536,0,0,0.0,60,112,0.536,0.536,24,34,0.706,31,71,102,11,24,31,23,118,144,OOR
J.R. Reid,PF,31,34,602,53,127,0.417,1,7,0.143,52,120,0.433,0.421,43,56,0.768,29,88,117,18,19,5,20,81,150,OOR
Rodrick Rhodes,SF,26,1,8,0,3,0.0,0,0,0.0,0,3,0.0,0.0,0,0,0.0,1,0,1,0,2,0,2,0,0,OOR
Glen Rice,SF,32,80,2530,421,980,0.43,84,229,0.367,337,751,0.449,0.472,346,396,0.874,56,271,327,176,47,12,114,179,1272,OOR
Mitch Richmond,SG,34,74,2397,447,1049,0.426,93,241,0.386,354,808,0.438,0.47,298,340,0.876,37,176,213,185,110,13,154,191,1285,OOR
Isaiah Rider,SG,28,60,2084,449,1072,0.419,56,180,0.311,393,892,0.441,0.445,204,260,0.785,63,195,258,219,41,6,168,132,1158,OOR
Stanley Roberts,C,29,5,51,5,16,0.313,0,1,0.0,5,15,0.333,0.313,0,3,0.0,6,9,15,3,1,1,2,15,10,OOR
Ryan Robertson,SG,23,1,25,2,6,0.333,0,2,0.0,2,4,0.5,0.333,1,1,1.0,0,0,0,0,0,0,0,0,5,OOR
Clifford Robinson,SF,33,80,2839,530,1142,0.464,120,324,0.37,410,818,0.501,0.517,298,381,0.782,105,254,359,224,90,61,166,239,1478,OOR
David Robinson,C,34,80,2557,528,1031,0.512,0,2,0.0,528,1029,0.513,0.512,371,511,0.726,193,577,770,142,97,183,164,247,1427,OOR
Eddie Robinson,SF,23,67,1112,212,386,0.549,0,4,0.0,212,382,0.555,0.549,47,64,0.734,54,130,184,32,48,25,39,67,471,OOR
Glenn Robinson,SF,27,81,2909,690,1461,0.472,86,237,0.363,604,1224,0.493,0.502,227,283,0.802,107,378,485,193,78,41,223,212,1693,OOR
Dennis Rodman,PF,38,12,389,12,31,0.387,0,1,0.0,12,30,0.4,0.387,10,14,0.714,48,123,171,14,2,1,19,41,34,OOR
Carlos Rogers,C,28,53,1101,170,324,0.525,1,14,0.071,169,310,0.545,0.526,81,137,0.591,98,177,275,42,14,34,63,77,422,OOR
Rodney Rogers,PF,28,82,2286,428,881,0.486,115,262,0.439,313,619,0.506,0.551,159,249,0.639,138,309,447,170,94,47,163,290,1130,OOR
Roy Rogers,PF,26,40,355,35,88,0.398,0,1,0.0,35,87,0.402,0.398,19,41,0.463,33,47,80,9,2,38,10,36,89,OOR
Sean Rooks,C,30,71,1001,122,283,0.431,0,0,0.0,122,283,0.431,0.431,65,89,0.73,82,166,248,68,29,52,70,169,309,OOR
Jalen Rose,SF,27,80,2978,563,1196,0.471,77,196,0.393,486,1000,0.486,0.503,254,307,0.827,42,345,387,320,84,49,188,234,1457,OOR
Malik Rose,PF,25,74,1341,176,385,0.457,1,3,0.333,175,382,0.458,0.458,143,198,0.722,133,202,335,47,35,52,99,232,496,OOR
Michael Ruffin,PF,23,71,975,58,138,0.42,0,0,0.0,58,138,0.42,0.42,43,88,0.489,117,133,250,44,26,26,59,170,159,OOR
Bryon Russell,SF,29,82,2900,408,914,0.446,106,268,0.396,302,646,0.467,0.504,237,316,0.75,99,328,427,158,128,23,101,255,1159,OOR
Arvydas Sabonis,C,35,66,1688,302,598,0.505,7,19,0.368,295,579,0.509,0.511,167,198,0.843,97,416,513,118,43,78,97,184,778,OOR
John Salley,C,35,45,303,25,69,0.362,0,0,0.0,25,69,0.362,0.362,21,28,0.75,20,45,65,26,8,14,18,67,71,OOR
Detlef Schrempf,SF,37,77,1662,187,433,0.432,21,52,0.404,166,381,0.436,0.456,179,215,0.833,79,253,332,197,37,17,100,182,574,OOR
Dennis Scott,SF,31,66,1263,125,333,0.375,71,189,0.376,54,144,0.375,0.482,48,57,0.842,16,90,106,69,28,9,30,104,369,OOR
Malik Sealy,SF,29,82,2392,371,780,0.476,10,35,0.286,361,745,0.485,0.482,177,218,0.812,119,233,352,197,76,19,110,197,929,OOR
Brian Shaw,SG,33,74,1249,123,322,0.382,18,58,0.31,105,264,0.398,0.41,41,54,0.759,45,171,216,201,35,14,75,105,305,OOR
Dickey Simpkins,PF,27,69,1651,111,274,0.405,0,1,0.0,111,273,0.407,0.405,65,120,0.542,124,248,372,100,22,22,128,217,287,OOR
Brian Skinner,PF,23,33,775,68,134,0.507,0,0,0.0,68,134,0.507,0.507,43,65,0.662,63,138,201,11,16,44,37,75,179,OOR
Joe Smith,C,24,78,1975,289,623,0.464,1,1,1.0,288,622,0.463,0.465,195,258,0.756,186,298,484,88,45,85,119,302,774,OOR
Michael Smith,SF,27,46,1145,108,192,0.563,0,1,0.0,108,191,0.565,0.563,73,101,0.723,121,210,331,56,27,23,45,127,289,OOR
Steve Smith,SG,30,82,2689,420,900,0.467,96,241,0.398,324,659,0.492,0.52,289,340,0.85,123,190,313,209,71,31,117,214,1225,OOR
Rik Smits,C,33,79,1852,431,890,0.484,0,1,0.0,431,889,0.485,0.484,156,211,0.739,94,307,401,85,20,100,108,249,1018,OOR
Eric Snow,PG,26,82,2866,257,597,0.43,11,45,0.244,246,552,0.446,0.44,126,177,0.712,42,219,261,624,140,8,162,243,651,OOR
Felton Spencer,C,32,26,149,15,33,0.455,0,0,0.0,15,33,0.455,0.455,20,30,0.667,15,24,39,3,6,8,9,32,50,OOR
Latrell Sprewell,SF,29,82,3276,568,1305,0.435,44,127,0.346,524,1178,0.445,0.452,344,397,0.866,49,300,349,332,109,22,226,184,1524,OOR
Ryan Stack,PF,24,25,198,17,51,0.333,0,1,0.0,17,50,0.34,0.333,18,27,0.667,15,30,45,5,4,11,17,47,52,OOR
Jerry Stackhouse,SG,25,82,3148,619,1447,0.428,83,288,0.288,536,1159,0.462,0.456,618,758,0.815,118,197,315,365,103,36,311,188,1939,OOR
John Starks,SG,34,37,1190,203,542,0.375,59,171,0.345,144,371,0.388,0.429,50,59,0.847,10,91,101,181,42,4,67,102,515,OOR
Vladimir Stepania,C,23,30,202,29,79,0.367,0,6,0.0,29,73,0.397,0.367,17,36,0.472,21,26,47,3,10,11,22,44,75,OOR
Joe Stephens,SF,27,13,181,19,51,0.373,0,8,0.0,19,43,0.442,0.373,3,4,0.75,13,23,36,11,7,3,6,9,41,OOR
Michael Stewart,C,24,42,389,20,53,0.377,0,0,0.0,20,53,0.377,0.377,18,32,0.563,33,61,94,6,5,19,17,81,58,OOR
Bryant Stith,SG,29,45,691,86,189,0.455,17,56,0.304,69,133,0.519,0.5,64,77,0.831,23,61,84,61,18,12,33,56,253,OOR
John Stockton,PG,37,82,2432,363,725,0.501,43,121,0.355,320,604,0.53,0.53,221,257,0.86,45,170,215,703,143,15,179,192,990,OOR
Peja Stojaković,SF,22,74,1749,321,717,0.448,100,267,0.375,221,450,0.491,0.517,135,153,0.882,74,202,276,106,52,7,88,97,877,OOR
Damon Stoudamire,PG,26,78,2372,386,894,0.432,80,212,0.377,306,682,0.449,0.477,122,145,0.841,61,182,243,405,77,1,149,173,974,OOR
Erick Strickland,SG,26,68,2025,316,730,0.433,73,186,0.392,243,544,0.447,0.483,162,195,0.831,69,254,323,211,105,13,102,190,867,OOR
Mark Strickland,SF,29,58,663,122,224,0.545,0,0,0.0,122,224,0.545,0.545,40,56,0.714,44,96,140,22,15,18,24,68,284,OOR
Rod Strickland,PG,33,69,2188,327,762,0.429,1,21,0.048,326,741,0.44,0.43,214,305,0.702,73,186,259,519,94,18,187,147,869,OOR
Derek Strong,PF,31,20,148,21,48,0.438,1,4,0.25,20,44,0.455,0.448,11,14,0.786,11,33,44,4,5,2,12,15,54,OOR
Bruno Šundov,C,19,14,61,12,31,0.387,0,0,0.0,12,31,0.387,0.387,2,2,1.0,5,7,12,2,2,2,4,16,26,OOR
Bob Sura,SG,26,73,2216,356,815,0.437,122,332,0.367,234,483,0.484,0.512,175,251,0.697,50,238,288,284,91,19,148,201,1009,OOR
Wally Szczerbiak,SF,22,73,2171,342,669,0.511,28,78,0.359,314,591,0.531,0.532,133,161,0.826,89,183,272,201,58,23,83,175,845,OOR
Žan Tabak,C,29,18,114,16,34,0.471,0,0,0.0,16,34,0.471,0.471,5,8,0.625,16,16,32,4,3,9,11,13,37,OOR
Johnny Taylor,SF,25,6,34,5,14,0.357,1,1,1.0,4,13,0.308,0.393,0,0,0.0,2,4,6,1,1,1,2,5,11,OOR
Maurice Taylor,PF,23,62,2227,458,988,0.464,1,8,0.125,457,980,0.466,0.464,143,201,0.711,96,304,400,101,51,48,169,217,1060,OOR
Jason Terry,PG,22,81,1888,249,600,0.415,46,157,0.293,203,443,0.458,0.453,113,140,0.807,24,142,166,346,90,10,156,133,657,OOR
Jamel Thomas,SF,26,7,46,8,18,0.444,0,3,0.0,8,15,0.533,0.444,1,1,1.0,1,4,5,6,1,0,5,2,17,OOR
John Thomas,C,24,55,477,49,107,0.458,0,1,0.0,49,106,0.462,0.458,16,41,0.39,37,38,75,9,12,14,14,106,114,OOR
Kenny Thomas,PF,22,72,1797,212,531,0.399,32,122,0.262,180,409,0.44,0.429,138,209,0.66,147,290,437,113,54,22,112,167,594,OOR
Kurt Thomas,PF,27,80,1971,270,535,0.505,1,3,0.333,269,532,0.506,0.506,100,128,0.781,144,361,505,82,51,42,105,278,641,OOR
Tim Thomas,SF,22,80,2093,347,753,0.461,63,182,0.346,284,571,0.497,0.503,188,243,0.774,100,232,332,113,59,31,129,227,945,OOR
Otis Thorpe,PF,37,51,777,125,243,0.514,0,3,0.0,125,240,0.521,0.514,29,48,0.604,56,110,166,33,26,9,59,136,279,OOR
Robert Traylor,PF,22,44,447,58,122,0.475,0,4,0.0,58,118,0.492,0.475,41,68,0.603,50,65,115,20,25,25,27,79,157,OOR
Gary Trent,SF,25,11,301,70,142,0.493,0,2,0.0,70,140,0.5,0.493,11,21,0.524,20,32,52,22,8,3,25,28,151,OOR
Mirsad Türkcan,PF,23,17,90,14,38,0.368,0,6,0.0,14,32,0.438,0.368,5,8,0.625,13,20,33,5,3,1,8,14,33,OOR
Wayne Turner,PG,23,3,41,1,6,0.167,0,0,0.0,1,6,0.167,0.167,2,6,0.333,1,2,3,5,0,0,3,4,4,OOR
Nick Van Exel,PG,28,79,2950,473,1213,0.39,133,401,0.332,340,812,0.419,0.445,196,240,0.817,34,277,311,714,68,11,221,148,1275,OOR
Keith Van Horn,PF,24,80,2782,559,1257,0.445,84,228,0.368,475,1029,0.462,0.478,333,393,0.847,200,476,676,158,64,60,245,258,1535,OOR
Jacque Vaughn,PG,24,78,884,109,262,0.416,14,34,0.412,95,228,0.417,0.443,57,76,0.75,11,54,65,121,32,0,77,92,289,OOR
Loy Vaught,PF,31,43,292,32,89,0.36,0,3,0.0,32,86,0.372,0.36,11,16,0.688,26,65,91,11,6,4,11,45,75,OOR
Fred Vinson,SG,29,8,40,5,17,0.294,2,7,0.286,3,10,0.3,0.353,1,2,0.5,0,1,1,0,3,0,4,2,13,OOR
Antoine Walker,PF,23,82,3003,648,1506,0.43,73,285,0.256,575,1221,0.471,0.455,311,445,0.699,199,453,652,305,117,32,259,263,1680,OOR
Samaki Walker,PF,23,71,980,137,305,0.449,0,0,0.0,137,305,0.449,0.449,86,126,0.683,77,195,272,38,10,35,64,108,360,OOR
Ben Wallace,PF,25,81,1959,168,334,0.503,0,0,0.0,168,334,0.503,0.503,54,114,0.474,211,454,665,67,72,130,67,162,390,OOR
John Wallace,SF,25,60,798,155,332,0.467,0,3,0.0,155,329,0.471,0.467,82,102,0.804,42,93,135,22,10,14,63,103,392,OOR
Rasheed Wallace,PF,25,81,2845,542,1045,0.519,8,50,0.16,534,995,0.537,0.522,233,331,0.704,129,437,566,142,87,107,157,216,1325,OOR
Rex Walters,PG,29,33,389,38,91,0.418,5,20,0.25,33,71,0.465,0.445,12,16,0.75,8,28,36,65,6,0,29,44,93,OOR
Charlie Ward,PG,29,72,1986,189,447,0.423,102,264,0.386,87,183,0.475,0.537,48,58,0.828,22,206,228,300,95,16,102,176,528,OOR
Clarence Weatherspoon,PF,29,78,1615,215,419,0.513,0,0,0.0,215,419,0.513,0.513,135,183,0.738,128,321,449,93,51,49,100,165,565,OOR
Chris Webber,PF,26,75,2880,748,1548,0.483,27,95,0.284,721,1453,0.496,0.492,311,414,0.751,189,598,787,345,120,128,218,264,1834,OOR
Bonzi Wells,SF,23,66,1162,236,480,0.492,20,53,0.377,216,427,0.506,0.513,88,129,0.682,78,104,182,97,69,12,97,153,580,OOR
Bill Wennington,C,36,7,57,6,19,0.316,0,0,0.0,6,19,0.316,0.316,2,2,1.0,5,14,19,1,2,2,1,13,14,OOR
David Wesley,PG,29,82,2760,407,955,0.426,88,248,0.355,319,707,0.451,0.472,214,275,0.778,39,186,225,463,109,11,159,186,1116,OOR
Doug West,SG,32,38,581,59,145,0.407,0,3,0.0,59,142,0.415,0.407,34,40,0.85,18,53,71,43,12,8,19,80,152,OOR
Mark West,C,39,22,127,5,12,0.417,0,0,0.0,5,12,0.417,0.417,5,8,0.625,6,25,31,2,2,4,6,23,15,OOR
Jahidi White,C,23,80,1537,228,450,0.507,0,0,0.0,228,450,0.507,0.507,113,211,0.536,202,351,553,15,31,83,94,234,569,OOR
Chris Whitney,PG,28,82,1627,217,521,0.417,96,255,0.376,121,266,0.455,0.509,112,132,0.848,20,114,134,313,55,5,107,166,642,OOR
Aaron Williams,PF,28,81,1545,235,450,0.522,0,3,0.0,235,447,0.526,0.522,146,201,0.726,159,250,409,58,41,92,80,234,616,OOR
Alvin Williams,PG,25,55,779,114,287,0.397,16,55,0.291,98,232,0.422,0.425,48,65,0.738,27,58,85,126,34,11,47,78,292,OOR
Eric Williams,SF,27,68,1378,165,386,0.427,25,72,0.347,140,314,0.446,0.46,134,169,0.793,55,101,156,93,44,16,66,165,489,OOR
Jason Williams,PG,24,81,2760,363,973,0.373,145,505,0.287,218,468,0.466,0.448,128,170,0.753,22,208,230,589,117,8,296,140,999,OOR
Jerome Williams,PF,26,82,2102,257,456,0.564,0,3,0.0,257,453,0.567,0.564,175,284,0.616,277,512,789,68,95,21,105,196,689,OOR
Lorenzo Williams,PF,30,8,76,7,9,0.778,0,0,0.0,7,9,0.778,0.778,0,0,0.0,12,13,25,1,3,6,3,13,14,OOR
Monty Williams,SF,28,75,1501,263,538,0.489,2,5,0.4,261,533,0.49,0.491,123,166,0.741,96,154,250,106,46,17,109,187,651,OOR
Scott Williams,C,31,68,1488,213,426,0.5,0,0,0.0,213,426,0.5,0.5,94,129,0.729,177,271,448,28,40,66,65,230,520,OOR
Shammond Williams,PG,24,43,517,84,225,0.373,24,81,0.296,60,144,0.417,0.427,33,51,0.647,12,40,52,78,18,0,40,39,225,OOR
Walt Williams,SF,29,76,1859,312,681,0.458,102,261,0.391,210,420,0.5,0.533,101,123,0.821,69,237,306,157,49,44,113,190,827,OOR
Corliss Williamson,SF,26,76,1707,311,622,0.5,0,0,0.0,311,622,0.5,0.5,163,212,0.769,122,168,290,82,38,19,110,192,785,OOR
Kevin Willis,PF,37,79,1679,236,569,0.415,1,3,0.333,235,566,0.415,0.416,131,164,0.799,201,281,482,49,36,48,98,256,604,OOR
Dedric Willoughby,PG,25,25,508,61,179,0.341,29,98,0.296,32,81,0.395,0.422,39,51,0.765,11,40,51,66,23,2,37,32,190,OOR
David Wingate,SG,36,7,32,1,9,0.111,0,0,0.0,1,9,0.111,0.111,0,0,0.0,1,1,2,3,1,2,2,7,2,OOR
Haywoode Workman,PG,34,36,350,31,90,0.344,14,43,0.326,17,47,0.362,0.422,10,15,0.667,1,25,26,61,20,0,18,37,86,OOR
Metta World Peace,SF,20,72,2238,309,759,0.407,60,191,0.314,249,568,0.438,0.447,188,279,0.674,62,246,308,202,119,39,166,159,866,OOR
Lorenzen Wright,C,24,75,1205,180,361,0.499,1,3,0.333,179,358,0.5,0.5,87,135,0.644,117,188,305,21,29,40,66,203,448,OOR
Tim Young,C,23,25,137,13,39,0.333,0,0,0.0,13,39,0.333,0.333,28,36,0.778,13,22,35,5,2,1,9,18,54,OOR
