Player,Pos,Age,G,MP,FG,FGA,FG%,3P,3PA,3P%,2P,2PA,2P%,eFG%,FT,FTA,FT%,ORB,DRB,TRB,AST,STL,BLK,TOV,PF,PTS,Status,Season
Tariq Abdul-Wahad,SG,27,24,441,55,147,0.374,1,2,0.5,54,145,0.372,0.378,24,33,0.727,41,43,84,24,20,10,27,56,135,OOR,2002
Shareef Abdur-Rahim,PF,25,77,2980,598,1297,0.461,21,70,0.3,577,1227,0.47,0.469,419,523,0.801,198,498,696,239,98,81,250,214,1636,OOR,2002
Courtney Alexander,SG,24,56,1325,223,474,0.47,5,18,0.278,218,456,0.478,0.476,98,121,0.81,43,105,148,86,35,7,60,113,549,OOR,2002
Victor Alexander,C,32,15,97,18,51,0.353,0,2,0.0,18,49,0.367,0.353,4,8,0.5,7,22,29,6,0,1,5,6,40,OOR,2002
Malik Allen,PF,23,12,161,22,51,0.431,0,1,0.0,22,50,0.44,0.431,8,10,0.8,15,23,38,5,3,8,2,16,52,OOR,2002
Ray Allen,SG,26,69,2525,530,1148,0.462,229,528,0.434,301,620,0.485,0.561,214,245,0.873,81,231,312,271,88,18,159,157,1503,OOR,2002
Rafer Alston,PG,25,50,600,66,191,0.346,27,71,0.38,39,120,0.325,0.416,18,29,0.621,10,62,72,143,32,2,40,42,177,OOR,2002
John Amaechi,PF,31,54,586,54,166,0.325,0,0,0.0,54,166,0.325,0.325,67,105,0.638,52,57,109,29,7,10,55,64,175,OOR,2002
Chris Andersen,C,23,24,262,25,74,0.338,0,4,0.0,25,70,0.357,0.338,22,28,0.786,38,38,76,7,7,28,13,35,72,OOR,2002
Derek Anderson,SG,27,70,1860,247,612,0.404,85,228,0.373,162,384,0.422,0.473,178,208,0.856,47,142,189,216,68,8,87,113,757,OOR,2002
Kenny Anderson,PG,31,76,2430,312,716,0.436,9,33,0.273,303,683,0.444,0.442,98,132,0.742,57,218,275,403,141,10,119,210,731,OOR,2002
Nick Anderson,SG,34,15,219,21,76,0.276,13,48,0.271,8,28,0.286,0.362,5,9,0.556,1,32,33,14,6,6,14,17,60,OOR,2002
Shandon Anderson,SG,28,82,1596,149,373,0.399,39,141,0.277,110,232,0.474,0.452,74,107,0.692,57,192,249,76,48,15,97,134,411,OOR,2002
Greg Anthony,PG,34,60,1514,183,475,0.385,48,163,0.294,135,312,0.433,0.436,60,91,0.659,22,110,132,282,77,5,94,114,474,OOR,2002
Gilbert Arenas,PG,20,47,1155,174,384,0.453,39,113,0.345,135,271,0.498,0.504,124,160,0.775,41,91,132,174,69,11,97,115,511,OOR,2002
Brandon Armstrong,SG,21,35,196,27,85,0.318,5,17,0.294,22,68,0.324,0.347,5,10,0.5,10,6,16,8,7,1,8,26,64,OOR,2002
Darrell Armstrong,PG,33,82,2730,347,828,0.419,139,398,0.349,208,430,0.484,0.503,182,205,0.888,83,236,319,453,157,10,175,166,1015,OOR,2002
Carlos Arroyo,PG,22,37,371,49,111,0.441,0,2,0.0,49,109,0.45,0.441,13,18,0.722,12,28,40,70,11,1,23,30,111,OOR,2002
Chucky Atkins,PG,27,79,2285,368,790,0.466,138,336,0.411,230,454,0.507,0.553,83,120,0.692,31,127,158,263,72,11,128,177,957,OOR,2002
Stacey Augmon,SG,33,77,1319,140,328,0.427,0,3,0.0,140,325,0.431,0.427,77,101,0.762,59,166,225,103,56,12,54,115,357,OOR,2002
Isaac Austin,C,32,21,307,36,92,0.391,0,3,0.0,36,89,0.404,0.391,4,4,1.0,11,60,71,13,9,5,11,36,76,OOR,2002
William Avery,PG,22,28,258,26,90,0.289,6,35,0.171,20,55,0.364,0.322,13,19,0.684,4,20,24,36,7,0,19,17,71,OOR,2002
Dalibor Bagarić,C,21,50,638,72,178,0.404,0,1,0.0,72,177,0.407,0.404,41,70,0.586,55,107,162,23,17,24,46,108,185,OOR,2002
Vin Baker,C,30,55,1710,315,649,0.485,1,8,0.125,314,641,0.49,0.486,143,226,0.633,168,182,350,72,22,36,127,197,774,OOR,2002
Erick Barkley,PG,23,19,228,24,68,0.353,1,7,0.143,23,61,0.377,0.36,9,10,0.9,5,13,18,34,17,1,12,29,58,OOR,2002
Dana Barros,PG,34,29,582,74,192,0.385,24,71,0.338,50,121,0.413,0.448,21,27,0.778,1,56,57,78,14,2,33,37,193,OOR,2002
Brent Barry,SG,30,81,3040,401,790,0.508,164,387,0.424,237,403,0.588,0.611,198,234,0.846,58,383,441,426,147,37,165,182,1164,OOR,2002
Jon Barry,SG,32,82,1985,255,522,0.489,121,258,0.469,134,264,0.508,0.604,108,116,0.931,42,192,234,274,94,20,111,134,739,OOR,2002
Mengke Bateer,C,26,27,408,53,132,0.402,4,12,0.333,49,120,0.408,0.417,29,37,0.784,32,64,96,22,10,5,32,94,139,OOR,2002
Tony Battie,C,25,74,1819,211,390,0.541,0,2,0.0,211,388,0.544,0.541,88,130,0.677,184,297,481,35,60,67,51,219,510,OOR,2002
Shane Battier,SF,23,78,3097,412,961,0.429,103,276,0.373,309,685,0.451,0.482,198,283,0.7,180,238,418,216,121,81,155,215,1125,OOR,2002
Charlie Bell,SG,22,7,44,3,11,0.273,0,6,0.0,3,5,0.6,0.273,2,2,1.0,2,3,5,2,0,0,5,3,8,OOR,2002
Raja Bell,SG,25,74,890,103,240,0.429,12,44,0.273,91,196,0.464,0.454,36,48,0.75,31,80,111,71,21,4,48,109,254,OOR,2002
Jonathan Bender,SF,21,78,1647,198,460,0.43,45,125,0.36,153,335,0.457,0.479,140,181,0.773,64,180,244,62,19,49,96,147,581,OOR,2002
Travis Best,PG,29,74,1747,228,518,0.44,21,59,0.356,207,459,0.451,0.46,104,116,0.897,20,131,151,324,89,7,99,173,581,OOR,2002
Mike Bibby,PG,23,80,2659,446,985,0.453,51,138,0.37,395,847,0.466,0.479,155,193,0.803,37,185,222,403,87,15,134,133,1098,OOR,2002
Chauncey Billups,PG,25,82,2355,348,823,0.423,124,315,0.394,224,508,0.441,0.498,207,234,0.885,35,191,226,450,66,17,138,169,1027,OOR,2002
Mookie Blaylock,PG,34,35,599,50,146,0.342,15,42,0.357,35,104,0.337,0.394,4,8,0.5,8,44,52,114,24,4,37,20,119,OOR,2002
Corie Blount,PF,33,72,1426,115,251,0.458,0,1,0.0,115,250,0.46,0.458,29,45,0.644,149,219,368,44,49,26,52,176,259,OOR,2002
Mark Blount,C,26,44,415,32,76,0.421,0,0,0.0,32,76,0.421,0.421,30,37,0.811,26,59,85,10,16,19,23,59,94,OOR,2002
Calvin Booth,C,25,15,279,35,82,0.427,0,0,0.0,35,82,0.427,0.427,23,24,0.958,20,34,54,16,6,13,16,47,93,OOR,2002
Ruben Boumtje-Boumtje,C,23,33,245,13,32,0.406,0,0,0.0,13,32,0.406,0.406,13,25,0.52,21,34,55,4,3,16,14,38,39,OOR,2002
Cal Bowdler,PF,24,52,585,61,174,0.351,1,5,0.2,60,169,0.355,0.353,39,47,0.83,38,72,110,11,18,15,11,64,162,OOR,2002
Bruce Bowen,SF,30,59,1699,155,398,0.389,56,148,0.378,99,250,0.396,0.46,46,96,0.479,42,120,162,88,62,25,66,116,412,OOR,2002
Ryan Bowen,SF,26,75,1686,147,307,0.479,1,12,0.083,146,295,0.495,0.48,69,92,0.75,134,165,299,52,75,41,41,171,364,OOR,2002
Ira Bowman,SG,28,3,29,5,7,0.714,0,1,0.0,5,6,0.833,0.714,0,0,0.0,0,1,1,1,2,0,0,3,10,OOR,2002
Earl Boykins,PG,25,68,761,110,275,0.4,13,42,0.31,97,233,0.416,0.424,47,61,0.77,27,27,54,145,20,2,44,44,280,OOR,2002
Michael Bradley,PF,22,26,118,13,25,0.52,0,2,0.0,13,23,0.565,0.52,4,8,0.5,7,17,24,3,0,6,6,10,30,OOR,2002
Shawn Bradley,C,29,53,757,78,163,0.479,0,1,0.0,78,162,0.481,0.479,59,64,0.922,53,123,176,20,28,64,25,128,215,OOR,2002
Elton Brand,PF,22,80,3020,532,1010,0.527,0,0,0.0,532,1010,0.527,0.527,389,524,0.742,396,529,925,191,80,163,173,254,1453,OOR,2002
Terrell Brandon,PG,31,32,962,155,365,0.425,4,23,0.174,151,342,0.442,0.43,83,84,0.988,17,76,93,264,52,6,43,49,397,OOR,2002
Jamison Brewer,SG,21,13,43,2,5,0.4,0,1,0.0,2,4,0.5,0.4,0,0,0.0,2,6,8,9,2,0,3,3,4,OOR,2002
Primož Brezec,C,22,22,160,14,29,0.483,0,0,0.0,14,29,0.483,0.483,15,25,0.6,16,12,28,6,0,7,6,28,43,OOR,2002
Chucky Brown,SF,33,18,92,10,27,0.37,0,0,0.0,10,27,0.37,0.37,1,2,0.5,10,23,33,6,2,4,5,12,21,OOR,2002
Damone Brown,SF,22,17,67,8,21,0.381,0,1,0.0,8,20,0.4,0.381,7,8,0.875,2,2,4,2,1,1,9,11,23,OOR,2002
Dee Brown,PG,33,7,65,3,20,0.15,1,12,0.083,2,8,0.25,0.175,0,0,0.0,0,9,9,2,3,1,4,4,7,OOR,2002
Ernest Brown,C,22,3,21,1,6,0.167,0,0,0.0,1,6,0.167,0.167,1,4,0.25,1,5,6,0,0,1,3,4,3,OOR,2002
Kedrick Brown,SF,20,29,245,23,70,0.329,5,27,0.185,18,43,0.419,0.364,12,20,0.6,11,39,50,15,18,7,7,18,63,OOR,2002
Kwame Brown,PF,19,57,817,94,243,0.387,0,1,0.0,94,242,0.388,0.387,70,99,0.707,63,135,198,43,16,26,43,105,258,OOR,2002
P.J. Brown,C,32,80,2563,250,527,0.474,0,0,0.0,250,527,0.474,0.474,169,197,0.858,273,513,786,107,59,78,85,222,669,OOR,2002
Randy Brown,PG,33,1,6,0,1,0.0,0,0,0.0,0,1,0.0,0.0,0,0,0.0,0,0,0,2,0,1,0,1,0,OOR,2002
Tierre Brown,SG,22,40,403,49,115,0.426,4,12,0.333,45,103,0.437,0.443,21,28,0.75,12,30,42,70,19,3,40,26,123,OOR,2002
Rick Brunson,PG,29,59,520,45,113,0.398,6,11,0.545,39,102,0.382,0.425,29,41,0.707,23,45,68,114,25,2,47,51,125,OOR,2002
Kobe Bryant,SG,23,80,3063,749,1597,0.469,33,132,0.25,716,1465,0.489,0.479,488,589,0.829,112,329,441,438,118,35,223,228,2019,Candidate,2002
Mark Bryant,PF,36,30,206,25,55,0.455,0,0,0.0,25,55,0.455,0.455,6,8,0.75,25,19,44,10,7,2,6,38,56,OOR,2002
Greg Buckner,SG,25,44,885,104,198,0.525,5,16,0.313,99,182,0.544,0.538,40,58,0.69,67,106,173,48,31,19,27,124,253,OOR,2002
Jud Buechler,SF,33,66,684,44,118,0.373,21,60,0.35,23,58,0.397,0.462,2,4,0.5,29,87,116,32,21,8,15,53,111,OOR,2002
Rodney Buford,SG,24,63,1769,258,593,0.435,17,70,0.243,241,523,0.461,0.449,58,80,0.725,52,220,272,71,42,12,63,110,591,OOR,2002
Matt Bullard,PF,34,31,350,39,115,0.339,16,57,0.281,23,58,0.397,0.409,11,12,0.917,10,37,47,16,2,2,12,29,105,OOR,2002
Mitchell Butler,SG,31,11,90,10,23,0.435,1,3,0.333,9,20,0.45,0.457,8,12,0.667,6,8,14,5,0,1,5,10,29,OOR,2002
Jason Caffey,PF,28,23,283,36,72,0.5,0,1,0.0,36,71,0.507,0.5,27,43,0.628,24,26,50,12,4,5,19,39,99,OOR,2002
Marcus Camby,C,27,29,1007,130,290,0.448,0,1,0.0,130,289,0.45,0.448,62,99,0.626,89,233,322,33,34,50,42,107,322,OOR,2002
Elden Campbell,PF,33,77,2156,384,794,0.484,0,2,0.0,384,792,0.485,0.484,306,384,0.797,133,397,530,102,60,137,138,264,1074,OOR,2002
Brian Cardinal,PF,24,8,43,6,13,0.462,3,7,0.429,3,6,0.5,0.577,2,2,1.0,2,4,6,2,1,0,0,5,17,OOR,2002
Anthony Carter,PG,26,46,1050,89,260,0.342,1,19,0.053,88,241,0.365,0.344,19,36,0.528,19,98,117,214,50,3,72,85,198,OOR,2002
Vince Carter,SG,25,60,2385,559,1307,0.428,121,313,0.387,438,994,0.441,0.474,245,307,0.798,138,175,313,239,94,43,154,191,1484,OOR,2002
Sam Cassell,PG,32,74,2605,554,1197,0.463,71,204,0.348,483,993,0.486,0.492,282,328,0.86,54,258,312,493,90,12,177,208,1461,OOR,2002
Kelvin Cato,C,27,75,1917,190,326,0.583,0,1,0.0,190,325,0.585,0.583,113,194,0.582,176,349,525,29,40,95,53,208,493,OOR,2002
Tyson Chandler,C,19,71,1389,151,304,0.497,0,0,0.0,151,304,0.497,0.497,134,222,0.604,114,229,343,54,28,93,99,179,436,OOR,2002
Calbert Cheaney,SG,30,68,1631,224,466,0.481,0,4,0.0,224,462,0.485,0.481,46,67,0.687,57,183,240,110,34,21,70,156,494,OOR,2002
Chris Childs,PG,34,69,1576,97,296,0.328,33,120,0.275,64,176,0.364,0.383,58,71,0.817,18,136,154,351,56,5,123,177,285,OOR,2002
Doug Christie,SG,31,81,2798,338,735,0.46,90,256,0.352,248,479,0.518,0.521,206,242,0.851,74,300,374,340,160,25,164,209,972,OOR,2002
Keon Clark,C,26,81,2185,380,775,0.49,0,5,0.0,380,770,0.494,0.49,155,230,0.674,182,421,603,88,58,122,140,258,915,OOR,2002
Speedy Claxton,PG,23,67,1528,181,452,0.4,4,33,0.121,177,419,0.422,0.405,114,136,0.838,46,114,160,198,95,6,95,145,480,OOR,2002
Mateen Cleaves,PG,24,32,153,30,68,0.441,2,8,0.25,28,60,0.467,0.456,8,9,0.889,1,7,8,25,7,0,27,9,70,OOR,2002
Derrick Coleman,PF,34,58,2080,331,735,0.45,28,83,0.337,303,652,0.465,0.469,185,227,0.815,167,342,509,98,42,51,119,158,875,OOR,2002
Bimbo Coles,PG,33,47,693,56,146,0.384,4,20,0.2,52,126,0.413,0.397,33,37,0.892,12,43,55,107,13,4,31,59,149,OOR,2002
Jason Collier,C,24,25,365,41,95,0.432,0,1,0.0,41,94,0.436,0.432,24,32,0.75,31,51,82,9,6,4,13,40,106,OOR,2002
Jarron Collins,C,23,70,1440,158,343,0.461,0,1,0.0,158,342,0.462,0.461,134,181,0.74,138,158,296,58,29,22,56,234,450,OOR,2002
Jason Collins,C,23,77,1407,117,278,0.421,1,2,0.5,116,276,0.42,0.423,115,164,0.701,132,169,301,81,29,47,72,173,350,OOR,2002
Chris Crawford,PF,26,7,131,21,45,0.467,0,1,0.0,21,44,0.477,0.467,11,15,0.733,9,16,25,5,2,5,10,21,53,OOR,2002
Jamal Crawford,PG,21,23,481,89,187,0.476,26,58,0.448,63,129,0.488,0.545,10,13,0.769,5,29,34,55,18,5,32,18,214,OOR,2002
Joe Crispin,PG,22,21,156,26,68,0.382,15,39,0.385,11,29,0.379,0.493,12,13,0.923,2,9,11,26,5,0,10,10,79,OOR,2002
Austin Croshere,PF,26,76,1286,185,448,0.413,49,145,0.338,136,303,0.449,0.468,97,114,0.851,74,220,294,77,26,29,67,106,516,OOR,2002
John Crotty,PG,32,41,802,98,208,0.471,31,69,0.449,67,139,0.482,0.546,57,66,0.864,16,59,75,141,19,1,51,77,284,OOR,2002
Vonteego Cummings,PG,25,58,501,78,187,0.417,12,46,0.261,66,141,0.468,0.449,24,32,0.75,14,38,52,60,18,5,36,53,192,OOR,2002
Dell Curry,SG,37,56,886,141,347,0.406,45,131,0.344,96,216,0.444,0.471,33,37,0.892,23,58,81,61,22,6,41,50,360,OOR,2002
Eddy Curry,C,19,72,1150,189,377,0.501,0,0,0.0,189,377,0.501,0.501,105,160,0.656,111,161,272,25,16,53,69,173,483,OOR,2002
Michael Curry,SG,33,82,1912,125,276,0.453,7,26,0.269,118,250,0.472,0.466,72,91,0.791,15,153,168,127,47,10,60,207,329,OOR,2002
Samuel Dalembert,C,20,34,177,22,50,0.44,0,0,0.0,22,50,0.44,0.44,7,18,0.389,25,43,68,5,6,13,14,30,51,OOR,2002
Erick Dampier,C,26,73,1740,209,480,0.435,0,0,0.0,209,480,0.435,0.435,136,211,0.645,167,220,387,87,17,167,156,235,554,OOR,2002
Antonio Daniels,SG,26,82,2175,269,612,0.44,57,196,0.291,212,416,0.51,0.486,158,210,0.752,23,153,176,228,48,12,70,104,753,OOR,2002
Antonio Davis,PF,33,77,2978,410,963,0.426,0,1,0.0,410,962,0.426,0.426,293,358,0.818,254,486,740,155,54,83,159,225,1113,OOR,2002
Baron Davis,PG,22,82,3318,559,1341,0.417,170,478,0.356,389,863,0.451,0.48,196,338,0.58,93,256,349,698,172,47,246,241,1484,OOR,2002
Dale Davis,C,32,78,2447,296,580,0.51,0,0,0.0,296,580,0.51,0.51,150,212,0.708,262,426,688,96,62,83,62,193,742,OOR,2002
Emanual Davis,PG,33,28,774,70,198,0.354,29,85,0.341,41,113,0.363,0.427,16,18,0.889,19,55,74,68,27,5,52,68,185,OOR,2002
Hubert Davis,SG,31,51,1231,146,326,0.448,57,126,0.452,89,200,0.445,0.535,16,21,0.762,7,70,77,107,28,3,44,58,365,OOR,2002
Ricky Davis,SF,22,82,1954,376,781,0.481,11,35,0.314,365,746,0.489,0.488,196,248,0.79,63,180,243,178,69,23,148,145,959,OOR,2002
Andrew DeClercq,C,28,61,633,67,149,0.45,0,0,0.0,67,149,0.45,0.45,28,50,0.56,74,89,163,22,23,24,34,130,162,OOR,2002
Vinny Del Negro,PG,35,2,6,1,4,0.25,0,0,0.0,1,4,0.25,0.25,0,0,0.0,0,0,0,2,0,0,0,0,2,OOR,2002
Tony Delk,SG,28,63,1447,226,588,0.384,67,214,0.313,159,374,0.425,0.441,78,97,0.804,58,145,203,132,53,10,59,98,597,OOR,2002
Derrick Dial,SG,26,32,299,41,120,0.342,1,11,0.091,40,109,0.367,0.346,18,24,0.75,14,42,56,35,10,4,16,13,101,OOR,2002
Michael Dickerson,SG,26,4,124,15,48,0.313,8,21,0.381,7,27,0.259,0.396,5,6,0.833,3,9,12,9,3,1,8,12,43,OOR,2002
DeSagana Diop,C,20,18,109,12,29,0.414,0,0,0.0,12,29,0.414,0.414,1,5,0.2,5,12,17,5,1,10,12,19,25,OOR,2002
Vlade Divac,C,33,80,2420,338,716,0.472,3,13,0.231,335,703,0.477,0.474,209,340,0.615,205,466,671,297,79,94,158,229,888,OOR,2002
Michael Doleac,C,24,42,705,78,187,0.417,0,0,0.0,78,187,0.417,0.417,38,46,0.826,47,121,168,25,15,11,37,98,194,OOR,2002
Keyon Dooling,PG,21,14,155,22,57,0.386,4,14,0.286,18,43,0.419,0.421,10,12,0.833,0,3,3,12,4,3,10,20,58,OOR,2002
Bryce Drew,PG,27,61,774,78,182,0.429,31,73,0.425,47,109,0.431,0.514,23,29,0.793,14,58,72,101,32,2,33,49,210,OOR,2002
Predrag Drobnjak,C,26,64,1174,191,414,0.461,0,2,0.0,191,412,0.464,0.461,55,73,0.753,75,144,219,51,20,31,51,109,437,OOR,2002
Chris Dudley,C,36,43,327,20,50,0.4,0,2,0.0,20,48,0.417,0.4,8,15,0.533,27,53,80,13,3,14,14,42,48,OOR,2002
Tim Duncan,PF,25,82,3329,764,1504,0.508,1,10,0.1,763,1494,0.511,0.508,560,701,0.799,268,774,1042,307,61,203,263,217,2089,MVP,2002
Howard Eisley,PG,29,39,609,59,175,0.337,14,58,0.241,45,117,0.385,0.377,39,49,0.796,9,40,49,100,24,3,53,55,171,OOR,2002
Obinna Ekezie,PF,26,29,152,13,39,0.333,0,0,0.0,13,39,0.333,0.333,28,40,0.7,12,22,34,3,2,6,10,16,54,OOR,2002
LaPhonso Ellis,SF,31,66,1684,189,452,0.418,38,124,0.306,151,328,0.46,0.46,53,84,0.631,107,180,287,56,30,37,73,196,469,OOR,2002
Evan Eschmeyer,C,26,31,299,21,50,0.42,0,0,0.0,21,50,0.42,0.42,20,33,0.606,35,63,98,9,10,9,16,60,62,OOR,2002
Maurice Evans,SG,23,10,45,9,19,0.474,0,3,0.0,9,16,0.563,0.474,3,4,0.75,3,1,4,4,0,0,2,9,21,OOR,2002
Patrick Ewing,C,39,65,901,148,333,0.444,0,1,0.0,148,332,0.446,0.444,94,134,0.701,60,203,263,35,22,45,65,129,390,OOR,2002
Danny Ferry,SF,35,50,799,76,177,0.429,43,99,0.434,33,78,0.423,0.551,34,36,0.944,15,75,90,48,16,9,22,70,229,OOR,2002
Michael Finley,SF,28,69,2754,569,1228,0.463,76,224,0.339,493,1004,0.491,0.494,210,251,0.837,90,270,360,230,65,25,117,144,1424,OOR,2002
Derek Fisher,PG,27,70,1974,274,666,0.411,144,349,0.413,130,317,0.41,0.52,94,111,0.847,15,131,146,181,66,9,62,121,786,OOR,2002
Marcus Fizer,PF,23,76,1963,371,848,0.438,7,41,0.171,364,807,0.451,0.442,189,283,0.668,128,299,427,120,49,24,131,186,938,OOR,2002
Isaac Fontaine,SG,26,6,75,3,14,0.214,1,5,0.2,2,9,0.222,0.25,4,6,0.667,0,5,5,4,0,0,4,6,11,OOR,2002
Alton Ford,PF,20,53,452,61,118,0.517,0,0,0.0,61,118,0.517,0.517,42,57,0.737,32,75,107,7,6,7,32,99,164,OOR,2002
Joseph Forte,SG,20,8,39,1,12,0.083,0,3,0.0,1,9,0.111,0.083,4,4,1.0,1,5,6,6,2,0,3,1,6,OOR,2002
Danny Fortson,PF,25,77,2216,309,722,0.428,1,4,0.25,308,718,0.429,0.429,245,308,0.795,290,609,899,127,44,17,160,255,864,OOR,2002
Greg Foster,PF,33,6,24,2,9,0.222,0,4,0.0,2,5,0.4,0.222,3,4,0.75,0,8,8,1,0,0,0,4,7,OOR,2002
Jeff Foster,C,25,82,1786,177,394,0.449,2,15,0.133,175,379,0.462,0.452,111,182,0.61,206,350,556,70,71,38,79,232,467,OOR,2002
Antonis Fotsis,PF,20,28,320,42,104,0.404,7,23,0.304,35,81,0.432,0.438,17,20,0.85,25,37,62,10,9,11,21,22,108,OOR,2002
Tremaine Fowlkes,SF,25,22,343,25,64,0.391,0,0,0.0,25,64,0.391,0.391,24,31,0.774,32,32,64,17,11,1,13,39,74,OOR,2002
Rick Fox,SF,32,82,2289,255,605,0.421,65,208,0.313,190,397,0.479,0.475,70,85,0.824,90,299,389,283,67,21,132,244,645,OOR,2002
Adonal Foyle,C,26,79,1485,171,385,0.444,0,0,0.0,171,385,0.444,0.444,37,93,0.398,150,234,384,41,36,168,76,179,379,OOR,2002
Steve Francis,PG,24,57,2343,420,1007,0.417,68,210,0.324,352,797,0.442,0.451,326,422,0.773,102,299,401,362,71,25,221,172,1234,OOR,2002
Lawrence Funderburke,PF,31,56,722,115,245,0.469,0,3,0.0,115,242,0.475,0.469,34,56,0.607,76,122,198,32,11,18,33,65,264,OOR,2002
Kevin Garnett,PF,25,81,3175,659,1401,0.47,37,116,0.319,622,1285,0.484,0.484,359,448,0.801,243,738,981,422,96,126,229,184,1714,OOR,2002
Dean Garrett,C,35,34,183,18,55,0.327,0,0,0.0,18,55,0.327,0.327,0,3,0.0,16,41,57,5,7,10,10,32,36,OOR,2002
Pat Garrity,PF,25,80,2406,327,767,0.426,169,396,0.427,158,371,0.426,0.537,61,73,0.836,77,261,338,99,61,28,68,230,884,OOR,2002
Pau Gasol,PF,21,82,3007,551,1064,0.518,1,5,0.2,550,1059,0.519,0.518,338,477,0.709,238,492,730,223,41,169,224,195,1441,OOR,2002
Chris Gatling,PF,34,54,809,131,293,0.447,1,8,0.125,130,285,0.456,0.449,82,117,0.701,71,135,206,25,17,11,58,109,345,OOR,2002
Matt Geiger,C,32,4,36,1,8,0.125,0,0,0.0,1,8,0.125,0.125,1,2,0.5,3,3,6,0,0,2,2,2,3,OOR,2002
Devean George,SF,24,82,1759,215,523,0.411,66,178,0.371,149,345,0.432,0.474,85,126,0.675,78,225,303,111,71,42,66,190,581,OOR,2002
Eddie Gill,PG,23,23,384,39,92,0.424,7,22,0.318,32,70,0.457,0.462,31,39,0.795,7,21,28,49,11,3,34,38,116,OOR,2002
Kendall Gill,SG,33,65,1410,162,422,0.384,6,44,0.136,156,378,0.413,0.391,42,62,0.677,29,155,184,100,44,8,55,140,372,OOR,2002
Dion Glover,SG,23,55,1156,192,456,0.421,30,91,0.33,162,365,0.444,0.454,78,103,0.757,36,133,169,84,45,14,76,89,492,OOR,2002
Steve Goodrich,SF,25,9,50,2,10,0.2,0,0,0.0,2,10,0.2,0.2,1,2,0.5,1,4,5,5,1,2,3,10,5,OOR,2002
Brian Grant,PF,29,72,2256,286,610,0.469,0,2,0.0,286,608,0.47,0.469,101,119,0.849,168,407,575,137,48,31,122,236,673,OOR,2002
Horace Grant,C,36,76,2210,264,515,0.513,0,0,0.0,264,515,0.513,0.513,80,111,0.721,159,322,481,104,57,49,51,118,608,OOR,2002
Adrian Griffin,SG,27,58,1383,179,359,0.499,16,54,0.296,163,305,0.534,0.521,41,49,0.837,68,161,229,106,75,12,42,142,415,OOR,2002
Eddie Griffin,PF,19,73,1896,244,666,0.366,90,273,0.33,154,393,0.392,0.434,64,86,0.744,117,299,416,53,17,134,47,117,642,OOR,2002
Tom Gugliotta,PF,32,44,1129,127,301,0.422,3,9,0.333,124,292,0.425,0.427,28,37,0.757,59,162,221,77,39,30,61,116,285,OOR,2002
A.J. Guyton,PG,23,45,607,88,244,0.361,46,123,0.374,42,121,0.347,0.455,22,27,0.815,12,32,44,81,10,7,37,23,244,OOR,2002
Darvin Ham,SF,28,70,1208,120,211,0.569,1,7,0.143,119,204,0.583,0.571,62,123,0.504,91,111,202,73,25,37,83,175,303,OOR,2002
Richard Hamilton,SG,23,63,2203,472,1084,0.435,16,42,0.381,456,1042,0.438,0.443,300,337,0.89,73,143,216,171,38,14,132,136,1260,OOR,2002
Tang Hamilton,SF,23,9,98,10,19,0.526,0,1,0.0,10,18,0.556,0.526,0,1,0.0,6,12,18,5,4,0,2,10,20,OOR,2002
Zendon Hamilton,PF,26,54,848,103,245,0.42,0,0,0.0,103,245,0.42,0.42,118,181,0.652,110,143,253,14,21,18,60,104,324,OOR,2002
Anfernee Hardaway,SG,30,80,2462,389,931,0.418,23,83,0.277,366,848,0.432,0.43,158,195,0.81,98,252,350,324,122,32,189,184,959,OOR,2002
Tim Hardaway,PG,35,68,1601,226,620,0.365,123,354,0.347,103,266,0.387,0.464,77,97,0.794,14,110,124,278,57,10,111,109,652,OOR,2002
Matt Harpring,SF,25,81,2541,386,838,0.461,21,69,0.304,365,769,0.475,0.473,165,222,0.743,203,370,573,107,70,5,127,201,958,OOR,2002
Al Harrington,PF,21,44,1313,230,484,0.475,1,3,0.333,229,481,0.476,0.476,115,144,0.799,96,180,276,54,41,21,78,166,576,OOR,2002
Othella Harrington,PF,28,77,1563,237,450,0.527,0,2,0.0,237,448,0.529,0.527,122,172,0.709,125,224,349,37,30,36,95,250,596,OOR,2002
Lucious Harris,SG,31,74,1553,249,537,0.464,44,118,0.373,205,419,0.489,0.505,133,158,0.842,49,158,207,116,53,6,61,99,675,OOR,2002
Jason Hart,PG,23,10,92,10,19,0.526,0,2,0.0,10,17,0.588,0.526,6,6,1.0,4,9,13,12,7,1,8,16,26,OOR,2002
Antonio Harvey,PF,31,5,47,4,12,0.333,0,0,0.0,4,12,0.333,0.333,1,2,0.5,5,4,9,5,1,3,3,8,9,OOR,2002
Donnell Harvey,PF,21,47,841,108,217,0.498,0,0,0.0,108,217,0.498,0.498,54,90,0.6,80,147,227,37,21,24,33,115,270,OOR,2002
Trenton Hassell,SG,22,78,2237,267,628,0.425,60,165,0.364,207,463,0.447,0.473,87,114,0.763,65,190,255,172,55,44,101,184,681,OOR,2002
Kirk Haston,PF,22,15,77,11,39,0.282,0,3,0.0,11,36,0.306,0.282,4,8,0.5,5,15,20,5,0,1,3,9,26,OOR,2002
Brendan Haywood,C,22,62,1266,109,221,0.493,0,0,0.0,109,221,0.493,0.493,97,160,0.606,143,179,322,29,21,91,50,158,315,OOR,2002
Alan Henderson,PF,29,26,422,59,116,0.509,1,1,1.0,58,115,0.504,0.513,24,45,0.533,31,66,97,11,11,15,21,40,143,OOR,2002
Cedric Henderson,SF,26,12,70,15,31,0.484,2,4,0.5,13,27,0.481,0.516,4,7,0.571,1,2,3,4,6,2,8,4,36,OOR,2002
Grant Hill,SF,29,14,512,83,195,0.426,0,2,0.0,83,193,0.43,0.426,69,80,0.863,29,96,125,64,8,4,37,40,235,OOR,2002
Tyrone Hill,PF,33,26,810,71,182,0.39,0,1,0.0,71,181,0.392,0.39,67,103,0.65,79,195,274,23,17,13,48,102,209,OOR,2002
Fred Hoiberg,SG,29,79,1408,121,291,0.416,24,92,0.261,97,199,0.487,0.457,79,94,0.84,18,192,210,136,61,5,32,87,345,OOR,2002
Robert Horry,PF,31,81,2140,183,460,0.398,76,203,0.374,107,257,0.416,0.48,108,138,0.783,130,349,479,232,77,89,88,208,550,OOR,2002
Eddie House,PG,23,64,1230,209,524,0.399,54,157,0.344,155,367,0.422,0.45,42,49,0.857,17,93,110,123,43,5,80,98,514,OOR,2002
Allan Houston,SG,30,77,2914,568,1301,0.437,136,346,0.393,432,955,0.452,0.489,295,339,0.87,37,215,252,190,54,10,170,182,1567,OOR,2002
Juwan Howard,PF,28,81,2635,462,1005,0.46,0,2,0.0,462,1003,0.461,0.46,261,343,0.761,223,389,612,169,46,47,152,265,1185,OOR,2002
Troy Hudson,PG,25,81,1854,354,815,0.434,66,187,0.353,288,628,0.459,0.475,176,201,0.876,30,115,145,255,57,6,163,119,950,OOR,2002
Larry Hughes,SG,23,73,2049,343,810,0.423,18,93,0.194,325,717,0.453,0.435,191,259,0.737,83,162,245,316,113,23,171,150,895,OOR,2002
Lindsey Hunter,PG,31,82,1616,187,490,0.382,79,208,0.38,108,282,0.383,0.462,20,40,0.5,18,103,121,129,66,19,55,120,473,OOR,2002
Steven Hunter,C,20,53,516,67,147,0.456,0,0,0.0,67,147,0.456,0.456,55,94,0.585,40,57,97,5,5,43,16,81,189,OOR,2002
Zydrunas Ilgauskas,C,26,62,1329,241,567,0.425,0,5,0.0,241,562,0.429,0.425,208,276,0.754,136,198,334,70,17,84,94,187,690,OOR,2002
Allen Iverson,SG,26,60,2622,665,1669,0.398,78,268,0.291,587,1401,0.419,0.422,475,585,0.812,44,225,269,331,168,13,237,102,1883,OOR,2002
Bobby Jackson,PG,28,81,1750,334,754,0.443,79,219,0.361,255,535,0.477,0.495,149,184,0.81,82,169,251,164,73,11,93,145,896,OOR,2002
Jaren Jackson,SG,34,9,144,15,37,0.405,7,20,0.35,8,17,0.471,0.5,2,4,0.5,1,16,17,8,5,0,8,13,39,OOR,2002
Jermaine Jackson,SG,25,24,280,20,42,0.476,1,2,0.5,19,40,0.475,0.488,16,24,0.667,3,24,27,57,9,1,14,24,57,OOR,2002
Jim Jackson,SF,31,55,1825,238,538,0.442,38,81,0.469,200,457,0.438,0.478,75,87,0.862,54,236,290,140,42,14,106,145,589,OOR,2002
Marc Jackson,C,27,39,495,60,164,0.366,0,1,0.0,60,163,0.368,0.366,66,80,0.825,48,80,128,14,11,6,30,69,186,OOR,2002
Mark Jackson,PG,36,82,2367,260,592,0.439,79,195,0.405,181,397,0.456,0.506,87,110,0.791,56,253,309,605,74,1,150,162,686,OOR,2002
Stephen Jackson,SF,23,23,227,34,91,0.374,9,36,0.25,25,55,0.455,0.423,12,17,0.706,3,23,26,11,15,3,23,29,89,OOR,2002
Jerome James,C,26,56,949,134,273,0.491,0,0,0.0,134,273,0.491,0.491,30,60,0.5,89,143,232,24,25,86,74,174,298,OOR,2002
Mike James,PG,26,15,119,15,43,0.349,8,21,0.381,7,22,0.318,0.442,4,7,0.571,2,12,14,19,6,1,13,17,42,OOR,2002
Tim James,SF,25,9,41,5,13,0.385,0,0,0.0,5,13,0.385,0.385,2,6,0.333,5,2,7,1,0,1,3,5,12,OOR,2002
Antawn Jamison,SF,25,82,3033,614,1375,0.447,68,210,0.324,546,1165,0.469,0.471,323,440,0.734,211,345,556,161,70,45,161,187,1619,OOR,2002
Harold Jamison,PF,25,25,176,22,43,0.512,0,0,0.0,22,43,0.512,0.512,10,15,0.667,24,15,39,6,5,1,6,23,54,OOR,2002
Richard Jefferson,SF,21,79,1917,270,591,0.457,13,56,0.232,257,535,0.48,0.468,189,265,0.713,85,208,293,140,64,48,107,211,742,OOR,2002
Anthony Johnson,SG,27,34,366,37,90,0.411,4,12,0.333,33,78,0.423,0.433,16,25,0.64,10,19,29,48,31,1,20,30,94,OOR,2002
Avery Johnson,PG,36,68,1352,207,432,0.479,0,5,0.0,207,427,0.485,0.479,121,163,0.742,14,55,69,286,40,9,76,86,535,OOR,2002
DerMarr Johnson,SF,21,72,1727,214,540,0.396,89,247,0.36,125,293,0.427,0.479,85,105,0.81,59,188,247,81,62,56,102,163,602,OOR,2002
Ervin Johnson,C,34,81,1660,89,193,0.461,0,1,0.0,89,192,0.464,0.461,30,66,0.455,142,324,466,27,37,82,52,219,208,OOR,2002
Joe Johnson,SG,20,77,1916,251,584,0.43,38,130,0.292,213,454,0.469,0.462,41,53,0.774,75,182,257,179,59,20,71,114,581,OOR,2002
Alvin Jones,C,23,23,126,8,20,0.4,0,0,0.0,8,20,0.4,0.4,10,20,0.5,13,23,36,3,3,9,11,35,26,OOR,2002
Damon Jones,PG,25,67,1083,114,284,0.401,69,186,0.371,45,98,0.459,0.523,43,59,0.729,13,90,103,140,23,1,61,83,340,OOR,2002
Eddie Jones,SG,30,81,3156,517,1198,0.432,149,382,0.39,368,816,0.451,0.494,297,355,0.837,61,317,378,262,117,77,148,258,1480,OOR,2002
Jumaine Jones,PF,22,81,2142,287,640,0.448,52,168,0.31,235,472,0.498,0.489,45,68,0.662,125,365,490,116,75,46,79,184,671,OOR,2002
Popeye Jones,PF,31,79,1920,222,508,0.437,4,11,0.364,218,497,0.439,0.441,106,130,0.815,233,345,578,127,50,19,88,209,554,OOR,2002
Michael Jordan,SF,38,60,2093,551,1324,0.416,10,53,0.189,541,1271,0.426,0.42,263,333,0.79,50,289,339,310,85,26,162,119,1375,OOR,2002
Shawn Kemp,PF,32,75,1232,175,407,0.43,0,4,0.0,175,403,0.434,0.43,104,131,0.794,90,198,288,52,43,33,81,184,454,OOR,2002
Steve Kerr,PG,36,65,775,102,217,0.47,26,66,0.394,76,151,0.503,0.53,39,40,0.975,6,54,60,63,13,1,24,49,269,OOR,2002
Jason Kidd,PG,28,82,3056,445,1138,0.391,117,364,0.321,328,774,0.424,0.442,201,247,0.814,130,465,595,808,175,20,286,136,1208,Candidate,2002
Andrei Kirilenko,SF,20,82,2151,285,633,0.45,25,100,0.25,260,533,0.488,0.47,285,371,0.768,149,253,402,94,116,159,108,156,880,OOR,2002
Kerry Kittles,SG,27,82,2601,438,940,0.466,98,242,0.405,340,698,0.487,0.518,128,172,0.744,68,207,275,216,130,31,109,108,1102,OOR,2002
Brevin Knight,PG,26,53,1151,141,334,0.422,2,8,0.25,139,326,0.426,0.425,87,115,0.757,11,98,109,302,79,7,111,135,371,OOR,2002
Travis Knight,C,27,49,429,41,113,0.363,0,0,0.0,41,113,0.363,0.363,16,21,0.762,48,56,104,8,11,10,27,95,98,OOR,2002
Toni Kukoč,SF,33,59,1494,211,504,0.419,53,171,0.31,158,333,0.474,0.471,109,153,0.712,43,175,218,210,48,17,113,91,584,OOR,2002
Christian Laettner,PF,32,57,1441,168,362,0.464,2,10,0.2,166,352,0.472,0.467,66,76,0.868,74,227,301,151,60,25,85,129,404,OOR,2002
Raef LaFrentz,C,25,78,2455,421,920,0.458,104,268,0.388,317,652,0.486,0.514,105,151,0.695,176,403,579,89,55,213,94,281,1051,OOR,2002
Trajan Langdon,SG,25,44,477,70,176,0.398,27,74,0.365,43,102,0.422,0.474,42,46,0.913,13,42,55,60,13,5,40,49,209,OOR,2002
Dan Langhi,SF,24,34,434,49,125,0.392,1,4,0.25,48,121,0.397,0.396,8,11,0.727,22,45,67,14,8,5,9,25,107,OOR,2002
Rusty LaRue,PG,28,33,542,73,185,0.395,17,50,0.34,56,135,0.415,0.441,30,35,0.857,11,38,49,71,17,7,43,58,193,OOR,2002
Voshon Lenard,SG,28,71,1665,315,769,0.41,89,240,0.371,226,529,0.427,0.467,94,120,0.783,38,145,183,130,59,25,91,105,813,OOR,2002
Quincy Lewis,SG,24,36,490,64,143,0.448,3,18,0.167,61,125,0.488,0.458,13,20,0.65,10,33,43,36,23,9,32,89,144,OOR,2002
Rashard Lewis,SF,22,71,2585,455,972,0.468,123,316,0.389,332,656,0.506,0.531,162,200,0.81,139,359,498,123,104,40,97,174,1195,OOR,2002
Randy Livingston,PG,26,13,176,15,54,0.278,1,8,0.125,14,46,0.304,0.287,10,11,0.909,9,16,25,26,9,2,2,11,41,OOR,2002
Art Long,PF,29,63,989,120,244,0.492,0,0,0.0,120,244,0.492,0.492,45,85,0.529,107,144,251,41,22,28,63,180,285,OOR,2002
Grant Long,PF,35,66,1868,164,385,0.426,3,17,0.176,161,368,0.438,0.43,86,123,0.699,31,200,231,136,63,12,103,123,417,OOR,2002
Felipe López,SG,27,67,581,59,156,0.378,14,33,0.424,45,123,0.366,0.423,37,55,0.673,29,51,80,39,18,1,36,73,169,OOR,2002
Tyronn Lue,PG,24,71,1458,222,520,0.427,63,141,0.447,159,379,0.42,0.488,48,63,0.762,14,108,122,246,49,0,96,120,555,OOR,2002
George Lynch,SF,31,45,893,73,198,0.369,1,6,0.167,72,192,0.375,0.371,25,40,0.625,70,116,186,54,40,14,41,75,172,OOR,2002
Todd MacCulloch,C,26,62,1502,247,465,0.531,0,0,0.0,247,465,0.531,0.531,110,164,0.671,157,221,378,78,24,89,66,181,604,OOR,2002
Sam Mack,SF,31,12,159,14,49,0.286,7,28,0.25,7,21,0.333,0.357,5,7,0.714,2,12,14,4,5,1,7,17,40,OOR,2002
Mark Madsen,PF,26,59,650,66,146,0.452,0,2,0.0,66,144,0.458,0.452,35,54,0.648,89,73,162,44,16,13,22,104,167,OOR,2002
Corey Maggette,SG,22,63,1615,235,530,0.443,46,139,0.331,189,391,0.483,0.487,201,251,0.801,54,177,231,112,41,19,116,155,717,OOR,2002
Jamaal Magloire,C,23,82,1549,228,414,0.551,0,1,0.0,228,413,0.552,0.551,243,333,0.73,153,308,461,31,27,86,118,201,699,OOR,2002
Dan Majerle,SG,36,65,1180,99,289,0.343,79,235,0.336,20,54,0.37,0.479,23,39,0.59,28,148,176,90,48,15,35,104,300,OOR,2002
Karl Malone,PF,38,80,3040,635,1399,0.454,9,25,0.36,626,1374,0.456,0.457,509,639,0.797,142,544,686,341,152,59,263,229,1788,OOR,2002
Danny Manning,PF,35,41,552,71,149,0.477,1,7,0.143,70,142,0.493,0.48,22,33,0.667,25,83,108,30,21,21,25,80,165,OOR,2002
Stephon Marbury,PG,24,82,3187,625,1413,0.442,71,248,0.286,554,1165,0.476,0.467,353,452,0.781,75,191,266,666,77,13,284,186,1674,OOR,2002
Shawn Marion,SF,23,81,3109,654,1395,0.469,48,122,0.393,606,1273,0.476,0.486,191,226,0.845,211,592,803,162,149,86,144,214,1547,OOR,2002
Sean Marks,C,26,21,319,38,88,0.432,0,0,0.0,38,88,0.432,0.432,20,34,0.588,19,56,75,8,5,10,19,40,96,OOR,2002
Donny Marshall,SF,29,20,118,8,29,0.276,2,4,0.5,6,25,0.24,0.31,12,18,0.667,8,13,21,5,3,0,2,14,30,OOR,2002
Donyell Marshall,SF,28,58,1750,343,661,0.519,13,42,0.31,330,619,0.533,0.529,160,226,0.708,158,285,443,101,50,67,124,150,859,OOR,2002
Darrick Martin,PG,30,3,22,0,10,0.0,0,2,0.0,0,8,0.0,0.0,1,2,0.5,0,1,1,3,2,0,1,4,1,OOR,2002
Kenyon Martin,PF,24,73,2504,445,962,0.463,15,67,0.224,430,895,0.48,0.47,181,267,0.678,113,275,388,192,90,121,172,261,1086,OOR,2002
Jamal Mashburn,SF,29,40,1601,303,744,0.407,41,112,0.366,262,632,0.415,0.435,211,241,0.876,31,211,242,171,45,6,110,80,858,OOR,2002
Anthony Mason,PF,35,82,3143,316,626,0.505,1,1,1.0,315,625,0.504,0.506,154,221,0.697,124,522,646,346,57,22,130,187,787,OOR,2002
Desmond Mason,SF,24,75,2420,357,769,0.464,16,59,0.271,341,710,0.48,0.475,201,237,0.848,92,259,351,104,67,27,104,170,931,OOR,2002
Tony Massenburg,PF,34,73,1247,159,349,0.456,1,1,1.0,158,348,0.454,0.457,84,117,0.718,100,224,324,26,30,31,65,174,403,OOR,2002
Walter McCarty,PF,27,56,718,80,180,0.444,39,99,0.394,41,81,0.506,0.553,13,19,0.684,32,96,128,41,18,7,22,83,212,OOR,2002
Amal McCaskill,C,28,27,153,20,49,0.408,0,0,0.0,20,49,0.408,0.408,12,26,0.462,16,20,36,4,6,10,14,23,52,OOR,2002
George McCloud,SF,34,69,1830,206,576,0.358,60,222,0.27,146,354,0.412,0.41,132,163,0.81,67,184,251,204,58,19,144,175,604,OOR,2002
Jelani McCoy,C,24,21,104,12,21,0.571,0,0,0.0,12,21,0.571,0.571,2,8,0.25,8,17,25,7,0,5,8,14,26,OOR,2002
Antonio McDyess,PF,27,10,236,43,75,0.573,0,0,0.0,43,75,0.573,0.573,27,33,0.818,18,37,55,18,10,8,20,20,113,OOR,2002
Tracy McGrady,SG,22,76,2912,715,1586,0.451,103,283,0.364,612,1303,0.47,0.483,415,555,0.748,150,447,597,400,119,73,189,139,1948,Candidate,2002
Jeff McInnis,PG,27,81,3030,463,1121,0.413,75,234,0.321,388,887,0.437,0.446,183,219,0.836,45,168,213,500,63,6,147,202,1184,OOR,2002
Derrick McKey,SF,35,41,784,52,122,0.426,5,12,0.417,47,110,0.427,0.447,10,14,0.714,48,79,127,45,41,4,22,90,119,OOR,2002
Aaron McKie,SG,29,48,1471,220,490,0.449,51,128,0.398,169,362,0.467,0.501,96,122,0.787,26,166,192,179,56,14,93,74,587,OOR,2002
Stanislav Medvedenko,C,22,71,729,145,304,0.477,0,4,0.0,145,300,0.483,0.477,41,62,0.661,85,73,158,43,29,11,42,119,331,OOR,2002
Ron Mercer,SG,25,53,1716,311,784,0.397,18,62,0.29,293,722,0.406,0.408,95,119,0.798,50,128,178,128,32,13,88,108,735,OOR,2002
Chris Mihm,C,22,74,1659,221,526,0.42,3,7,0.429,218,519,0.42,0.423,124,179,0.693,133,259,392,24,18,89,97,260,569,OOR,2002
Darius Miles,SF,20,82,2227,309,642,0.481,3,19,0.158,306,623,0.491,0.484,158,255,0.62,109,344,453,184,71,103,160,184,779,OOR,2002
Andre Miller,PG,25,81,3023,474,1045,0.454,22,87,0.253,452,958,0.472,0.464,365,447,0.817,108,271,379,882,126,34,245,228,1335,OOR,2002
Brad Miller,C,25,76,2263,366,733,0.499,3,7,0.429,363,726,0.5,0.501,297,383,0.775,252,369,621,152,76,41,115,244,1032,OOR,2002
Mike Miller,SF,21,63,2123,351,802,0.438,116,303,0.383,235,499,0.471,0.51,138,181,0.762,49,224,273,198,47,23,108,145,956,OOR,2002
Reggie Miller,SG,36,79,2889,414,913,0.453,180,443,0.406,234,470,0.498,0.552,296,325,0.911,23,196,219,253,88,10,120,143,1304,OOR,2002
Chris Mills,SF,32,66,1237,178,427,0.417,48,127,0.378,130,300,0.433,0.473,85,107,0.794,51,139,190,72,31,13,56,120,489,OOR,2002
Sam Mitchell,SF,38,74,726,98,227,0.432,10,35,0.286,88,192,0.458,0.454,38,49,0.776,18,64,82,45,12,4,26,79,244,OOR,2002
Cuttino Mobley,SG,26,74,3116,595,1358,0.438,149,377,0.395,446,981,0.455,0.493,267,314,0.85,63,237,300,187,109,37,180,189,1606,OOR,2002
Nazr Mohammed,C,24,82,2168,329,713,0.461,0,1,0.0,329,712,0.462,0.461,137,222,0.617,242,409,651,33,63,61,118,252,795,OOR,2002
Jérôme Moïso,C,23,15,76,8,20,0.4,0,0,0.0,8,20,0.4,0.4,0,0,0.0,4,21,25,4,3,2,8,12,16,OOR,2002
Eric Montross,C,30,49,655,53,132,0.402,0,1,0.0,53,131,0.405,0.402,10,31,0.323,36,104,140,16,12,23,25,92,116,OOR,2002
Mikki Moore,C,26,30,217,29,61,0.475,1,2,0.5,28,59,0.475,0.484,20,26,0.769,22,31,53,11,7,9,14,35,79,OOR,2002
Terence Morris,SF,23,68,1110,111,289,0.384,15,78,0.192,96,211,0.455,0.41,18,28,0.643,77,134,211,64,21,27,45,72,255,OOR,2002
Hanno Möttölä,C,25,82,1371,169,384,0.44,1,13,0.077,168,371,0.453,0.441,57,76,0.75,81,187,268,50,20,19,70,174,396,OOR,2002
Alonzo Mourning,C,31,75,2455,447,866,0.516,1,3,0.333,446,863,0.517,0.517,283,431,0.657,182,450,632,87,27,186,182,258,1178,OOR,2002
Troy Murphy,PF,21,82,1448,178,423,0.421,3,9,0.333,175,414,0.423,0.424,121,156,0.776,99,223,322,70,36,21,84,217,480,OOR,2002
Lamond Murray,SF,28,71,2312,430,986,0.436,101,238,0.424,329,748,0.44,0.487,215,263,0.817,81,291,372,157,70,43,141,148,1176,OOR,2002
Tracy Murray,SF,30,40,473,85,207,0.411,40,104,0.385,45,103,0.437,0.507,17,21,0.81,18,35,53,19,11,8,25,38,227,OOR,2002
Dikembe Mutombo,C,35,80,2907,321,641,0.501,0,0,0.0,321,641,0.501,0.501,278,364,0.764,254,609,863,83,29,190,156,242,920,OOR,2002
Mamadou N'Diaye,C,26,5,46,6,10,0.6,0,0,0.0,6,10,0.6,0.6,8,10,0.8,6,5,11,0,0,2,1,6,20,OOR,2002
Lee Nailon,SF,26,79,1912,369,764,0.483,1,2,0.5,368,762,0.483,0.484,112,150,0.747,103,188,291,94,59,17,96,175,851,OOR,2002
Eduardo Nájera,PF,25,62,1357,150,300,0.5,0,2,0.0,150,298,0.503,0.5,100,148,0.676,149,193,342,38,56,30,40,156,400,OOR,2002
Steve Nash,PG,27,82,2837,525,1088,0.483,156,343,0.455,369,745,0.495,0.554,260,293,0.887,50,204,254,634,53,4,229,164,1466,OOR,2002
Tyrone Nesby,SF,26,70,1498,183,421,0.435,13,47,0.277,170,374,0.455,0.45,64,93,0.688,105,213,318,91,61,22,49,164,443,OOR,2002
Rasho Nesterović,C,25,82,2218,324,657,0.493,0,1,0.0,324,656,0.494,0.493,39,71,0.549,200,334,534,75,45,109,94,262,687,OOR,2002
Ira Newble,SF,27,42,1273,131,263,0.498,1,7,0.143,130,256,0.508,0.5,75,88,0.852,80,142,222,45,38,20,49,117,338,OOR,2002
Johnny Newman,SF,38,47,724,67,148,0.453,22,57,0.386,45,91,0.495,0.527,42,58,0.724,9,40,49,14,29,4,21,88,198,OOR,2002
Moochie Norris,PG,28,82,2249,251,631,0.398,36,134,0.269,215,497,0.433,0.426,127,169,0.751,73,173,246,403,81,4,156,130,665,OOR,2002
Dirk Nowitzki,C,23,76,2891,600,1258,0.477,139,350,0.397,461,908,0.508,0.532,440,516,0.853,120,635,755,186,83,77,145,222,1779,OOR,2002
Jermaine O'Neal,PF,23,72,2707,543,1133,0.479,1,14,0.071,542,1119,0.484,0.48,284,413,0.688,188,569,757,118,45,166,174,269,1371,OOR,2002
Shaquille O'Neal,C,29,67,2422,712,1229,0.579,0,1,0.0,712,1228,0.58,0.579,398,717,0.555,235,480,715,200,41,137,171,199,1822,Candidate,2002
Charles Oakley,PF,38,57,1383,97,263,0.369,1,6,0.167,96,257,0.374,0.371,21,28,0.75,72,271,343,114,49,11,87,175,216,OOR,2002
Lamar Odom,SF,22,29,999,151,360,0.419,16,84,0.19,135,276,0.489,0.442,61,93,0.656,31,145,176,171,23,36,97,91,379,OOR,2002
Hakeem Olajuwon,C,39,61,1378,194,418,0.464,0,2,0.0,194,416,0.466,0.464,47,84,0.56,98,268,366,66,74,90,98,147,435,OOR,2002
Dean Oliver,PG,23,20,139,17,46,0.37,2,13,0.154,15,33,0.455,0.391,6,9,0.667,0,8,8,21,3,0,11,16,42,OOR,2002
Kevin Ollie,PG,29,81,1723,137,353,0.388,1,2,0.5,136,351,0.387,0.39,187,227,0.824,25,159,184,291,62,2,106,97,462,OOR,2002
Michael Olowokandi,C,26,80,2568,384,886,0.433,0,0,0.0,384,886,0.433,0.433,117,188,0.622,164,547,711,90,55,145,175,217,885,OOR,2002
Greg Ostertag,C,28,74,1107,91,201,0.453,0,0,0.0,91,201,0.453,0.453,63,130,0.485,125,188,313,50,15,109,51,152,245,OOR,2002
Bo Outlaw,PF,30,83,1928,166,299,0.555,1,2,0.5,165,297,0.556,0.557,43,102,0.422,147,217,364,127,70,92,96,205,376,OOR,2002
Doug Overton,PG,32,18,130,14,44,0.318,7,27,0.259,7,17,0.412,0.398,4,7,0.571,1,11,12,13,3,1,12,10,39,OOR,2002
Olumide Oyedeji,C,20,36,221,22,41,0.537,0,0,0.0,22,41,0.537,0.537,11,18,0.611,27,52,79,4,4,2,14,36,55,OOR,2002
Robert Pack,PG,32,16,252,25,68,0.368,1,4,0.25,24,64,0.375,0.375,11,15,0.733,7,16,23,49,13,0,20,32,62,OOR,2002
Scott Padgett,PF,25,75,1295,188,395,0.476,49,113,0.434,139,282,0.493,0.538,75,102,0.735,111,174,285,82,43,13,69,140,500,OOR,2002
Milt Palacio,PG-SG,23,69,790,82,214,0.383,13,41,0.317,69,173,0.399,0.414,54,74,0.73,11,62,73,83,30,4,40,61,231,OOR,2002
Tony Parker,PG,19,77,2267,268,639,0.419,61,189,0.323,207,450,0.46,0.467,108,160,0.675,33,164,197,334,89,7,151,166,705,OOR,2002
Cherokee Parks,C,29,42,234,30,83,0.361,0,0,0.0,30,83,0.361,0.361,3,8,0.375,24,34,58,10,7,8,14,34,63,OOR,2002
Ruben Patterson,SF,26,75,1765,319,619,0.515,9,36,0.25,310,583,0.532,0.523,192,274,0.701,155,143,298,107,79,37,114,140,839,OOR,2002
Gary Payton,PG,33,82,3301,737,1578,0.467,74,236,0.314,663,1342,0.494,0.49,267,335,0.797,80,316,396,737,131,26,209,179,1815,OOR,2002
Anthony Peeler,SG,32,82,2060,288,684,0.421,111,283,0.392,177,401,0.441,0.502,50,58,0.862,37,169,206,177,61,11,76,137,737,OOR,2002
Mike Penberthy,PG,27,3,12,1,2,0.5,0,0,0.0,1,2,0.5,0.5,3,4,0.75,0,2,2,2,2,0,0,0,5,OOR,2002
Elliot Perry,PG,32,2,48,5,10,0.5,0,0,0.0,5,10,0.5,0.5,1,2,0.5,0,4,4,7,3,0,7,6,11,OOR,2002
Wesley Person,SG,30,78,2793,467,944,0.495,143,322,0.444,324,622,0.521,0.57,99,124,0.798,50,244,294,173,77,37,74,93,1176,OOR,2002
Morris Peterson,SF,24,63,1988,336,768,0.438,84,231,0.364,252,537,0.469,0.492,127,169,0.751,91,132,223,153,73,11,86,174,883,OOR,2002
Eric Piatkowski,SG,31,71,1718,207,471,0.439,111,238,0.466,96,233,0.412,0.557,101,113,0.894,43,141,184,112,41,12,64,110,626,OOR,2002
Paul Pierce,SG,24,82,3302,707,1598,0.442,210,520,0.404,497,1078,0.461,0.508,520,643,0.809,81,485,566,261,154,86,241,237,2144,OOR,2002
Scottie Pippen,SF,36,62,1996,246,599,0.411,54,177,0.305,192,422,0.455,0.456,113,146,0.774,77,244,321,363,101,35,171,162,659,OOR,2002
Scot Pollard,C,26,80,1881,197,358,0.55,0,0,0.0,197,358,0.55,0.55,115,166,0.693,188,377,565,53,70,76,68,202,509,OOR,2002
Mark Pope,PF,29,45,426,36,91,0.396,4,25,0.16,32,66,0.485,0.418,11,21,0.524,20,53,73,17,11,11,15,47,87,OOR,2002
Terry Porter,PG,38,72,1294,136,321,0.424,59,142,0.415,77,179,0.43,0.516,68,83,0.819,12,152,164,205,45,16,85,89,399,OOR,2002
James Posey,SF,25,73,2238,277,736,0.376,67,237,0.283,210,499,0.421,0.422,161,203,0.793,109,320,429,180,114,39,127,224,782,OOR,2002
Lavor Postell,SG,23,23,179,28,84,0.333,6,26,0.231,22,58,0.379,0.369,31,41,0.756,2,14,16,5,6,0,11,7,93,OOR,2002
Vitaly Potapenko,C,26,79,1343,137,301,0.455,0,0,0.0,137,301,0.455,0.455,89,120,0.742,167,180,347,30,37,18,63,174,363,OOR,2002
Brent Price,PG,33,20,89,9,27,0.333,4,15,0.267,5,12,0.417,0.407,9,13,0.692,4,4,8,9,3,1,10,13,31,OOR,2002
Joel Przybilla,C,22,71,1128,76,142,0.535,0,1,0.0,76,141,0.539,0.535,38,90,0.422,78,205,283,21,20,118,43,199,190,OOR,2002
Vladimir Radmanović,PF,21,61,1230,146,354,0.412,66,157,0.42,80,197,0.406,0.506,49,72,0.681,45,185,230,81,56,24,72,119,407,OOR,2002
Zach Randolph,PF,20,41,238,48,107,0.449,0,0,0.0,48,107,0.449,0.449,18,27,0.667,31,38,69,13,7,4,15,29,114,OOR,2002
Theo Ratliff,C,28,3,82,10,20,0.5,0,0,0.0,10,20,0.5,0.5,6,11,0.545,5,11,16,1,1,8,7,8,26,OOR,2002
Željko Rebrača,C,29,74,1179,189,374,0.505,0,0,0.0,189,374,0.505,0.505,135,175,0.771,84,206,290,38,28,73,84,192,513,OOR,2002
Eldridge Recasner,PG-SG,34,6,33,2,6,0.333,0,1,0.0,2,5,0.4,0.333,1,1,1.0,0,0,0,5,1,0,1,4,5,OOR,2002
Michael Redd,SG,22,67,1417,294,609,0.483,88,198,0.444,206,411,0.501,0.555,91,115,0.791,77,147,224,91,42,7,57,96,767,OOR,2002
Don Reid,PF,28,68,714,90,190,0.474,0,0,0.0,90,190,0.474,0.474,44,68,0.647,65,111,176,27,20,44,54,180,224,OOR,2002
Glen Rice,SF,34,20,606,65,167,0.389,18,64,0.281,47,103,0.456,0.443,24,30,0.8,5,42,47,31,12,3,24,34,172,OOR,2002
Jason Richardson,SG,21,80,2629,464,1090,0.426,82,246,0.333,382,844,0.453,0.463,141,210,0.671,124,216,340,236,106,31,160,195,1151,OOR,2002
Norm Richardson,SG,22,11,67,10,26,0.385,4,8,0.5,6,18,0.333,0.462,6,9,0.667,3,5,8,2,0,0,3,5,30,OOR,2002
Quentin Richardson,SG,21,81,2152,400,926,0.432,133,349,0.381,267,577,0.463,0.504,143,187,0.765,113,221,334,128,78,21,102,142,1076,OOR,2002
Mitch Richmond,SG,36,64,709,100,247,0.405,18,62,0.29,82,185,0.443,0.441,42,44,0.955,14,80,94,57,18,6,40,61,260,OOR,2002
Isaiah Rider,SG,30,10,173,37,81,0.457,6,15,0.4,31,66,0.47,0.494,13,17,0.765,10,23,33,12,3,2,14,11,93,OOR,2002
Clifford Robinson,PF,35,80,2855,454,1069,0.425,115,304,0.378,339,765,0.443,0.478,143,206,0.694,79,307,386,202,89,95,151,243,1166,OOR,2002
David Robinson,C,36,78,2303,341,672,0.507,0,0,0.0,341,672,0.507,0.507,269,395,0.681,191,456,647,94,86,140,104,193,951,OOR,2002
Eddie Robinson,SF,25,29,653,112,247,0.453,2,5,0.4,110,242,0.455,0.457,36,48,0.75,24,54,78,37,23,11,36,35,262,OOR,2002
Glenn Robinson,SF,29,66,2346,536,1147,0.467,58,178,0.326,478,969,0.493,0.493,236,282,0.837,70,336,406,168,97,41,174,173,1366,OOR,2002
Larry Robinson,SG,34,2,10,1,4,0.25,1,2,0.5,0,2,0.0,0.375,0,0,0.0,0,2,2,0,0,0,0,1,3,OOR,2002
Carlos Rogers,C,30,22,168,24,43,0.558,1,6,0.167,23,37,0.622,0.57,10,19,0.526,14,24,38,3,5,6,5,17,59,OOR,2002
Rodney Rogers,SF,30,77,1880,356,756,0.471,88,235,0.374,268,521,0.514,0.529,117,149,0.785,129,219,348,112,66,29,108,226,917,OOR,2002
Sean Rooks,C,32,61,728,81,194,0.418,0,0,0.0,81,194,0.418,0.418,21,29,0.724,32,92,124,25,12,21,20,114,183,OOR,2002
Jalen Rose,SF,29,83,3153,663,1458,0.455,89,246,0.362,574,1212,0.474,0.485,281,335,0.839,43,330,373,355,78,45,201,251,1696,OOR,2002
Malik Rose,PF,27,82,1725,293,633,0.463,1,12,0.083,292,621,0.47,0.464,185,257,0.72,172,320,492,61,70,42,140,208,772,OOR,2002
Michael Ruffin,PF,25,15,169,7,26,0.269,0,0,0.0,7,26,0.269,0.269,2,8,0.25,23,28,51,5,5,8,11,23,16,OOR,2002
Bryon Russell,SG,31,66,1998,222,584,0.38,77,226,0.341,145,358,0.405,0.446,115,140,0.821,79,216,295,136,64,19,110,205,636,OOR,2002
Daniel Santiago,C,25,3,24,4,8,0.5,0,0,0.0,4,8,0.5,0.5,0,0,0.0,0,7,7,2,0,1,2,4,8,OOR,2002
Jeryl Sasser,SG,22,7,36,3,14,0.214,0,0,0.0,3,14,0.214,0.214,4,5,0.8,3,4,7,2,3,0,2,3,10,OOR,2002
Kenny Satterfield,PG,20,36,560,73,199,0.367,7,27,0.259,66,172,0.384,0.384,36,46,0.783,17,35,52,108,31,1,53,43,189,OOR,2002
Brian Scalabrine,PF,23,28,290,23,67,0.343,3,10,0.3,20,57,0.351,0.366,11,15,0.733,12,39,51,21,9,2,24,39,60,OOR,2002
Shawnelle Scott,C,29,21,252,37,75,0.493,0,0,0.0,37,75,0.493,0.493,8,20,0.4,53,50,103,8,3,6,15,49,82,OOR,2002
Ansu Sesay,SF,25,9,142,22,44,0.5,0,0,0.0,22,44,0.5,0.5,14,20,0.7,7,13,20,8,3,2,2,18,58,OOR,2002
Brian Shaw,PG,35,58,631,61,173,0.353,29,88,0.33,32,85,0.376,0.436,18,26,0.692,19,93,112,89,25,3,32,43,169,OOR,2002
Bobby Simmons,SF,21,30,343,43,95,0.453,4,14,0.286,39,81,0.481,0.474,22,30,0.733,25,27,52,17,13,5,14,31,112,OOR,2002
Dickey Simpkins,PF,29,1,3,0,0,0.0,0,0,0.0,0,0,0.0,0.0,0,0,0.0,0,0,0,1,0,0,0,0,0,OOR,2002
Brian Skinner,PF,25,65,1107,88,162,0.543,0,0,0.0,88,162,0.543,0.543,48,79,0.608,93,188,281,17,24,61,42,130,224,OOR,2002
Reggie Slater,PF,31,8,47,7,15,0.467,0,0,0.0,7,15,0.467,0.467,7,10,0.7,5,4,9,1,1,1,1,3,21,OOR,2002
Charles Smith,SG,26,60,1141,182,428,0.425,35,131,0.267,147,297,0.495,0.466,42,65,0.646,34,99,133,80,52,44,59,114,441,OOR,2002
Jabari Smith,C,24,23,181,26,63,0.413,0,3,0.0,26,60,0.433,0.413,21,32,0.656,8,20,28,11,6,6,5,31,73,OOR,2002
Joe Smith,C,26,72,1922,297,581,0.511,2,3,0.667,295,578,0.51,0.513,171,206,0.83,152,301,453,82,39,59,86,250,767,OOR,2002
Leon Smith,C,21,14,100,10,26,0.385,0,0,0.0,10,26,0.385,0.385,11,17,0.647,10,21,31,3,5,1,3,12,31,OOR,2002
Steve Smith,SG,32,77,2211,310,682,0.455,116,246,0.472,194,436,0.445,0.54,159,181,0.878,45,148,193,151,54,15,108,158,895,OOR,2002
Eric Snow,PG,28,61,2225,276,624,0.442,3,27,0.111,273,597,0.457,0.445,183,227,0.806,33,182,215,400,95,9,138,167,738,OOR,2002
Will Solomon,SG,23,62,872,113,331,0.341,46,162,0.284,67,169,0.396,0.411,49,73,0.671,12,56,68,92,35,7,62,76,321,OOR,2002
Felton Spencer,C,34,32,248,6,26,0.231,0,0,0.0,6,26,0.231,0.231,17,33,0.515,16,34,50,3,7,8,12,73,29,OOR,2002
Latrell Sprewell,SF,31,81,3326,573,1419,0.404,145,403,0.36,428,1016,0.421,0.455,284,346,0.821,59,239,298,313,94,14,223,161,1575,OOR,2002
Jerry Stackhouse,SF,27,76,2685,524,1319,0.397,86,300,0.287,438,1019,0.43,0.43,495,577,0.858,77,238,315,403,77,37,266,163,1629,OOR,2002
John Starks,SG,36,66,929,114,310,0.368,29,95,0.305,85,215,0.395,0.415,33,41,0.805,15,53,68,70,33,0,52,126,290,OOR,2002
Vladimir Stepania,C,25,67,884,117,249,0.47,1,2,0.5,116,247,0.47,0.472,50,104,0.481,100,170,270,16,24,44,52,103,285,OOR,2002
DeShawn Stevenson,SG,20,67,1134,143,371,0.385,2,25,0.08,141,346,0.408,0.388,37,53,0.698,44,87,131,116,29,24,68,82,325,OOR,2002
Michael Stewart,C,26,11,93,8,23,0.348,0,0,0.0,8,23,0.348,0.348,6,11,0.545,12,13,25,3,4,3,4,22,22,OOR,2002
Bryant Stith,SG,31,50,665,70,188,0.372,24,68,0.353,46,120,0.383,0.436,44,52,0.846,20,65,85,42,29,6,30,42,208,OOR,2002
John Stockton,PG,39,82,2566,401,775,0.517,25,78,0.321,376,697,0.539,0.534,275,321,0.857,59,204,263,674,152,24,208,209,1102,OOR,2002
Peja Stojaković,SF,24,71,2649,547,1130,0.484,129,310,0.416,418,820,0.51,0.541,283,323,0.876,72,301,373,175,81,14,140,120,1506,OOR,2002
Damon Stoudamire,PG,28,75,2796,369,918,0.402,104,295,0.353,265,623,0.425,0.459,174,196,0.888,78,214,292,490,67,7,149,153,1016,OOR,2002
Erick Strickland,PG,28,79,1643,190,488,0.389,95,247,0.385,95,241,0.394,0.487,131,155,0.845,22,191,213,184,56,1,94,145,606,OOR,2002
Mark Strickland,SF,31,46,654,91,204,0.446,1,4,0.25,90,200,0.45,0.449,25,44,0.568,41,90,131,20,19,17,28,48,208,OOR,2002
Rod Strickland,PG,35,76,2294,316,714,0.443,8,26,0.308,308,688,0.448,0.448,154,201,0.766,49,183,232,463,82,11,159,114,794,OOR,2002
Bruno Šundov,C,21,22,88,16,40,0.4,0,1,0.0,16,39,0.41,0.4,0,2,0.0,7,14,21,3,3,3,4,16,32,OOR,2002
Bob Sura,PG,28,78,1780,250,590,0.424,42,133,0.316,208,457,0.455,0.459,236,328,0.72,89,167,256,275,88,17,133,160,778,OOR,2002
Stromile Swift,PF,22,68,1805,293,611,0.48,0,3,0.0,293,608,0.482,0.48,217,305,0.711,161,269,430,50,53,113,122,178,803,OOR,2002
Wally Szczerbiak,SF,24,82,3117,609,1200,0.508,87,191,0.455,522,1009,0.517,0.544,226,272,0.831,120,271,391,257,66,21,181,188,1531,OOR,2002
Jason Terry,SG,24,78,2967,524,1219,0.43,172,444,0.387,352,775,0.454,0.5,284,340,0.835,40,230,270,444,144,13,181,156,1504,OOR,2002
Etan Thomas,C,23,47,618,81,151,0.536,0,0,0.0,81,151,0.536,0.536,41,74,0.554,55,126,181,6,17,35,26,76,203,OOR,2002
Kenny Thomas,PF,24,72,2484,396,829,0.478,0,16,0.0,396,813,0.487,0.478,223,336,0.664,158,358,516,137,85,66,143,195,1015,OOR,2002
Kurt Thomas,C,29,82,2771,463,938,0.494,1,6,0.167,462,932,0.496,0.494,216,265,0.815,214,533,747,87,71,79,153,341,1143,OOR,2002
Tim Thomas,SF,24,74,1987,316,753,0.42,95,291,0.326,221,462,0.478,0.483,142,179,0.793,64,236,300,105,65,32,127,200,869,OOR,2002
Jamaal Tinsley,PG,23,80,2442,289,760,0.38,42,175,0.24,247,585,0.422,0.408,131,186,0.704,78,220,298,647,138,40,270,248,751,OOR,2002
Óscar Torres,SG,25,65,1075,135,341,0.396,37,126,0.294,98,215,0.456,0.45,82,105,0.781,47,75,122,40,25,9,49,64,389,OOR,2002
Robert Traylor,PF,24,61,678,87,204,0.426,1,1,1.0,86,203,0.424,0.429,53,84,0.631,67,120,187,37,24,37,45,127,228,OOR,2002
Gary Trent,PF,27,64,1140,193,381,0.507,0,2,0.0,193,379,0.509,0.507,92,144,0.639,104,166,270,60,21,27,58,160,478,OOR,2002
Jeff Trepagnier,SG,22,12,77,7,23,0.304,0,1,0.0,7,22,0.318,0.304,4,7,0.571,3,9,12,12,8,4,11,8,18,OOR,2002
Jake Tsakalidis,C,22,67,1582,190,400,0.475,0,1,0.0,190,399,0.476,0.475,111,159,0.698,130,244,374,23,23,69,78,193,491,OOR,2002
Hedo Türkoğlu,SF,22,80,1970,290,687,0.422,63,171,0.368,227,516,0.44,0.468,167,230,0.726,63,300,363,163,57,31,81,184,810,OOR,2002
Nick Van Exel,PG-SG,30,72,2496,501,1226,0.409,119,350,0.34,382,876,0.436,0.457,201,251,0.801,28,226,254,478,44,11,156,104,1322,OOR,2002
Keith Van Horn,SF,26,81,2465,471,1089,0.433,101,293,0.345,370,796,0.465,0.479,156,195,0.8,137,472,609,164,63,42,146,221,1199,OOR,2002
Ratko Varda,C,22,1,6,2,3,0.667,0,0,0.0,2,3,0.667,0.667,1,1,1.0,0,1,1,0,0,0,1,3,5,OOR,2002
Jacque Vaughn,PG,26,82,1856,206,438,0.47,24,54,0.444,182,384,0.474,0.498,104,126,0.825,18,150,168,349,65,2,112,183,540,OOR,2002
Jake Voskuhl,C,24,59,900,107,193,0.554,0,0,0.0,107,193,0.554,0.554,82,109,0.752,103,147,250,18,11,23,48,139,296,OOR,2002
Antoine Walker,PF,25,81,3406,666,1689,0.394,222,645,0.344,444,1044,0.425,0.46,240,324,0.741,150,564,714,407,122,38,251,237,1794,OOR,2002
Samaki Walker,PF,25,69,1655,187,365,0.512,0,0,0.0,187,365,0.512,0.512,86,129,0.667,129,352,481,64,28,88,53,170,460,OOR,2002
Ben Wallace,C,27,80,2921,255,480,0.531,0,3,0.0,255,477,0.535,0.531,99,234,0.423,318,721,1039,115,138,278,70,178,609,OOR,2002
Gerald Wallace,SF,19,54,430,75,175,0.429,0,7,0.0,75,168,0.446,0.429,23,46,0.5,49,40,89,27,19,6,22,46,173,OOR,2002
John Wallace,SF,27,46,490,93,214,0.435,5,13,0.385,88,201,0.438,0.446,40,46,0.87,27,58,85,29,11,9,29,60,231,OOR,2002
Rasheed Wallace,PF,27,79,2963,603,1287,0.469,114,317,0.36,489,970,0.504,0.513,201,274,0.734,136,509,645,152,101,101,131,212,1521,OOR,2002
Charlie Ward,PG,31,63,1058,113,303,0.373,53,164,0.323,60,139,0.432,0.46,47,58,0.81,15,112,127,203,68,14,75,100,326,OOR,2002
Earl Watson,PG,22,64,964,96,212,0.453,16,44,0.364,80,168,0.476,0.491,23,36,0.639,31,52,83,125,60,5,51,93,231,OOR,2002
Clarence Weatherspoon,PF,31,56,1728,189,452,0.418,0,0,0.0,189,452,0.418,0.418,116,146,0.795,149,311,460,60,37,48,47,132,494,OOR,2002
Chris Webber,PF,28,54,2071,532,1075,0.495,5,19,0.263,527,1056,0.499,0.497,253,338,0.749,150,396,546,258,90,76,158,181,1322,OOR,2002
Bonzi Wells,SG,25,74,2348,487,1039,0.469,66,172,0.384,421,867,0.486,0.5,215,290,0.741,121,323,444,204,113,25,191,208,1255,OOR,2002
David Wesley,SG,31,67,2487,364,910,0.4,85,256,0.332,279,654,0.427,0.447,138,188,0.734,44,99,143,236,74,15,119,147,951,OOR,2002
Jahidi White,C,25,71,1346,150,279,0.538,0,0,0.0,150,279,0.538,0.538,83,154,0.539,159,285,444,17,25,75,65,163,383,OOR,2002
Rodney White,SF,21,16,129,21,60,0.35,2,9,0.222,19,51,0.373,0.367,12,14,0.857,2,16,18,12,9,2,14,6,56,OOR,2002
Chris Whitney,PG,30,82,2171,274,656,0.418,131,323,0.406,143,333,0.429,0.518,154,175,0.88,11,141,152,314,72,6,85,182,833,OOR,2002
Aaron Williams,PF,30,82,1546,231,439,0.526,0,2,0.0,231,437,0.529,0.526,130,186,0.699,115,224,339,77,29,76,79,212,592,OOR,2002
Alvin Williams,PG,27,82,2927,403,971,0.415,62,193,0.321,341,778,0.438,0.447,103,140,0.736,58,223,281,468,135,26,150,191,971,OOR,2002
Eric Williams,SF,29,74,1747,144,385,0.374,24,86,0.279,120,299,0.401,0.405,160,219,0.731,58,163,221,109,77,8,95,179,472,OOR,2002
Jason Williams,PG,26,65,2236,376,985,0.382,127,430,0.295,249,555,0.449,0.446,80,101,0.792,22,173,195,519,111,7,214,102,959,OOR,2002
Jerome Williams,PF,28,68,1641,190,388,0.49,0,0,0.0,190,388,0.49,0.49,138,204,0.676,165,221,386,75,78,25,68,153,518,OOR,2002
Monty Williams,SF,30,68,1284,198,362,0.547,0,4,0.0,198,358,0.553,0.547,88,134,0.657,80,155,235,96,49,17,86,134,484,OOR,2002
Scott Williams,PF,33,41,737,86,217,0.396,0,2,0.0,86,215,0.4,0.396,30,41,0.732,82,127,209,13,17,33,35,98,202,OOR,2002
Shammond Williams,SG,26,50,603,81,193,0.42,28,75,0.373,53,118,0.449,0.492,31,39,0.795,16,47,63,83,21,2,35,35,221,OOR,2002
Walt Williams,SF,31,48,1117,166,396,0.419,78,183,0.426,88,213,0.413,0.518,40,51,0.784,37,125,162,69,18,10,53,106,450,OOR,2002
Corliss Williamson,SF,28,78,1701,411,806,0.51,1,5,0.2,410,801,0.512,0.511,240,298,0.805,117,202,319,94,49,26,137,226,1063,OOR,2002
Kevin Willis,PF,39,52,865,125,284,0.44,0,1,0.0,125,283,0.442,0.44,65,87,0.747,105,194,299,14,25,23,41,98,315,OOR,2002
Loren Woods,C,23,60,516,33,96,0.344,0,2,0.0,33,94,0.351,0.344,44,60,0.733,46,76,122,22,17,34,36,60,110,OOR,2002
Metta World Peace,SF,22,55,1642,269,636,0.423,53,170,0.312,216,466,0.464,0.465,136,204,0.667,73,198,271,127,141,39,118,217,727,OOR,2002
Lorenzen Wright,C,26,43,1251,223,486,0.459,0,2,0.0,223,484,0.461,0.459,70,123,0.569,130,275,405,44,30,23,72,126,516,OOR,2002
Wang Zhizhi,C,24,55,600,109,248,0.44,48,116,0.414,61,132,0.462,0.536,42,57,0.737,19,92,111,22,11,18,25,84,308,OOR,2002
