Player,Pos,Age,G,MP,FG,FGA,FG%,3P,3PA,3P%,2P,2PA,2P%,eFG%,FT,FTA,FT%,ORB,DRB,TRB,AST,STL,BLK,TOV,PF,PTS,Status,Season
Shareef Abdur-Rahim,PF,29,72,1961,332,632,0.525,5,22,0.227,327,610,0.536,0.529,218,278,0.784,106,251,357,149,48,42,108,227,887,OOR,2006
Alex Acker,SG,23,5,35,4,16,0.25,1,5,0.2,3,11,0.273,0.281,0,0,0.0,1,4,5,4,1,0,4,4,9,OOR,2006
Malik Allen,PF,27,54,701,121,247,0.49,1,1,1.0,120,246,0.488,0.492,23,38,0.605,44,96,140,20,14,16,34,92,266,OOR,2006
Ray Allen,SG,30,78,3022,681,1500,0.454,269,653,0.412,412,847,0.486,0.544,324,359,0.903,71,261,332,286,105,16,188,151,1955,OOR,2006
Tony Allen,PG,24,51,978,129,274,0.471,11,34,0.324,118,240,0.492,0.491,100,134,0.746,32,79,111,67,51,18,67,126,369,OOR,2006
Rafer Alston,PG,29,63,2431,280,738,0.379,102,312,0.327,178,426,0.418,0.449,99,143,0.692,36,219,255,425,101,15,157,194,761,OOR,2006
Chris Andersen,C,27,32,570,56,98,0.571,0,0,0.0,56,98,0.571,0.571,49,103,0.476,61,94,155,6,8,41,26,84,161,OOR,2006
Alan Anderson,SF,23,36,564,75,181,0.414,24,58,0.414,51,123,0.415,0.481,33,41,0.805,23,47,70,32,11,4,32,48,207,OOR,2006
Derek Anderson,SG,31,43,1047,108,303,0.356,40,134,0.299,68,169,0.402,0.422,93,111,0.838,21,122,143,101,23,6,54,98,349,OOR,2006
Shandon Anderson,SF,32,48,638,54,126,0.429,5,19,0.263,49,107,0.458,0.448,13,18,0.722,18,63,81,30,17,6,24,75,126,OOR,2006
Martynas Andriuškevičius,C,19,6,9,0,1,0.0,0,0,0.0,0,1,0.0,0.0,0,0,0.0,1,3,4,0,2,0,0,1,0,OOR,2006
Carmelo Anthony,SF,21,80,2941,756,1572,0.481,37,152,0.243,719,1420,0.506,0.493,573,709,0.808,122,272,394,216,88,42,218,229,2122,OOR,2006
Rafael Araújo,C,25,52,601,53,145,0.366,0,1,0.0,53,144,0.368,0.366,15,28,0.536,43,101,144,15,24,6,42,104,121,OOR,2006
Gilbert Arenas,PG,24,80,3384,746,1668,0.447,199,540,0.369,547,1128,0.485,0.507,655,799,0.82,59,221,280,484,161,25,297,286,2346,OOR,2006
Trevor Ariza,SF,20,57,999,93,226,0.412,1,5,0.2,92,221,0.416,0.414,77,127,0.606,78,140,218,61,57,11,62,100,264,OOR,2006
Darrell Armstrong,PG,37,62,622,43,128,0.336,11,48,0.229,32,80,0.4,0.379,33,42,0.786,18,63,81,86,27,3,58,71,130,OOR,2006
Carlos Arroyo,PG-SG,26,77,1194,168,378,0.444,7,20,0.35,161,358,0.45,0.454,106,137,0.774,33,97,130,232,38,4,83,119,449,OOR,2006
Chucky Atkins,PG-SG,31,71,1713,226,573,0.394,97,274,0.354,129,299,0.431,0.479,129,163,0.791,23,97,120,198,43,2,87,152,678,OOR,2006
Stacey Augmon,SF,37,36,385,25,73,0.342,0,0,0.0,25,73,0.342,0.342,21,30,0.7,18,35,53,23,12,6,11,40,71,OOR,2006
Vin Baker,C,34,8,85,7,15,0.467,0,0,0.0,7,15,0.467,0.467,13,18,0.722,2,17,19,4,4,4,9,13,27,OOR,2006
Marcus Banks,PG,24,58,1497,219,468,0.468,22,63,0.349,197,405,0.486,0.491,118,147,0.803,23,112,135,220,54,11,119,162,578,OOR,2006
Leandro Barbosa,SG,23,57,1592,273,567,0.481,87,196,0.444,186,371,0.501,0.558,111,147,0.755,31,119,150,158,48,6,89,145,744,OOR,2006
Matt Barnes,PF-SF,25,56,631,70,140,0.5,3,15,0.2,67,125,0.536,0.511,32,47,0.681,48,73,121,28,20,7,30,100,175,OOR,2006
Andre Barrett,PG,23,19,282,38,104,0.365,2,14,0.143,36,90,0.4,0.375,9,12,0.75,9,16,25,52,10,0,15,13,87,OOR,2006
Earl Barron,C,24,8,45,5,16,0.313,0,0,0.0,5,16,0.313,0.313,3,4,0.75,2,8,10,0,0,0,5,10,13,OOR,2006
Brent Barry,SG,34,74,1259,156,345,0.452,80,202,0.396,76,143,0.531,0.568,39,59,0.661,29,130,159,123,39,27,52,99,431,OOR,2006
Jon Barry,SG,36,20,342,25,65,0.385,12,32,0.375,13,33,0.394,0.477,24,29,0.828,1,30,31,26,13,1,22,25,86,OOR,2006
Eddie Basden,SF,22,19,141,15,37,0.405,1,7,0.143,14,30,0.467,0.419,8,10,0.8,7,21,28,8,9,2,9,17,39,OOR,2006
Brandon Bass,PF,20,29,268,28,70,0.4,0,0,0.0,28,70,0.4,0.4,12,19,0.632,18,50,68,3,3,7,11,18,68,OOR,2006
Esteban Batista,PF,22,57,495,34,80,0.425,0,1,0.0,34,79,0.43,0.425,33,53,0.623,61,83,144,7,15,11,38,111,101,OOR,2006
Tony Battie,C,29,82,2215,280,552,0.507,0,6,0.0,280,546,0.513,0.507,89,134,0.664,145,312,457,49,46,69,88,250,649,OOR,2006
Shane Battier,SF,27,81,2839,303,621,0.488,65,165,0.394,238,456,0.522,0.54,147,208,0.707,164,265,429,136,92,114,90,223,818,OOR,2006
Lonny Baxter,C-PF,27,41,400,45,104,0.433,0,0,0.0,45,104,0.433,0.433,28,35,0.8,45,72,117,4,11,8,20,56,118,OOR,2006
Charlie Bell,SG,26,59,1283,180,410,0.439,71,168,0.423,109,242,0.45,0.526,63,89,0.708,21,99,120,130,59,5,41,126,494,OOR,2006
Raja Bell,SG,29,79,2959,425,930,0.457,197,446,0.442,228,484,0.471,0.563,115,146,0.788,44,209,253,207,76,22,89,248,1162,OOR,2006
Jonathan Bender,SF,25,2,21,4,5,0.8,0,0,0.0,4,5,0.8,0.8,2,2,1.0,0,4,4,2,0,1,0,2,10,OOR,2006
Mike Bibby,PG,27,82,3167,597,1382,0.432,192,497,0.386,405,885,0.458,0.501,342,403,0.849,29,211,240,444,82,10,199,169,1728,OOR,2006
Andris Biedriņš,C,19,68,1000,118,185,0.638,0,0,0.0,118,185,0.638,0.638,22,72,0.306,124,159,283,24,23,47,34,190,258,OOR,2006
Chauncey Billups,PG,29,81,2925,423,1012,0.418,184,425,0.433,239,587,0.407,0.509,465,520,0.894,41,211,252,699,71,8,170,160,1495,Candidate,2006
Steve Blake,PG,25,68,1781,206,470,0.438,76,184,0.413,130,286,0.455,0.519,72,91,0.791,26,120,146,306,42,5,83,107,560,OOR,2006
Andray Blatche,PF,19,29,175,26,67,0.388,3,13,0.231,23,54,0.426,0.41,10,12,0.833,12,26,38,10,5,7,12,36,65,OOR,2006
Mark Blount,C,30,81,2240,373,734,0.508,0,0,0.0,373,734,0.508,0.508,168,222,0.757,96,269,365,99,40,76,194,254,914,OOR,2006
Keith Bogans,SG-SF,25,72,1912,215,544,0.395,65,200,0.325,150,344,0.436,0.455,127,186,0.683,55,200,255,128,71,9,90,167,622,OOR,2006
Andrew Bogut,PF,21,82,2348,323,606,0.533,0,3,0.0,323,603,0.536,0.533,122,194,0.629,189,384,573,192,49,68,125,259,768,OOR,2006
Matt Bonner,PF,25,78,1710,209,467,0.448,102,243,0.42,107,224,0.478,0.557,63,76,0.829,86,198,284,56,49,31,32,216,583,OOR,2006
Calvin Booth,C,29,33,250,20,47,0.426,1,2,0.5,19,45,0.422,0.436,5,9,0.556,19,33,52,12,9,9,8,44,46,OOR,2006
Carlos Boozer,PF,24,33,1025,219,399,0.549,0,0,0.0,219,399,0.549,0.549,99,137,0.723,73,212,285,88,30,8,69,105,537,OOR,2006
Chris Bosh,C,21,70,2751,549,1087,0.505,0,13,0.0,549,1074,0.511,0.505,474,581,0.816,204,443,647,181,50,79,157,209,1572,OOR,2006
Bruce Bowen,SF,34,82,2755,232,536,0.433,104,245,0.424,128,291,0.44,0.53,51,84,0.607,35,285,320,126,79,30,67,191,619,OOR,2006
Ryan Bowen,SF,30,68,652,37,124,0.298,3,22,0.136,34,102,0.333,0.31,11,14,0.786,31,57,88,24,21,6,13,85,88,OOR,2006
Earl Boykins,PG,29,60,1542,271,661,0.41,62,179,0.346,209,482,0.434,0.457,152,174,0.874,21,60,81,230,48,4,83,73,756,OOR,2006
Michael Bradley,PF,26,46,367,32,79,0.405,1,5,0.2,31,74,0.419,0.411,2,3,0.667,40,67,107,17,5,7,19,39,67,OOR,2006
Elton Brand,PF,26,79,3099,756,1435,0.527,1,3,0.333,755,1432,0.527,0.527,440,568,0.775,236,554,790,208,81,201,173,227,1953,OOR,2006
Primož Brezec,C,26,79,2165,409,791,0.517,0,2,0.0,409,789,0.518,0.517,164,224,0.732,181,259,440,45,19,32,85,227,982,OOR,2006
Devin Brown,SG,27,81,1711,207,527,0.393,39,118,0.331,168,409,0.411,0.43,158,212,0.745,73,134,207,104,44,14,99,153,611,OOR,2006
Kwame Brown,C,23,72,1978,204,388,0.526,0,1,0.0,204,387,0.527,0.526,128,235,0.545,182,291,473,72,27,46,100,196,536,OOR,2006
P.J. Brown,C,36,75,2380,269,583,0.461,0,0,0.0,269,583,0.461,0.461,139,168,0.827,182,365,547,90,46,50,90,216,677,OOR,2006
Rick Brunson,PG,33,27,246,21,54,0.389,5,13,0.385,16,41,0.39,0.435,7,12,0.583,1,21,22,35,8,1,22,22,54,OOR,2006
Kobe Bryant,SG,27,80,3277,978,2173,0.45,180,518,0.347,798,1655,0.482,0.491,696,819,0.85,71,354,425,360,147,30,250,233,2832,Candidate,2006
Greg Buckner,SG,29,73,1758,181,417,0.434,86,243,0.354,95,174,0.546,0.537,43,55,0.782,31,178,209,127,87,20,52,180,491,OOR,2006
Pat Burke,C,32,42,346,63,127,0.496,2,7,0.286,61,120,0.508,0.504,13,21,0.619,21,52,73,16,6,13,33,62,141,OOR,2006
Antonio Burks,PG,25,57,570,51,144,0.354,1,6,0.167,50,138,0.362,0.358,10,23,0.435,4,33,37,76,20,0,36,45,113,OOR,2006
Kevin Burleson,PG,26,39,340,22,88,0.25,10,54,0.185,12,34,0.353,0.307,16,17,0.941,4,22,26,48,26,2,25,63,70,OOR,2006
Caron Butler,SF,25,75,2708,494,1086,0.455,41,120,0.342,453,966,0.469,0.474,289,332,0.87,114,352,466,186,127,18,175,238,1318,OOR,2006
Jackie Butler,C,20,55,740,117,215,0.544,0,0,0.0,117,215,0.544,0.544,58,77,0.753,67,116,183,25,17,31,62,127,292,OOR,2006
Rasual Butler,SF,26,79,1875,257,633,0.406,92,242,0.38,165,391,0.422,0.479,79,114,0.693,51,181,232,40,33,45,65,142,685,OOR,2006
Andrew Bynum,C,18,46,338,33,82,0.402,0,0,0.0,33,82,0.402,0.402,8,27,0.296,34,46,80,9,4,22,17,56,74,OOR,2006
Will Bynum,PG,23,15,162,21,52,0.404,2,9,0.222,19,43,0.442,0.423,10,16,0.625,3,9,12,19,7,0,14,10,54,OOR,2006
Žarko Čabarkapa,PF,24,61,505,67,174,0.385,5,20,0.25,62,154,0.403,0.399,60,84,0.714,37,74,111,20,13,7,35,87,199,OOR,2006
José Calderón,SG,24,64,1487,132,312,0.423,7,43,0.163,125,269,0.465,0.434,78,92,0.848,30,111,141,288,42,4,101,93,349,OOR,2006
Marcus Camby,C,31,56,1857,302,649,0.465,1,11,0.091,301,638,0.472,0.466,111,156,0.712,132,536,668,115,79,184,92,158,716,OOR,2006
Brian Cardinal,PF,28,36,402,46,111,0.414,13,29,0.448,33,82,0.402,0.473,19,27,0.704,11,44,55,33,23,0,27,65,124,OOR,2006
Matt Carroll,SG,25,78,1275,192,476,0.403,72,185,0.389,120,291,0.412,0.479,138,168,0.821,34,123,157,35,47,11,48,120,594,OOR,2006
Anthony Carter,PG,30,45,589,53,137,0.387,4,15,0.267,49,122,0.402,0.401,40,55,0.727,9,53,62,101,24,9,40,71,150,OOR,2006
Vince Carter,SG,29,79,2906,653,1518,0.43,125,367,0.341,528,1151,0.459,0.471,480,601,0.799,135,327,462,338,94,53,213,235,1911,OOR,2006
Sam Cassell,PG,36,78,2653,493,1112,0.443,70,190,0.368,423,922,0.459,0.475,289,335,0.863,40,247,287,491,74,11,175,225,1345,OOR,2006
Kelvin Cato,C,31,27,333,36,84,0.429,0,0,0.0,36,84,0.429,0.429,26,35,0.743,20,50,70,4,6,12,18,52,98,OOR,2006
Tyson Chandler,C,23,79,2121,160,283,0.565,0,1,0.0,160,282,0.567,0.565,97,193,0.503,265,449,714,81,41,104,123,298,417,OOR,2006
Calbert Cheaney,SF,34,42,448,42,108,0.389,0,8,0.0,42,100,0.42,0.389,8,8,1.0,20,41,61,19,13,2,17,38,92,OOR,2006
Josh Childress,SF,22,74,2249,278,504,0.552,32,65,0.492,246,439,0.56,0.583,154,201,0.766,134,253,387,131,86,39,101,184,742,OOR,2006
Doug Christie,SG,35,7,185,9,26,0.346,0,1,0.0,9,25,0.36,0.346,8,12,0.667,2,11,13,14,9,1,6,10,26,OOR,2006
Speedy Claxton,PG,27,71,2019,304,736,0.413,17,63,0.27,287,673,0.426,0.425,246,320,0.769,39,154,193,339,108,6,154,177,871,OOR,2006
Mateen Cleaves,PG,28,27,230,25,71,0.352,4,16,0.25,21,55,0.382,0.38,19,24,0.792,2,12,14,42,3,2,14,30,73,OOR,2006
Jarron Collins,C,27,79,1730,129,280,0.461,0,0,0.0,129,280,0.461,0.461,157,219,0.717,134,199,333,97,36,27,61,252,415,OOR,2006
Jason Collins,C,27,71,1895,104,262,0.397,3,12,0.25,101,250,0.404,0.403,44,86,0.512,93,249,342,70,46,40,61,251,255,OOR,2006
Nick Collison,PF,25,66,1448,207,394,0.525,0,3,0.0,207,391,0.529,0.525,79,113,0.699,143,225,368,74,21,35,77,213,493,OOR,2006
Brian Cook,PF,25,81,1535,261,511,0.511,36,84,0.429,225,427,0.527,0.546,84,101,0.832,88,186,274,74,37,32,61,205,642,OOR,2006
Jamal Crawford,SG,25,79,2555,366,879,0.416,101,293,0.345,265,586,0.452,0.474,295,357,0.826,36,212,248,301,87,15,175,150,1128,OOR,2006
Austin Croshere,PF,30,50,1148,132,285,0.463,54,140,0.386,78,145,0.538,0.558,90,102,0.882,62,203,265,62,22,7,48,105,408,OOR,2006
Eddy Curry,C,23,72,1865,336,597,0.563,0,0,0.0,336,597,0.563,0.563,307,486,0.632,145,287,432,19,28,56,179,239,979,OOR,2006
Samuel Dalembert,C,24,66,1761,196,369,0.531,0,1,0.0,196,368,0.533,0.531,93,132,0.705,159,382,541,25,34,160,107,244,485,OOR,2006
Erick Dampier,C,30,82,1934,171,347,0.493,0,0,0.0,171,347,0.493,0.493,127,215,0.591,273,367,640,51,27,106,115,263,469,OOR,2006
Antonio Daniels,SG,30,80,2283,230,550,0.418,23,101,0.228,207,449,0.461,0.439,284,336,0.845,19,153,172,284,52,8,89,96,767,OOR,2006
Marquis Daniels,SG,25,62,1766,246,512,0.48,4,19,0.211,242,493,0.491,0.484,138,183,0.754,81,143,224,172,67,13,100,143,634,OOR,2006
Antonio Davis,PF-C,37,44,940,82,190,0.432,0,1,0.0,82,189,0.434,0.432,52,81,0.642,90,118,208,21,23,10,51,125,216,OOR,2006
Baron Davis,PG,26,54,1971,335,861,0.389,102,324,0.315,233,537,0.434,0.448,195,289,0.675,45,191,236,480,89,14,159,165,967,OOR,2006
Dale Davis,C,36,28,178,9,24,0.375,0,1,0.0,9,23,0.391,0.375,8,15,0.533,21,32,53,6,0,9,4,23,26,OOR,2006
Josh Davis,PF,25,6,17,2,7,0.286,0,2,0.0,2,5,0.4,0.286,2,3,0.667,3,1,4,1,2,0,1,3,6,OOR,2006
Ricky Davis,SG-SF,26,78,3207,584,1304,0.448,73,242,0.302,511,1062,0.481,0.476,275,345,0.797,65,286,351,394,91,17,213,190,1516,OOR,2006
Carlos Delfino,SG,23,68,726,91,226,0.403,20,60,0.333,71,166,0.428,0.447,45,67,0.672,28,85,113,44,21,15,36,86,247,OOR,2006
Tony Delk,PG-SG,32,24,385,71,161,0.441,20,47,0.426,51,114,0.447,0.503,20,27,0.741,14,39,53,33,13,1,19,28,182,OOR,2006
Luol Deng,SF,20,78,2604,442,954,0.463,21,78,0.269,421,876,0.481,0.474,207,276,0.75,127,389,516,147,72,50,105,128,1112,OOR,2006
Boris Diaw,PF,23,81,2874,449,853,0.526,8,30,0.267,441,823,0.536,0.531,174,238,0.731,159,399,558,503,58,85,189,260,1080,OOR,2006
Dan Dickau,PG,27,19,234,17,46,0.37,10,20,0.5,7,26,0.269,0.478,18,18,1.0,5,11,16,40,11,1,18,40,62,OOR,2006
Travis Diener,PG,23,23,246,29,69,0.42,25,57,0.439,4,12,0.333,0.601,5,6,0.833,4,17,21,16,7,0,10,22,88,OOR,2006
Ike Diogu,PF,22,69,1031,175,334,0.524,0,0,0.0,175,334,0.524,0.524,136,168,0.81,95,134,229,29,15,30,78,164,486,OOR,2006
DeSagana Diop,C,24,81,1510,75,154,0.487,1,2,0.5,74,152,0.487,0.49,39,72,0.542,145,229,374,23,44,146,36,253,190,OOR,2006
Juan Dixon,SG,27,76,1920,357,821,0.435,65,170,0.382,292,651,0.449,0.474,156,194,0.804,30,147,177,149,58,6,113,157,935,OOR,2006
Michael Doleac,C,28,31,371,37,88,0.42,0,0,0.0,37,88,0.42,0.42,24,30,0.8,23,62,85,8,10,7,14,45,98,OOR,2006
Keyon Dooling,PG,25,50,1137,178,405,0.44,13,43,0.302,165,362,0.456,0.456,101,121,0.835,11,67,78,109,49,4,82,116,470,OOR,2006
Chris Duhon,PG,23,74,2155,215,538,0.4,100,278,0.36,115,260,0.442,0.493,117,143,0.818,28,192,220,373,70,3,117,152,647,OOR,2006
Tim Duncan,PF,29,80,2784,574,1185,0.484,2,5,0.4,572,1180,0.485,0.485,335,533,0.629,231,650,881,253,70,162,198,219,1485,OOR,2006
Mike Dunleavy,SF,25,81,2578,331,816,0.406,74,260,0.285,257,556,0.462,0.451,196,252,0.778,78,321,399,237,60,32,120,199,932,OOR,2006
Ronald Dupree,SF,25,36,265,33,63,0.524,0,1,0.0,33,62,0.532,0.524,14,41,0.341,21,28,49,14,12,0,14,44,80,OOR,2006
John Edwards,C,24,40,296,31,64,0.484,0,0,0.0,31,64,0.484,0.484,8,11,0.727,18,30,48,5,3,15,12,76,70,OOR,2006
Howard Eisley,PG,33,32,394,34,103,0.33,13,42,0.31,21,61,0.344,0.393,20,24,0.833,3,30,33,69,11,2,21,34,101,OOR,2006
Monta Ellis,SG,20,49,886,132,318,0.415,28,82,0.341,104,236,0.441,0.459,42,59,0.712,22,83,105,78,32,11,58,69,334,OOR,2006
Francisco Elson,C,29,72,1579,151,284,0.532,1,5,0.2,150,279,0.538,0.533,49,74,0.662,99,240,339,47,54,45,65,211,352,OOR,2006
Melvin Ely,PF,27,57,1348,216,425,0.508,0,2,0.0,216,423,0.511,0.508,128,192,0.667,94,183,277,76,29,44,100,160,560,OOR,2006
Maurice Evans,SG,27,80,1139,154,341,0.452,43,116,0.371,111,225,0.493,0.515,52,65,0.8,76,87,163,60,41,15,39,122,403,OOR,2006
Reggie Evans,PF,25,67,1393,131,268,0.489,0,1,0.0,131,267,0.491,0.489,115,217,0.53,171,331,502,38,40,10,85,166,377,OOR,2006
Daniel Ewing,SG,22,66,971,97,255,0.38,22,78,0.282,75,177,0.424,0.424,36,46,0.783,23,62,85,84,37,6,57,86,252,OOR,2006
Noel Felix,SF,24,12,82,6,25,0.24,1,3,0.333,5,22,0.227,0.26,5,8,0.625,3,10,13,2,2,3,8,13,18,OOR,2006
Raymond Felton,PG,21,80,2406,345,883,0.391,97,271,0.358,248,612,0.405,0.446,161,222,0.725,77,188,265,446,102,8,182,181,948,OOR,2006
Michael Finley,SG,32,77,2038,286,695,0.412,110,279,0.394,176,416,0.423,0.491,98,115,0.852,31,216,247,116,37,7,62,97,780,OOR,2006
Derek Fisher,PG,31,82,2589,364,887,0.41,117,295,0.397,247,592,0.417,0.476,244,293,0.833,36,175,211,352,125,8,156,237,1089,OOR,2006
Gerald Fitch,PG,23,18,239,30,89,0.337,7,26,0.269,23,63,0.365,0.376,17,23,0.739,7,23,30,33,7,5,15,28,84,OOR,2006
Marcus Fizer,PF,27,3,39,9,17,0.529,1,1,1.0,8,16,0.5,0.559,1,2,0.5,1,6,7,1,0,0,2,5,20,OOR,2006
Sharrod Ford,PF,24,3,13,2,3,0.667,0,0,0.0,2,3,0.667,0.667,0,0,0.0,1,2,3,0,0,1,2,7,4,OOR,2006
T.J. Ford,PG,22,72,2557,328,789,0.416,35,104,0.337,293,685,0.428,0.438,187,248,0.754,63,248,311,473,104,7,219,196,878,OOR,2006
Danny Fortson,C,29,23,276,27,51,0.529,0,0,0.0,27,51,0.529,0.529,33,43,0.767,31,47,78,2,4,2,26,76,87,OOR,2006
Jeff Foster,C,29,63,1581,138,250,0.552,0,4,0.0,138,246,0.561,0.552,96,159,0.604,224,350,574,50,41,27,64,191,372,OOR,2006
Adonal Foyle,C,30,77,1824,152,300,0.507,0,0,0.0,152,300,0.507,0.507,41,67,0.612,143,281,424,33,44,125,80,215,345,OOR,2006
Richie Frahm,SG,28,33,342,39,100,0.39,23,70,0.329,16,30,0.533,0.505,7,10,0.7,3,30,33,21,4,2,8,30,108,OOR,2006
Steve Francis,PG-SG,28,70,2393,333,765,0.435,25,83,0.301,308,682,0.452,0.452,314,399,0.787,74,216,290,345,74,17,214,204,1005,OOR,2006
Channing Frye,C,22,65,1572,305,640,0.477,3,9,0.333,302,631,0.479,0.479,189,229,0.825,138,236,374,53,30,47,97,200,802,OOR,2006
Dan Gadzuric,C,27,74,885,171,309,0.553,0,1,0.0,171,308,0.555,0.553,41,89,0.461,91,141,232,24,25,43,35,171,383,OOR,2006
Deng Gai,C,23,2,5,0,0,0.0,0,0,0.0,0,0,0.0,0.0,0,0,0.0,0,0,0,0,0,0,0,0,0,OOR,2006
Reece Gaines,PG,25,12,54,6,12,0.5,0,2,0.0,6,10,0.6,0.5,1,4,0.25,0,0,0,3,1,0,1,1,13,OOR,2006
Francisco García,SF,24,67,1301,130,325,0.4,39,137,0.285,91,188,0.484,0.46,78,101,0.772,39,146,185,94,41,47,75,135,377,OOR,2006
Kevin Garnett,PF,29,76,2957,626,1191,0.526,8,30,0.267,618,1161,0.532,0.529,396,489,0.81,214,752,966,308,104,107,180,206,1656,OOR,2006
Pat Garrity,PF,29,57,938,101,242,0.417,50,129,0.388,51,113,0.451,0.521,30,37,0.811,31,77,108,38,12,9,38,108,282,OOR,2006
Pau Gasol,PF,25,80,3135,600,1194,0.503,3,12,0.25,597,1182,0.505,0.504,425,617,0.689,191,522,713,371,46,153,235,184,1628,OOR,2006
Devean George,SF,28,71,1542,170,425,0.4,50,160,0.313,120,265,0.453,0.459,58,86,0.674,82,192,274,68,66,34,54,159,448,OOR,2006
Eddie Gill,PG,27,41,122,10,45,0.222,7,23,0.304,3,22,0.136,0.3,18,23,0.783,0,15,15,12,11,1,9,13,45,OOR,2006
Manu Ginóbili,SG,28,65,1813,309,669,0.462,83,217,0.382,226,452,0.5,0.524,280,360,0.778,42,188,230,235,101,26,121,156,981,OOR,2006
Gordan Giriček,SG,28,37,956,166,383,0.433,18,59,0.305,148,324,0.457,0.457,43,57,0.754,15,55,70,63,16,4,63,87,393,OOR,2006
Anthony Goldwire,PG,34,3,22,1,7,0.143,0,2,0.0,1,5,0.2,0.143,0,0,0.0,0,1,1,2,0,0,1,0,2,OOR,2006
Ryan Gomes,PF,23,61,1376,173,355,0.487,3,9,0.333,170,346,0.491,0.492,112,149,0.752,102,196,298,58,35,5,55,83,461,OOR,2006
Drew Gooden,PF,24,79,2174,334,652,0.512,1,3,0.333,333,649,0.513,0.513,176,258,0.682,237,428,665,56,52,49,106,190,845,OOR,2006
Ben Gordon,SG,22,80,2482,486,1152,0.422,166,382,0.435,320,770,0.416,0.494,211,268,0.787,43,176,219,240,75,5,180,238,1349,OOR,2006
Joey Graham,SF,23,80,1581,198,414,0.478,29,87,0.333,169,327,0.517,0.513,108,133,0.812,57,187,244,60,37,13,92,228,533,OOR,2006
Stephen Graham,SG,23,22,175,21,54,0.389,2,10,0.2,19,44,0.432,0.407,14,15,0.933,5,22,27,7,5,2,13,31,58,OOR,2006
Danny Granger,SF,22,78,1765,221,478,0.462,30,93,0.323,191,385,0.496,0.494,115,148,0.777,131,253,384,90,58,62,80,211,587,OOR,2006
Brian Grant,C,33,21,248,27,65,0.415,0,0,0.0,27,65,0.415,0.415,7,8,0.875,11,46,57,7,5,3,7,45,61,OOR,2006
Devin Green,SG,23,27,135,6,28,0.214,0,2,0.0,6,26,0.231,0.214,13,21,0.619,10,14,24,7,3,0,5,13,25,OOR,2006
Gerald Green,SG,20,32,374,66,138,0.478,6,20,0.3,60,118,0.508,0.5,29,37,0.784,10,31,41,18,13,4,22,41,167,OOR,2006
Willie Green,SG,24,10,153,28,66,0.424,10,19,0.526,18,47,0.383,0.5,4,5,0.8,1,14,15,5,2,0,12,13,70,OOR,2006
Orien Greene,PG,23,80,1235,100,253,0.395,9,40,0.225,91,213,0.427,0.413,45,68,0.662,37,108,145,129,77,10,109,181,254,OOR,2006
Adrian Griffin,SG,31,52,1245,98,204,0.48,0,2,0.0,98,202,0.485,0.48,41,53,0.774,75,152,227,89,51,9,39,113,237,OOR,2006
Eddie Griffin,C,23,70,1359,130,370,0.351,16,82,0.195,114,288,0.396,0.373,44,74,0.595,107,282,389,40,13,148,43,125,320,OOR,2006
Anthony Grundy,SG,26,12,108,19,38,0.5,5,15,0.333,14,23,0.609,0.566,9,14,0.643,1,16,17,9,7,0,9,14,52,OOR,2006
Richard Hamilton,SG,27,80,2825,649,1322,0.491,55,120,0.458,594,1202,0.494,0.512,256,303,0.845,84,172,256,275,52,16,173,207,1609,OOR,2006
Zendon Hamilton,C,30,12,49,7,14,0.5,0,0,0.0,7,14,0.5,0.5,12,18,0.667,3,8,11,0,4,0,6,5,26,OOR,2006
Anfernee Hardaway,SF,34,4,72,4,14,0.286,0,1,0.0,4,13,0.308,0.286,2,2,1.0,0,10,10,8,2,0,6,7,10,OOR,2006
Matt Harpring,SF,29,71,1944,322,678,0.475,14,39,0.359,308,639,0.482,0.485,227,313,0.725,158,210,368,98,59,14,109,202,885,OOR,2006
Al Harrington,PF,25,76,2782,551,1220,0.452,66,191,0.346,485,1029,0.471,0.479,243,350,0.694,132,391,523,238,85,14,195,301,1411,OOR,2006
Othella Harrington,C,32,72,824,135,273,0.495,0,0,0.0,135,273,0.495,0.495,77,123,0.626,54,100,154,39,7,13,61,131,347,OOR,2006
Devin Harris,PG,22,56,1275,190,405,0.469,5,21,0.238,185,384,0.482,0.475,169,236,0.716,26,99,125,177,53,16,84,121,554,OOR,2006
David Harrison,C,23,67,1034,148,294,0.503,0,0,0.0,148,294,0.503,0.503,89,174,0.511,84,170,254,14,23,59,79,193,385,OOR,2006
Jason Hart,PG,27,66,818,86,221,0.389,9,31,0.29,77,190,0.405,0.41,37,56,0.661,12,59,71,70,31,5,43,85,218,OOR,2006
Udonis Haslem,PF,25,81,2491,300,591,0.508,0,2,0.0,300,589,0.509,0.508,157,199,0.789,167,467,634,95,50,17,80,216,757,OOR,2006
Trenton Hassell,SG,26,77,2514,286,616,0.464,7,23,0.304,279,593,0.47,0.47,131,176,0.744,82,134,216,203,43,29,124,201,710,OOR,2006
Chuck Hayes,PF,22,40,535,59,105,0.562,0,1,0.0,59,104,0.567,0.562,29,45,0.644,67,112,179,14,26,14,12,76,147,OOR,2006
Jarvis Hayes,SG,24,21,516,77,183,0.421,17,47,0.362,60,136,0.441,0.467,25,30,0.833,19,57,76,27,16,1,22,38,196,OOR,2006
Brendan Haywood,C,26,79,1879,222,432,0.514,0,0,0.0,222,432,0.514,0.514,131,224,0.585,200,267,467,46,30,104,97,232,575,OOR,2006
Luther Head,SG,23,80,2310,254,630,0.403,113,313,0.361,141,317,0.445,0.493,86,123,0.699,33,233,266,215,89,9,119,169,707,OOR,2006
Alan Henderson,C,33,51,531,47,91,0.516,0,0,0.0,47,91,0.516,0.516,33,49,0.673,60,77,137,10,9,12,22,58,127,OOR,2006
Nenê,PF,23,1,3,0,1,0.0,0,0,0.0,0,1,0.0,0.0,0,0,0.0,0,0,0,0,0,0,2,1,0,OOR,2006
Grant Hill,SF,33,21,613,119,243,0.49,2,8,0.25,117,235,0.498,0.494,78,102,0.765,15,65,80,48,24,6,35,50,318,OOR,2006
Kirk Hinrich,PG,25,81,2955,451,1078,0.418,126,341,0.37,325,737,0.441,0.477,256,314,0.815,29,259,288,514,94,21,188,251,1284,OOR,2006
Julius Hodge,SG,22,14,33,5,13,0.385,0,0,0.0,5,13,0.385,0.385,3,8,0.375,5,2,7,6,2,0,8,7,13,OOR,2006
Randy Holcomb,SF,26,4,11,1,1,1.0,0,0,0.0,1,1,1.0,1.0,0,0,0.0,1,0,1,0,0,0,0,2,2,OOR,2006
Robert Horry,PF,35,63,1182,112,292,0.384,53,144,0.368,59,148,0.399,0.474,44,68,0.647,71,171,242,79,43,51,41,115,321,OOR,2006
Eddie House,PG,27,81,1421,320,759,0.422,123,316,0.389,197,443,0.445,0.503,33,41,0.805,15,117,132,148,42,12,76,96,796,OOR,2006
Dwight Howard,PF,20,82,3021,468,881,0.531,0,2,0.0,468,879,0.532,0.531,356,598,0.595,288,734,1022,125,65,115,217,277,1292,OOR,2006
Josh Howard,SF,25,59,1915,350,743,0.471,27,63,0.429,323,680,0.475,0.489,196,267,0.734,123,248,371,111,68,26,79,167,923,OOR,2006
Juwan Howard,PF,32,80,2537,394,859,0.459,0,4,0.0,394,855,0.461,0.459,154,191,0.806,168,367,535,112,49,8,133,235,942,OOR,2006
Troy Hudson,PG,29,36,800,127,333,0.381,40,101,0.396,87,232,0.375,0.441,48,52,0.923,8,36,44,106,12,4,40,55,342,OOR,2006
Larry Hughes,SG,27,36,1281,192,469,0.409,28,76,0.368,164,393,0.417,0.439,146,193,0.756,26,135,161,131,53,21,99,117,558,OOR,2006
Kris Humphries,PF,20,62,619,77,203,0.379,0,5,0.0,77,198,0.389,0.379,34,65,0.523,56,101,157,30,23,16,31,82,188,OOR,2006
Lindsey Hunter,PG,35,30,353,37,100,0.37,11,43,0.256,26,57,0.456,0.425,2,4,0.5,10,30,40,62,19,1,20,44,87,OOR,2006
Steven Hunter,C,24,69,1312,175,291,0.601,0,0,0.0,175,291,0.601,0.601,71,138,0.514,110,161,271,17,12,76,64,120,421,OOR,2006
Andre Iguodala,SF,22,82,3086,344,688,0.5,56,158,0.354,288,530,0.543,0.541,263,349,0.754,117,364,481,255,135,21,153,198,1007,OOR,2006
Zydrunas Ilgauskas,C,30,78,2283,450,889,0.506,0,5,0.0,450,884,0.509,0.506,317,380,0.834,245,346,591,91,38,136,155,280,1217,OOR,2006
D.J. Mbenga,C,25,43,237,32,60,0.533,0,1,0.0,32,59,0.542,0.533,10,20,0.5,19,37,56,2,6,25,16,47,74,OOR,2006
Allen Iverson,PG,30,72,3103,815,1822,0.447,72,223,0.323,743,1599,0.465,0.467,675,829,0.814,44,188,232,532,140,10,248,121,2377,OOR,2006
Royal Ivey,PG,24,73,978,116,264,0.439,4,10,0.4,112,254,0.441,0.447,24,33,0.727,31,65,96,74,24,7,23,147,260,OOR,2006
Jarrett Jack,SG,22,79,1599,189,428,0.442,20,76,0.263,169,352,0.48,0.465,128,160,0.8,18,142,160,219,41,2,102,138,526,OOR,2006
Bobby Jackson,PG,32,71,1775,286,748,0.382,129,332,0.389,157,416,0.377,0.469,107,146,0.733,44,179,223,195,61,1,101,155,808,OOR,2006
Jermaine Jackson,PG,29,30,202,11,26,0.423,1,4,0.25,10,22,0.455,0.442,12,14,0.857,8,19,27,25,4,1,13,19,35,OOR,2006
Jim Jackson,SF,35,40,512,47,160,0.294,18,74,0.243,29,86,0.337,0.35,9,13,0.692,11,65,76,35,12,6,35,51,121,OOR,2006
Luke Jackson,SF,24,36,315,29,85,0.341,12,36,0.333,17,49,0.347,0.412,26,33,0.788,16,24,40,25,11,2,31,30,96,OOR,2006
Marc Jackson,C,31,64,1027,174,369,0.472,1,2,0.5,173,367,0.471,0.473,66,82,0.805,86,131,217,44,13,8,65,126,415,OOR,2006
Stephen Jackson,SG,27,81,2910,472,1148,0.411,117,339,0.345,355,809,0.439,0.462,268,341,0.786,48,264,312,225,104,43,203,195,1329,OOR,2006
Jerome James,C,30,45,406,56,121,0.463,0,0,0.0,56,121,0.463,0.463,25,40,0.625,39,52,91,12,3,23,51,104,137,OOR,2006
LeBron James,SF,21,79,3361,875,1823,0.48,127,379,0.335,748,1444,0.518,0.515,601,814,0.738,75,481,556,521,123,66,260,181,2478,Candidate,2006
Mike James,PG,30,79,2925,576,1228,0.469,169,382,0.442,407,846,0.481,0.538,283,338,0.837,45,217,262,460,72,3,206,214,1604,OOR,2006
Antawn Jamison,SF,29,82,3288,660,1494,0.442,147,373,0.394,513,1121,0.458,0.491,217,297,0.731,167,598,765,158,90,12,137,189,1684,OOR,2006
Marko Jarić,PG,27,75,2102,226,566,0.399,40,133,0.301,186,433,0.43,0.435,95,138,0.688,60,173,233,293,108,21,127,189,587,OOR,2006
Šarūnas Jasikevičius,PG,29,75,1557,170,429,0.396,86,236,0.364,84,193,0.435,0.497,121,133,0.91,19,134,153,227,40,4,116,108,547,OOR,2006
Al Jefferson,PF,21,59,1062,189,379,0.499,0,4,0.0,189,375,0.504,0.499,86,134,0.642,97,202,299,30,30,46,62,166,464,OOR,2006
Richard Jefferson,SF,25,78,3059,495,1005,0.493,60,188,0.319,435,817,0.532,0.522,471,580,0.812,95,439,534,297,59,17,174,193,1521,OOR,2006
Jared Jeffries,PF,24,77,1951,187,415,0.451,16,50,0.32,171,365,0.468,0.47,99,168,0.589,164,215,379,148,58,50,99,223,489,OOR,2006
Amir Johnson,SF,18,3,39,7,10,0.7,2,3,0.667,5,7,0.714,0.8,4,4,1.0,3,1,4,3,0,2,4,7,20,OOR,2006
Anthony Johnson,PG,31,75,1981,267,603,0.443,51,155,0.329,216,448,0.482,0.485,106,141,0.752,31,137,168,324,63,22,115,132,691,OOR,2006
DerMarr Johnson,SG,25,58,924,132,306,0.431,56,160,0.35,76,146,0.521,0.523,34,42,0.81,19,77,96,55,25,26,46,86,354,OOR,2006
Ervin Johnson,C,38,18,81,7,17,0.412,0,0,0.0,7,17,0.412,0.412,1,2,0.5,5,19,24,2,1,2,5,23,15,OOR,2006
Joe Johnson,SG,24,82,3340,632,1395,0.453,128,360,0.356,504,1035,0.487,0.499,261,330,0.791,98,237,335,536,103,31,267,187,1653,OOR,2006
Linton Johnson,SF,25,36,524,61,149,0.409,13,36,0.361,48,113,0.425,0.453,18,27,0.667,40,82,122,14,12,12,28,61,153,OOR,2006
Dahntay Jones,SF,25,71,967,109,263,0.414,3,21,0.143,106,242,0.438,0.42,60,93,0.645,20,84,104,39,38,15,50,108,281,OOR,2006
Damon Jones,PG,29,82,2089,190,491,0.387,140,371,0.377,50,120,0.417,0.53,32,50,0.64,14,119,133,169,37,1,55,112,552,OOR,2006
Dwayne Jones,PF,22,14,87,4,10,0.4,0,0,0.0,4,10,0.4,0.4,6,13,0.462,10,21,31,2,1,3,3,14,14,OOR,2006
Eddie Jones,SG,34,75,2437,292,722,0.404,133,374,0.356,159,348,0.457,0.497,168,215,0.781,35,244,279,177,131,27,93,201,885,OOR,2006
Fred Jones,SG,26,68,1837,233,559,0.417,63,187,0.337,170,372,0.457,0.473,122,160,0.763,18,152,170,154,55,20,107,142,651,OOR,2006
James Jones,SF,25,75,1772,243,581,0.418,110,285,0.386,133,296,0.449,0.513,103,121,0.851,44,209,253,57,38,49,35,142,699,OOR,2006
Jumaine Jones,PF,26,76,2089,298,736,0.405,115,335,0.343,183,401,0.456,0.483,88,121,0.727,105,271,376,63,68,22,74,200,799,OOR,2006
Chris Kaman,C,23,78,2560,369,706,0.523,0,2,0.0,369,704,0.524,0.523,194,252,0.77,187,563,750,79,45,108,176,269,932,OOR,2006
Jason Kapono,SF,24,51,665,79,177,0.446,21,53,0.396,58,124,0.468,0.506,28,33,0.848,12,59,71,37,7,3,20,89,207,OOR,2006
Mario Kasun,C,25,28,213,31,69,0.449,0,0,0.0,31,69,0.449,0.449,18,23,0.783,24,36,60,3,2,3,15,69,80,OOR,2006
Viktor Khryapa,SF,23,69,1492,158,342,0.462,10,30,0.333,148,312,0.474,0.477,77,111,0.694,114,193,307,88,50,29,84,209,403,OOR,2006
Jason Kidd,PG,32,80,2975,366,905,0.404,139,395,0.352,227,510,0.445,0.481,194,244,0.795,86,494,580,672,150,29,192,157,1065,OOR,2006
Andrei Kirilenko,SF,24,69,2604,336,730,0.46,36,117,0.308,300,613,0.489,0.485,346,495,0.699,161,391,552,299,102,220,203,162,1054,OOR,2006
Linas Kleiza,PF,21,61,519,77,173,0.445,2,13,0.154,75,160,0.469,0.451,57,81,0.704,38,78,116,15,10,13,16,87,213,OOR,2006
Brevin Knight,PG,30,69,2351,308,772,0.399,3,13,0.231,305,759,0.402,0.401,252,314,0.803,35,188,223,610,157,4,164,202,871,OOR,2006
Yaroslav Korolev,SF,18,24,127,9,30,0.3,2,7,0.286,7,23,0.304,0.333,7,10,0.7,5,8,13,9,3,0,6,11,27,OOR,2006
Kyle Korver,SF,24,82,2563,327,761,0.43,184,438,0.42,143,323,0.443,0.551,101,119,0.849,27,243,270,163,65,26,98,224,939,OOR,2006
Nenad Krstić,PF,22,80,2469,447,881,0.507,1,4,0.25,446,877,0.509,0.508,185,265,0.698,182,331,513,88,32,63,133,297,1080,OOR,2006
Toni Kukoč,PF,37,65,1018,116,298,0.389,45,147,0.306,71,151,0.47,0.465,40,56,0.714,26,124,150,139,33,17,66,87,317,OOR,2006
Raef LaFrentz,PF,29,82,2033,238,552,0.431,112,286,0.392,126,266,0.474,0.533,51,75,0.68,80,326,406,115,29,72,65,273,639,OOR,2006
Maciej Lampe,C,20,6,28,2,11,0.182,0,0,0.0,2,11,0.182,0.182,0,2,0.0,4,5,9,2,0,0,3,2,4,OOR,2006
David Lee,SF,22,67,1129,137,230,0.596,0,0,0.0,137,230,0.596,0.596,71,123,0.577,109,194,303,43,30,20,51,124,345,OOR,2006
Voshon Lenard,SG,32,26,458,75,191,0.393,25,78,0.321,50,113,0.442,0.458,16,31,0.516,5,42,47,41,21,4,31,39,191,OOR,2006
Rashard Lewis,SF,26,78,2876,538,1151,0.467,142,370,0.384,396,781,0.507,0.529,350,428,0.818,111,279,390,182,102,50,141,191,1568,OOR,2006
Randy Livingston,PG,30,5,22,0,2,0.0,0,0,0.0,0,2,0.0,0.0,0,0,0.0,1,3,4,1,1,0,1,6,0,OOR,2006
Shaun Livingston,PG,20,61,1525,149,349,0.427,1,8,0.125,148,341,0.434,0.428,53,77,0.688,41,142,183,273,46,32,111,160,352,OOR,2006
John Lucas III,PG,23,13,107,14,36,0.389,2,9,0.222,12,27,0.444,0.417,0,0,0.0,2,3,5,12,5,0,7,6,30,OOR,2006
Tyronn Lue,PG,28,51,1234,192,418,0.459,58,127,0.457,134,291,0.46,0.529,118,138,0.855,13,69,82,157,26,3,75,113,560,OOR,2006
Arvydas Macijauskas,SG,26,19,135,14,41,0.341,3,12,0.25,11,29,0.379,0.378,13,15,0.867,3,7,10,5,7,0,8,10,44,OOR,2006
Mark Madsen,C,30,62,676,27,66,0.409,0,7,0.0,27,59,0.458,0.409,20,47,0.426,50,91,141,11,23,17,26,114,74,OOR,2006
Corey Maggette,SF,26,32,943,167,375,0.445,24,71,0.338,143,304,0.47,0.477,212,256,0.828,28,141,169,66,19,4,78,95,570,OOR,2006
Jamaal Magloire,C,27,82,2465,287,615,0.467,0,0,0.0,287,615,0.467,0.467,178,333,0.535,220,558,778,56,29,80,166,276,752,OOR,2006
Stephon Marbury,PG,28,60,2193,349,774,0.451,33,104,0.317,316,670,0.472,0.472,246,326,0.755,25,150,175,382,63,4,157,143,977,OOR,2006
Shawn Marion,PF,27,81,3263,716,1365,0.525,96,290,0.331,620,1075,0.577,0.56,241,298,0.809,249,710,959,143,160,137,125,223,1769,OOR,2006
Sean Marks,PF,30,25,181,37,71,0.521,0,3,0.0,37,68,0.544,0.521,7,12,0.583,12,31,43,7,5,7,7,21,81,OOR,2006
Donyell Marshall,PF,32,81,2077,265,671,0.395,128,395,0.324,137,276,0.496,0.49,92,123,0.748,105,387,492,60,59,41,90,160,750,OOR,2006
Rawle Marshall,SF,23,23,241,24,60,0.4,1,3,0.333,23,57,0.404,0.408,22,29,0.759,8,23,31,10,8,7,15,17,71,OOR,2006
Darrick Martin,PG,34,40,339,34,97,0.351,16,40,0.4,18,57,0.316,0.433,18,24,0.75,2,18,20,57,17,0,15,42,102,OOR,2006
Kenyon Martin,PF,28,56,1546,297,600,0.495,5,22,0.227,292,578,0.505,0.499,121,170,0.712,93,260,353,79,43,52,72,171,720,OOR,2006
Kevin Martin,SG,22,72,1913,262,546,0.48,66,179,0.369,196,367,0.534,0.54,188,222,0.847,58,203,261,97,55,9,81,138,778,OOR,2006
Desmond Mason,SF,28,70,2102,275,690,0.399,1,6,0.167,274,684,0.401,0.399,206,302,0.682,64,234,298,66,42,17,113,136,757,OOR,2006
Jason Maxiell,PF,22,26,159,23,54,0.426,0,0,0.0,23,54,0.426,0.426,14,42,0.333,12,16,28,3,4,5,11,14,60,OOR,2006
Sean May,PF,21,23,398,70,171,0.409,0,5,0.0,70,166,0.422,0.409,49,64,0.766,42,67,109,22,17,12,33,58,189,OOR,2006
Rashad McCants,SG,21,79,1362,241,535,0.45,67,180,0.372,174,355,0.49,0.513,78,106,0.736,29,114,143,63,44,22,86,176,627,OOR,2006
Walter McCarty,SF,31,36,353,33,99,0.333,10,45,0.222,23,54,0.426,0.384,12,21,0.571,15,53,68,23,8,5,19,52,88,OOR,2006
Antonio McDyess,PF,31,82,1733,285,560,0.509,0,2,0.0,285,558,0.511,0.509,68,122,0.557,156,280,436,90,46,48,76,220,638,OOR,2006
Tracy McGrady,SF,26,47,1745,410,1011,0.406,73,234,0.312,337,777,0.434,0.442,254,340,0.747,46,261,307,225,59,41,120,88,1147,OOR,2006
Jeff McInnis,SG,31,28,486,63,143,0.441,3,16,0.188,60,127,0.472,0.451,20,29,0.69,11,39,50,52,11,2,29,37,149,OOR,2006
Aaron McKie,PG,33,14,121,3,12,0.25,0,2,0.0,3,10,0.3,0.25,1,2,0.5,3,17,20,11,5,0,2,7,7,OOR,2006
Keith McLeod,PG,26,66,1232,120,340,0.353,24,82,0.293,96,258,0.372,0.388,106,133,0.797,11,67,78,151,42,9,76,131,370,OOR,2006
Stanislav Medvedenko,PF,26,2,6,1,2,0.5,0,0,0.0,1,2,0.5,0.5,0,0,0.0,0,0,0,1,0,0,0,1,2,OOR,2006
Chris Mihm,C,26,59,1541,230,459,0.501,0,0,0.0,230,459,0.501,0.501,144,201,0.716,137,236,373,61,16,73,83,214,604,OOR,2006
Aaron Miles,PG,22,19,118,6,18,0.333,0,0,0.0,6,18,0.333,0.333,4,4,1.0,0,14,14,24,4,1,11,13,16,OOR,2006
C.J. Miles,PG,18,23,203,28,76,0.368,5,20,0.25,23,56,0.411,0.401,18,24,0.75,18,20,38,16,7,2,9,20,79,OOR,2006
Darius Miles,SF,24,40,1286,235,510,0.461,2,10,0.2,233,500,0.466,0.463,87,163,0.534,24,158,182,73,42,39,99,100,559,OOR,2006
Darko Miličić,C,20,55,767,119,234,0.509,0,2,0.0,119,232,0.513,0.509,28,50,0.56,44,107,151,41,14,77,51,92,266,OOR,2006
Andre Miller,PG,29,82,2937,404,872,0.463,5,27,0.185,399,845,0.472,0.466,313,424,0.738,92,259,351,674,106,18,256,213,1126,OOR,2006
Brad Miller,C,29,79,2923,434,877,0.495,34,88,0.386,400,789,0.507,0.514,280,338,0.828,122,493,615,374,61,62,180,234,1182,OOR,2006
Mike Miller,SG,25,74,2268,354,760,0.466,138,339,0.407,216,421,0.513,0.557,168,210,0.8,42,355,397,200,52,27,140,173,1014,OOR,2006
Yao Ming,C,25,57,1949,467,900,0.519,0,1,0.0,467,899,0.519,0.519,337,395,0.853,148,433,581,85,30,94,147,195,1271,OOR,2006
Cuttino Mobley,SG,30,79,2979,429,1008,0.426,83,245,0.339,346,763,0.453,0.467,229,273,0.839,50,291,341,238,93,36,145,208,1170,OOR,2006
Nazr Mohammed,C,28,80,1389,190,377,0.504,0,0,0.0,190,377,0.504,0.504,113,144,0.785,163,255,418,40,21,49,91,220,493,OOR,2006
Sergei Monia,SF,22,26,343,29,87,0.333,9,34,0.265,20,53,0.377,0.385,10,14,0.714,11,41,52,19,7,5,12,41,77,OOR,2006
Mikki Moore,C,30,47,583,54,124,0.435,0,2,0.0,54,122,0.443,0.435,46,62,0.742,44,86,130,27,7,15,40,92,154,OOR,2006
Terence Morris,SF,27,22,192,16,49,0.327,0,2,0.0,16,47,0.34,0.327,3,3,1.0,6,32,38,4,6,5,7,19,35,OOR,2006
Alonzo Mourning,C,35,65,1302,188,315,0.597,0,1,0.0,188,314,0.599,0.597,133,224,0.594,125,234,359,11,13,173,79,177,509,OOR,2006
Troy Murphy,PF,25,74,2516,363,838,0.433,58,181,0.32,305,657,0.464,0.468,251,319,0.787,195,548,743,101,47,26,108,191,1035,OOR,2006
Lamond Murray,SF,32,57,576,72,181,0.398,27,78,0.346,45,103,0.437,0.472,25,40,0.625,29,103,132,13,17,7,22,66,196,OOR,2006
Ronald Murray,SG,26,76,2112,321,768,0.418,37,141,0.262,284,627,0.453,0.442,172,242,0.711,33,120,153,197,68,11,135,133,851,OOR,2006
Dikembe Mutombo,C,39,64,955,50,95,0.526,0,0,0.0,50,95,0.526,0.526,69,91,0.758,100,206,306,4,17,57,35,128,169,OOR,2006
Boniface N'Dong,C,28,23,152,22,53,0.415,0,1,0.0,22,52,0.423,0.415,6,9,0.667,15,22,37,7,2,5,6,23,50,OOR,2006
Boštjan Nachbar,PF-SF,25,36,502,54,156,0.346,19,71,0.268,35,85,0.412,0.407,30,44,0.682,8,52,60,27,16,5,24,65,157,OOR,2006
Lee Nailon,PF,30,22,237,40,80,0.5,0,0,0.0,40,80,0.5,0.5,13,15,0.867,23,19,42,7,8,4,10,32,93,OOR,2006
Eduardo Nájera,PF,29,64,1449,127,301,0.422,4,12,0.333,123,289,0.426,0.429,89,114,0.781,128,197,325,52,53,34,54,165,347,OOR,2006
Steve Nash,PG,31,79,2796,541,1056,0.512,150,342,0.439,391,714,0.548,0.583,257,279,0.921,47,286,333,826,61,12,276,120,1489,MVP,2006
Jameer Nelson,PG,23,62,1784,347,719,0.483,70,165,0.424,277,554,0.5,0.531,141,181,0.779,39,141,180,302,70,9,148,174,905,OOR,2006
Rasho Nesterović,C,29,80,1515,172,334,0.515,0,2,0.0,172,332,0.518,0.515,18,30,0.6,114,195,309,33,21,88,53,209,362,OOR,2006
Ira Newble,SG,31,36,353,17,57,0.298,3,13,0.231,14,44,0.318,0.325,11,16,0.688,21,35,56,9,5,10,12,47,48,OOR,2006
Andrés Nocioni,PF,26,82,2239,383,831,0.461,93,238,0.391,290,593,0.489,0.517,204,242,0.843,89,411,500,117,40,52,120,252,1063,OOR,2006
Moochie Norris,PG,32,45,424,46,112,0.411,4,14,0.286,42,98,0.429,0.429,29,42,0.69,12,42,54,50,20,1,33,49,125,OOR,2006
Dirk Nowitzki,PF,27,81,3089,751,1564,0.48,110,271,0.406,641,1293,0.496,0.515,539,598,0.901,115,613,728,226,58,83,156,164,2151,Candidate,2006
Jermaine O'Neal,PF,27,51,1802,380,805,0.472,3,10,0.3,377,795,0.474,0.474,261,368,0.709,102,374,476,133,27,117,151,177,1024,OOR,2006
Shaquille O'Neal,C,33,59,1806,480,800,0.6,0,0,0.0,480,800,0.6,0.6,221,471,0.469,172,369,541,113,23,104,168,230,1181,OOR,2006
Fabricio Oberto,C,30,59,490,44,93,0.473,0,2,0.0,44,91,0.484,0.473,15,27,0.556,57,66,123,27,9,11,28,91,103,OOR,2006
Lamar Odom,PF,26,80,3221,445,925,0.481,80,215,0.372,365,710,0.514,0.524,216,313,0.69,181,557,738,443,75,64,213,256,1186,OOR,2006
Emeka Okafor,PF,23,26,874,131,316,0.415,0,0,0.0,131,316,0.415,0.415,82,125,0.656,94,167,261,31,22,50,53,88,344,OOR,2006
Mehmet Okur,PF,26,82,2945,519,1128,0.46,80,234,0.342,439,894,0.491,0.496,354,454,0.78,211,535,746,194,40,73,163,285,1472,OOR,2006
Kevin Ollie,SG,33,70,1069,75,174,0.431,1,3,0.333,74,171,0.433,0.434,41,49,0.837,13,85,98,101,33,3,29,103,192,OOR,2006
Michael Olowokandi,C,30,48,919,107,240,0.446,0,0,0.0,107,240,0.446,0.446,24,47,0.511,50,170,220,23,22,33,55,122,238,OOR,2006
Greg Ostertag,C,32,60,807,61,124,0.492,0,0,0.0,61,124,0.492,0.492,24,48,0.5,82,143,225,58,6,66,46,129,146,OOR,2006
Bo Outlaw,PF,34,32,355,35,58,0.603,0,0,0.0,35,58,0.603,0.603,5,8,0.625,31,46,77,14,10,12,17,50,75,OOR,2006
Travis Outlaw,PF,21,69,1153,162,368,0.44,14,53,0.264,148,315,0.47,0.459,62,89,0.697,48,141,189,34,31,46,37,112,400,OOR,2006
Andre Owens,PG,25,23,210,27,74,0.365,3,16,0.188,24,58,0.414,0.385,12,18,0.667,11,10,21,8,5,0,13,25,69,OOR,2006
Zaza Pachulia,C,21,78,2452,307,681,0.451,0,2,0.0,307,679,0.452,0.451,297,404,0.735,264,349,613,129,89,39,180,286,911,OOR,2006
Scott Padgett,PF,29,62,718,71,201,0.353,42,121,0.347,29,80,0.363,0.458,27,34,0.794,56,109,165,41,28,12,21,90,211,OOR,2006
Milt Palacio,PG,27,71,1376,171,403,0.424,1,16,0.063,170,387,0.439,0.426,98,150,0.653,17,117,134,190,47,14,110,125,441,OOR,2006
Jannero Pargo,PG,26,57,646,109,292,0.373,39,103,0.379,70,189,0.37,0.44,17,21,0.81,8,53,61,94,24,2,61,57,274,OOR,2006
Smush Parker,PG,24,82,2773,348,779,0.447,120,328,0.366,228,451,0.506,0.524,125,180,0.694,37,234,271,302,140,16,147,213,941,OOR,2006
Tony Parker,PG,23,80,2715,623,1136,0.548,11,36,0.306,612,1100,0.556,0.553,253,358,0.707,38,223,261,460,83,4,249,161,1510,OOR,2006
Ruben Patterson,SF-SG,30,71,1792,327,635,0.515,1,13,0.077,326,622,0.524,0.516,203,338,0.601,118,126,244,127,76,21,150,150,858,OOR,2006
Chris Paul,PG,20,78,2808,407,947,0.43,50,177,0.282,357,770,0.464,0.456,394,465,0.847,61,339,400,611,175,6,183,218,1258,OOR,2006
Sasha Pavlović,SG,22,53,813,87,212,0.41,35,96,0.365,52,116,0.448,0.493,32,49,0.653,16,64,80,25,19,6,42,103,241,OOR,2006
Gary Payton,PG,37,81,2305,230,547,0.42,66,230,0.287,164,317,0.517,0.481,100,126,0.794,34,199,233,257,71,10,102,169,626,OOR,2006
Kendrick Perkins,C,21,68,1332,137,266,0.515,0,2,0.0,137,264,0.519,0.515,80,130,0.615,140,264,404,69,21,105,107,199,354,OOR,2006
Morris Peterson,SG,28,82,3140,478,1096,0.436,177,448,0.395,301,648,0.465,0.517,241,294,0.82,65,316,381,190,104,15,126,223,1374,OOR,2006
Johan Petro,C,20,68,1282,153,300,0.51,0,0,0.0,153,300,0.51,0.51,47,75,0.627,109,187,296,15,25,51,60,213,353,OOR,2006
Eric Piatkowski,SG,35,29,228,24,61,0.393,9,33,0.273,15,28,0.536,0.467,2,5,0.4,4,19,23,13,6,1,11,20,59,OOR,2006
Paul Pierce,SF,28,79,3084,689,1462,0.471,111,314,0.354,578,1148,0.503,0.509,627,812,0.772,77,453,530,375,107,34,273,223,2116,OOR,2006
Mickaël Piétrus,SF,23,52,1179,169,418,0.404,56,176,0.318,113,242,0.467,0.471,87,143,0.608,58,105,163,44,33,10,78,132,481,OOR,2006
Zoran Planinić,PG,23,56,596,66,183,0.361,13,56,0.232,53,127,0.417,0.396,46,66,0.697,14,60,74,53,20,4,43,91,191,OOR,2006
Pavel Podkolzin,C,21,1,18,0,2,0.0,0,0,0.0,0,2,0.0,0.0,3,6,0.5,0,7,7,0,0,1,2,0,3,OOR,2006
Scot Pollard,C,30,45,771,70,154,0.455,0,0,0.0,70,154,0.455,0.455,29,38,0.763,73,145,218,24,37,20,26,115,169,OOR,2006
James Posey,SF,29,67,1914,159,395,0.403,117,290,0.403,42,105,0.4,0.551,48,61,0.787,33,286,319,89,54,20,58,196,483,OOR,2006
Vitaly Potapenko,C,30,33,353,37,71,0.521,0,0,0.0,37,71,0.521,0.521,10,17,0.588,27,37,64,9,2,2,16,50,84,OOR,2006
Josh Powell,PF,23,37,429,37,81,0.457,0,0,0.0,37,81,0.457,0.457,36,45,0.8,28,53,81,9,7,4,22,52,110,OOR,2006
Ronnie Price,PG,22,29,150,21,58,0.362,6,27,0.222,15,31,0.484,0.414,12,12,1.0,5,10,15,11,6,0,10,10,60,OOR,2006
Tayshaun Prince,SF,25,82,2898,455,999,0.455,64,183,0.35,391,816,0.479,0.487,182,238,0.765,104,242,346,186,62,39,91,96,1156,OOR,2006
Laron Profit,SG,28,25,279,40,84,0.476,3,18,0.167,37,66,0.561,0.494,21,24,0.875,8,35,43,15,11,5,24,25,104,OOR,2006
Joel Przybilla,C,26,56,1395,131,239,0.548,0,0,0.0,131,239,0.548,0.548,82,154,0.532,146,245,391,43,20,130,76,149,344,OOR,2006
Vladimir Radmanović,PF,25,77,1974,262,643,0.407,138,354,0.39,124,289,0.429,0.515,93,114,0.816,64,294,358,136,61,29,93,210,755,OOR,2006
Shavlik Randolph,PF,22,57,487,44,97,0.454,0,0,0.0,44,97,0.454,0.454,43,71,0.606,55,78,133,19,19,12,21,83,131,OOR,2006
Zach Randolph,PF,24,74,2545,536,1229,0.436,16,55,0.291,520,1174,0.443,0.443,245,343,0.714,193,399,592,144,57,14,165,185,1333,OOR,2006
Theo Ratliff,C,32,55,1301,108,189,0.571,0,0,0.0,108,189,0.571,0.571,54,83,0.651,89,190,279,28,18,88,47,143,270,OOR,2006
Željko Rebrača,C,33,29,412,52,96,0.542,0,0,0.0,52,96,0.542,0.542,31,41,0.756,13,51,64,9,5,19,24,59,135,OOR,2006
Michael Redd,SG,26,80,3130,682,1516,0.45,163,413,0.395,519,1103,0.471,0.504,501,571,0.877,78,264,342,229,95,5,170,157,2028,OOR,2006
Justin Reed,SF,24,72,997,119,295,0.403,0,1,0.0,119,294,0.405,0.403,87,120,0.725,53,71,124,41,23,15,52,163,325,OOR,2006
Jason Richardson,SG,25,75,2877,641,1438,0.446,183,477,0.384,458,961,0.477,0.509,276,410,0.673,105,333,438,232,97,37,167,206,1741,OOR,2006
Quentin Richardson,SF,25,55,1442,163,459,0.355,64,188,0.34,99,271,0.365,0.425,61,91,0.67,65,165,230,88,39,6,56,134,451,OOR,2006
Luke Ridnour,PG,24,79,2625,334,799,0.418,43,149,0.289,291,650,0.448,0.445,199,227,0.877,47,188,235,550,123,22,162,178,910,OOR,2006
Anthony Roberson,PG,22,16,88,14,31,0.452,5,10,0.5,9,21,0.429,0.532,2,2,1.0,0,6,6,5,1,0,3,6,35,OOR,2006
Lawrence Roberts,C,23,33,181,20,44,0.455,0,2,0.0,20,42,0.476,0.455,11,23,0.478,26,23,49,5,8,2,5,30,51,OOR,2006
Bernard Robinson,SF,25,66,1303,157,365,0.43,2,21,0.095,155,344,0.451,0.433,106,134,0.791,62,157,219,77,81,10,74,141,422,OOR,2006
Clifford Robinson,PF,39,80,1863,219,513,0.427,60,175,0.343,159,338,0.47,0.485,52,79,0.658,55,212,267,89,44,40,62,206,550,OOR,2006
Nate Robinson,PG,21,72,1544,230,565,0.407,58,146,0.397,172,419,0.411,0.458,152,202,0.752,56,111,167,147,59,1,114,201,670,OOR,2006
Jalen Rose,SF-SG,33,72,1983,290,685,0.423,59,172,0.343,231,513,0.45,0.466,248,318,0.78,28,183,211,181,30,13,115,156,887,OOR,2006
Malik Rose,PF,31,72,1119,105,281,0.374,1,1,1.0,104,280,0.371,0.375,107,137,0.781,84,175,259,67,43,14,80,145,318,OOR,2006
Quinton Ross,SF,24,67,1515,130,308,0.422,0,7,0.0,130,301,0.432,0.422,57,75,0.76,38,132,170,79,51,16,47,155,317,OOR,2006
Michael Ruffin,C,29,76,1010,34,77,0.442,0,2,0.0,34,75,0.453,0.442,37,74,0.5,122,149,271,27,33,31,38,179,105,OOR,2006
Kareem Rush,SG,25,47,1111,181,469,0.386,57,164,0.348,124,305,0.407,0.447,55,77,0.714,18,85,103,50,38,13,65,79,474,OOR,2006
Bryon Russell,SF,35,1,3,0,0,0.0,0,0,0.0,0,0,0.0,0.0,0,0,0.0,0,1,1,1,0,0,0,0,0,OOR,2006
John Salmons,SG,26,82,2059,219,521,0.42,26,87,0.299,193,434,0.445,0.445,155,200,0.775,48,172,220,223,73,13,125,178,619,OOR,2006
Jamal Sampson,PF,22,12,39,5,7,0.714,0,0,0.0,5,7,0.714,0.714,0,2,0.0,5,13,18,5,0,4,0,5,10,OOR,2006
Melvin Sanders,SG,25,16,113,16,33,0.485,2,3,0.667,14,30,0.467,0.515,7,10,0.7,4,19,23,3,5,0,8,20,41,OOR,2006
Brian Scalabrine,PF,27,71,938,74,193,0.383,31,87,0.356,43,106,0.406,0.464,26,36,0.722,27,87,114,51,21,19,50,127,205,OOR,2006
Alex Scales,SG,27,1,0,0,0,0.0,0,0,0.0,0,0,0.0,0.0,0,0,0.0,0,0,0,0,0,0,0,0,0,OOR,2006
Luke Schenscher,C,23,20,149,16,26,0.615,0,0,0.0,16,26,0.615,0.615,4,13,0.308,8,21,29,7,1,3,5,21,36,OOR,2006
Ha Seung-Jin,C,20,27,212,18,31,0.581,0,0,0.0,18,31,0.581,0.581,8,17,0.471,14,35,49,1,3,8,14,41,44,OOR,2006
Wayne Simien,PF,22,43,414,58,120,0.483,0,0,0.0,58,120,0.483,0.483,30,34,0.882,38,50,88,7,13,1,24,70,146,OOR,2006
Bobby Simmons,SF,25,75,2538,366,808,0.453,105,250,0.42,261,558,0.468,0.518,165,200,0.825,91,242,333,172,86,21,123,254,1002,OOR,2006
James Singleton,SF,24,59,753,77,151,0.51,10,20,0.5,67,131,0.511,0.543,39,50,0.78,63,134,197,29,19,21,28,95,203,OOR,2006
Brian Skinner,PF-C,29,65,944,82,160,0.513,0,0,0.0,82,160,0.513,0.513,27,56,0.482,76,152,228,30,25,43,45,119,191,OOR,2006
Charles Smith,SG,30,22,210,30,72,0.417,15,38,0.395,15,34,0.441,0.521,5,8,0.625,3,13,16,9,5,6,4,28,80,OOR,2006
Donta Smith,SG,22,23,127,15,27,0.556,2,4,0.5,13,23,0.565,0.593,6,12,0.5,3,11,14,9,8,0,4,20,38,OOR,2006
J.R. Smith,SG,20,55,989,144,366,0.393,52,140,0.371,92,226,0.407,0.464,83,101,0.822,19,91,110,58,37,4,54,90,423,OOR,2006
Joe Smith,PF,30,44,887,145,305,0.475,0,2,0.0,145,303,0.479,0.475,89,115,0.774,83,147,230,31,24,13,40,120,379,OOR,2006
Josh Smith,SF,20,80,2559,329,774,0.425,34,110,0.309,295,664,0.444,0.447,210,292,0.719,176,355,531,191,64,208,162,260,902,OOR,2006
Eric Snow,PG,32,82,2351,163,399,0.409,1,10,0.1,162,389,0.416,0.41,64,93,0.688,38,160,198,346,76,19,116,218,391,OOR,2006
Kirk Snyder,SG,22,68,1310,205,453,0.453,46,129,0.357,159,324,0.491,0.503,86,117,0.735,55,106,161,102,29,23,70,106,542,OOR,2006
Darius Songaila,PF,27,62,1329,236,491,0.481,2,5,0.4,234,486,0.481,0.483,94,115,0.817,76,170,246,88,35,16,85,157,568,OOR,2006
Pape Sow,C,24,42,590,53,123,0.431,0,0,0.0,53,123,0.431,0.431,41,57,0.719,54,92,146,8,21,19,30,118,147,OOR,2006
Jerry Stackhouse,SG,31,55,1525,242,603,0.401,36,130,0.277,206,473,0.436,0.431,195,221,0.882,32,121,153,160,37,10,121,96,715,OOR,2006
DeShawn Stevenson,SG,24,82,2648,359,781,0.46,2,15,0.133,357,766,0.466,0.461,180,242,0.744,59,182,241,160,58,17,123,178,900,OOR,2006
Peja Stojaković,SF,28,71,2601,445,1018,0.437,162,404,0.401,283,614,0.461,0.517,238,260,0.915,79,336,415,136,45,10,103,171,1290,OOR,2006
Awvee Storey,SF,28,25,116,16,41,0.39,3,7,0.429,13,34,0.382,0.427,8,14,0.571,8,14,22,4,3,1,5,22,43,OOR,2006
Damon Stoudamire,PG,32,27,862,114,287,0.397,36,104,0.346,78,183,0.426,0.46,53,62,0.855,23,72,95,128,19,1,55,49,317,OOR,2006
Salim Stoudamire,SG,23,61,1236,204,492,0.415,82,216,0.38,122,276,0.442,0.498,99,110,0.9,12,104,116,75,27,3,82,118,589,OOR,2006
Amar'e Stoudemire,C,23,3,50,9,27,0.333,0,1,0.0,9,26,0.346,0.333,8,9,0.889,6,10,16,2,1,3,1,4,26,OOR,2006
Mike Sweetney,C,23,66,1222,200,444,0.45,0,0,0.0,200,444,0.45,0.45,133,204,0.652,118,232,350,59,19,56,95,209,533,OOR,2006
Robert Swift,C,20,47,987,124,241,0.515,0,0,0.0,124,241,0.515,0.515,53,91,0.582,94,170,264,8,15,56,49,142,301,OOR,2006
Stromile Swift,C,26,66,1344,225,458,0.491,0,2,0.0,225,456,0.493,0.491,136,209,0.651,103,188,291,25,38,50,91,198,586,OOR,2006
Wally Szczerbiak,SF,28,72,2729,493,1012,0.487,102,255,0.4,391,757,0.517,0.538,278,310,0.897,77,236,313,213,40,19,136,150,1366,OOR,2006
Chris Taft,C,20,17,144,23,38,0.605,0,0,0.0,23,38,0.605,0.605,1,6,0.167,19,17,36,2,2,7,2,25,47,OOR,2006
Donell Taylor,SG,23,51,465,53,136,0.39,4,17,0.235,49,119,0.412,0.404,30,43,0.698,16,37,53,45,30,4,34,47,140,OOR,2006
Maurice Taylor,PF,29,67,1210,182,389,0.468,0,1,0.0,182,388,0.469,0.468,58,83,0.699,65,164,229,53,21,14,103,177,422,OOR,2006
Sebastian Telfair,PG,20,68,1641,228,578,0.394,57,162,0.352,171,416,0.411,0.444,130,175,0.743,19,101,120,247,66,6,115,167,643,OOR,2006
Jason Terry,PG,28,80,2798,516,1099,0.47,171,416,0.411,345,683,0.505,0.547,168,210,0.8,31,127,158,306,100,27,135,196,1371,OOR,2006
Billy Thomas,SG,30,17,131,13,40,0.325,10,30,0.333,3,10,0.3,0.45,2,2,1.0,5,9,14,9,10,1,6,19,38,OOR,2006
Etan Thomas,C,27,71,1121,131,246,0.533,0,0,0.0,131,246,0.533,0.533,75,125,0.6,99,180,279,14,20,68,51,148,337,OOR,2006
James Thomas,PF,25,22,150,10,19,0.526,0,0,0.0,10,19,0.526,0.526,8,14,0.571,12,27,39,1,0,3,7,35,28,OOR,2006
John Thomas,C,30,16,127,6,15,0.4,0,0,0.0,6,15,0.4,0.4,3,4,0.75,10,10,20,2,3,2,8,17,15,OOR,2006
Kenny Thomas,PF,28,82,2293,305,604,0.505,0,1,0.0,305,603,0.506,0.505,138,204,0.676,199,419,618,168,72,39,135,196,748,OOR,2006
Kurt Thomas,C,33,53,1411,190,391,0.486,0,0,0.0,190,391,0.486,0.486,75,92,0.815,102,313,415,57,23,54,57,193,455,OOR,2006
Tim Thomas,PF-SF,28,29,666,113,262,0.431,46,111,0.414,67,151,0.444,0.519,28,42,0.667,22,109,131,20,16,7,33,78,300,OOR,2006
Dijon Thompson,SG,22,10,43,11,25,0.44,4,11,0.364,7,14,0.5,0.52,2,2,1.0,4,7,11,1,3,1,2,6,28,OOR,2006
Jamaal Tinsley,PG,27,42,1122,158,386,0.409,16,70,0.229,142,316,0.449,0.43,58,91,0.637,35,98,133,211,49,6,109,96,390,OOR,2006
Jake Tsakalidis,C,26,51,732,100,165,0.606,0,0,0.0,100,165,0.606,0.606,57,87,0.655,78,134,212,13,14,32,39,107,257,OOR,2006
Nikoloz Tskitishvili,SF-PF,22,17,99,13,37,0.351,1,3,0.333,12,34,0.353,0.365,9,14,0.643,9,13,22,3,1,2,6,8,36,OOR,2006
Ronny Turiaf,C,23,23,161,15,30,0.5,0,0,0.0,15,30,0.5,0.5,15,27,0.556,11,26,37,8,3,10,7,30,45,OOR,2006
Hedo Türkoğlu,SF,26,78,2615,398,877,0.454,114,283,0.403,284,594,0.478,0.519,255,296,0.861,70,263,333,216,70,21,130,234,1165,OOR,2006
Ime Udoka,SF,28,8,114,9,24,0.375,1,3,0.333,8,21,0.381,0.396,3,6,0.5,3,14,17,6,1,0,2,8,22,OOR,2006
Beno Udrih,PG,23,54,586,106,233,0.455,24,70,0.343,82,163,0.503,0.506,39,50,0.78,18,34,52,92,14,2,53,55,275,OOR,2006
Nick Van Exel,PG,34,65,986,136,343,0.397,55,154,0.357,81,189,0.429,0.477,28,41,0.683,6,85,91,123,16,3,57,60,355,OOR,2006
Keith Van Horn,SF,30,53,1090,164,387,0.424,50,136,0.368,114,251,0.454,0.488,94,113,0.832,54,138,192,37,31,11,71,121,472,OOR,2006
Anderson Varejão,C,23,48,760,79,150,0.527,0,1,0.0,79,149,0.53,0.527,61,119,0.513,77,158,235,19,31,19,27,118,219,OOR,2006
Jacque Vaughn,SG,30,80,1234,107,245,0.437,1,6,0.167,106,239,0.444,0.439,59,81,0.728,16,75,91,123,42,1,52,140,274,OOR,2006
Charlie Villanueva,PF,21,81,2361,435,940,0.463,70,214,0.327,365,726,0.503,0.5,113,160,0.706,181,340,521,88,60,63,99,247,1053,OOR,2006
Jake Voskuhl,C,28,51,818,114,261,0.437,1,3,0.333,113,258,0.438,0.439,41,60,0.683,62,121,183,39,26,23,33,157,270,OOR,2006
Jackson Vroman,PF,24,41,406,26,66,0.394,0,0,0.0,26,66,0.394,0.394,21,44,0.477,33,53,86,11,12,11,21,78,73,OOR,2006
Sasha Vujačić,PG,21,82,1449,108,312,0.346,59,172,0.343,49,140,0.35,0.441,46,52,0.885,33,126,159,139,48,3,50,150,321,OOR,2006
Dwyane Wade,SG,24,75,2892,699,1413,0.495,13,76,0.171,686,1337,0.513,0.499,629,803,0.783,107,323,430,503,146,58,268,217,2040,OOR,2006
Von Wafer,SG,20,16,73,6,38,0.158,2,17,0.118,4,21,0.19,0.184,6,8,0.75,5,3,8,4,3,0,1,12,20,OOR,2006
Antoine Walker,PF,29,82,2199,391,898,0.435,137,383,0.358,254,515,0.493,0.512,81,129,0.628,103,318,421,166,47,30,150,187,1000,OOR,2006
Samaki Walker,PF,29,7,22,0,2,0.0,0,0,0.0,0,2,0.0,0.0,2,2,1.0,0,3,3,0,0,1,2,7,2,OOR,2006
Ben Wallace,C,31,82,2890,237,465,0.51,0,4,0.0,237,461,0.514,0.51,123,296,0.416,301,622,923,158,146,181,88,164,597,OOR,2006
Gerald Wallace,SF,23,55,1895,317,589,0.538,14,50,0.28,303,539,0.562,0.55,188,306,0.614,123,289,412,96,138,115,99,150,836,OOR,2006
Rasheed Wallace,PF,31,80,2780,459,1067,0.43,155,434,0.357,304,633,0.48,0.503,136,183,0.743,90,457,547,182,82,130,85,232,1209,OOR,2006
Matt Walsh,SG,23,2,3,1,1,1.0,0,0,0.0,1,1,1.0,1.0,0,2,0.0,0,0,0,0,0,0,1,0,2,OOR,2006
Luke Walton,SF,25,69,1333,135,328,0.412,18,55,0.327,117,273,0.429,0.439,57,76,0.75,88,159,247,156,41,15,78,119,345,OOR,2006
Hakim Warrick,PF,23,68,724,101,228,0.443,0,0,0.0,101,228,0.443,0.443,76,115,0.661,43,101,144,30,14,21,56,113,278,OOR,2006
Earl Watson,PG,26,70,1578,219,509,0.43,110,272,0.404,109,237,0.46,0.538,75,111,0.676,24,134,158,289,68,10,136,159,623,OOR,2006
Chris Webber,PF,32,75,2893,617,1422,0.434,21,77,0.273,596,1345,0.443,0.441,263,348,0.756,184,557,741,256,103,62,182,219,1518,OOR,2006
Martell Webster,SF,19,61,1070,139,348,0.399,65,182,0.357,74,166,0.446,0.493,61,71,0.859,29,101,130,34,21,14,43,90,404,OOR,2006
Bonzi Wells,SG,29,52,1684,284,613,0.463,10,45,0.222,274,568,0.482,0.471,129,190,0.679,142,259,401,144,94,25,126,156,707,OOR,2006
Jiří Welsch,SF,26,58,866,86,222,0.387,14,49,0.286,72,173,0.416,0.419,65,87,0.747,22,89,111,62,34,1,41,65,251,OOR,2006
David Wesley,SG,35,71,2372,226,561,0.403,99,271,0.365,127,290,0.438,0.491,151,187,0.807,24,154,178,204,59,6,120,212,702,OOR,2006
David West,PF,25,74,2526,530,1036,0.512,3,11,0.273,527,1025,0.514,0.513,199,236,0.843,168,380,548,92,61,64,105,214,1262,OOR,2006
Delonte West,PG,22,71,2418,333,684,0.487,84,218,0.385,249,466,0.534,0.548,86,101,0.851,57,232,289,329,84,46,133,197,836,OOR,2006
Robert Whaley,C,23,23,212,23,57,0.404,0,0,0.0,23,57,0.404,0.404,3,6,0.5,16,27,43,17,7,8,14,41,49,OOR,2006
Chris Wilcox,C-PF,23,77,1529,257,450,0.571,0,2,0.0,257,448,0.574,0.571,112,153,0.732,118,292,410,52,33,34,72,183,626,OOR,2006
Damien Wilkins,SF,26,82,1525,193,435,0.444,14,56,0.25,179,379,0.472,0.46,136,162,0.84,79,113,192,107,72,12,85,144,536,OOR,2006
Mike Wilks,PG,26,47,348,29,90,0.322,3,19,0.158,26,71,0.366,0.339,25,41,0.61,9,30,39,32,14,1,24,34,86,OOR,2006
Aaron Williams,C,34,48,791,91,176,0.517,0,0,0.0,91,176,0.517,0.517,40,58,0.69,64,117,181,17,17,21,30,138,222,OOR,2006
Alvin Williams,PG,31,1,10,0,3,0.0,0,2,0.0,0,1,0.0,0.0,1,2,0.5,0,3,3,0,0,0,0,0,1,OOR,2006
Deron Williams,PG,21,80,2307,339,805,0.421,91,219,0.416,248,586,0.423,0.478,95,135,0.704,35,159,194,359,60,17,145,233,864,OOR,2006
Eric Williams,SF,33,28,352,29,75,0.387,5,18,0.278,24,57,0.421,0.42,28,38,0.737,10,40,50,15,7,2,15,55,91,OOR,2006
Jason Williams,PG,30,59,1874,268,606,0.442,107,288,0.372,161,318,0.506,0.531,85,98,0.867,6,133,139,287,53,5,100,101,728,OOR,2006
Lou Williams,PG,19,30,145,23,52,0.442,2,9,0.222,21,43,0.488,0.462,8,13,0.615,3,16,19,10,5,0,13,13,56,OOR,2006
Marvin Williams,PF,19,79,1952,235,531,0.443,13,53,0.245,222,478,0.464,0.455,189,253,0.747,122,261,383,63,48,24,83,227,672,OOR,2006
Mo Williams,PG,23,58,1531,267,629,0.424,73,191,0.382,194,438,0.443,0.483,96,113,0.85,30,113,143,230,52,7,105,146,703,OOR,2006
Corliss Williamson,SF,32,37,362,43,103,0.417,2,2,1.0,41,101,0.406,0.427,38,49,0.776,21,46,67,14,7,4,30,56,126,OOR,2006
Loren Woods,C,27,27,324,28,59,0.475,0,1,0.0,28,58,0.483,0.475,6,14,0.429,44,66,110,4,9,23,16,49,62,OOR,2006
Qyntel Woods,SF,24,49,1013,129,254,0.508,22,60,0.367,107,194,0.552,0.551,49,76,0.645,44,146,190,47,32,13,61,96,329,OOR,2006
Metta World Peace,SF,26,56,2207,350,867,0.404,78,253,0.308,272,614,0.443,0.449,206,305,0.675,75,211,286,203,122,41,131,164,984,OOR,2006
Antoine Wright,SG,21,39,370,29,81,0.358,1,15,0.067,28,66,0.424,0.364,11,22,0.5,8,22,30,12,4,3,21,42,70,OOR,2006
Bracey Wright,SG,21,7,135,21,51,0.412,6,17,0.353,15,34,0.441,0.471,14,16,0.875,3,15,18,5,1,0,8,8,62,OOR,2006
Dorell Wright,SF,20,20,132,20,43,0.465,3,6,0.5,17,37,0.459,0.5,15,17,0.882,2,30,32,8,3,1,14,12,58,OOR,2006
Lorenzen Wright,C,30,78,1689,194,406,0.478,0,2,0.0,194,404,0.48,0.478,66,117,0.564,142,253,395,48,52,46,67,201,454,OOR,2006
Derrick Zimmerman,PG,24,2,32,2,3,0.667,0,0,0.0,2,3,0.667,0.667,0,0,0.0,1,3,4,7,0,0,4,4,4,OOR,2006
