Player,Pos,Age,G,MP,FG,FGA,FG%,3P,3PA,3P%,2P,2PA,2P%,eFG%,FT,FTA,FT%,ORB,DRB,TRB,AST,STL,BLK,TOV,PF,PTS,Status,Season
Arron Afflalo,SG,24,82,2221,272,585,0.465,108,249,0.434,164,336,0.488,0.557,72,98,0.735,59,193,252,138,46,30,74,225,724,OOR,2010
Alexis Ajinça,C,21,6,30,5,10,0.5,0,0,0.0,5,10,0.5,0.5,0,1,0.0,1,3,4,0,1,1,2,5,10,OOR,2010
LaMarcus Aldridge,PF,24,78,2922,579,1169,0.495,5,16,0.313,574,1153,0.498,0.497,230,304,0.757,192,435,627,160,67,48,104,231,1393,OOR,2010
Joe Alexander,SF,23,8,29,1,6,0.167,0,1,0.0,1,5,0.2,0.167,2,3,0.667,2,3,5,2,1,1,0,9,4,OOR,2010
Malik Allen,PF,31,51,456,46,116,0.397,1,6,0.167,45,110,0.409,0.401,12,13,0.923,36,46,82,16,11,5,22,68,105,OOR,2010
Ray Allen,SG,34,80,2819,464,973,0.477,145,399,0.363,319,574,0.556,0.551,231,253,0.913,45,208,253,210,64,25,129,182,1304,OOR,2010
Tony Allen,SG,28,54,889,129,253,0.51,0,5,0.0,129,248,0.52,0.51,72,119,0.605,52,93,145,72,59,19,66,109,330,OOR,2010
Rafer Alston,PG,33,52,1421,155,446,0.348,58,168,0.345,97,278,0.349,0.413,59,81,0.728,13,116,129,176,50,10,95,103,427,OOR,2010
Lou Amundson,PF,27,79,1168,152,276,0.551,0,1,0.0,152,275,0.553,0.551,67,123,0.545,128,218,346,31,24,73,57,169,371,OOR,2010
Chris Andersen,PF,31,76,1695,142,251,0.566,0,3,0.0,142,248,0.573,0.566,164,236,0.695,147,336,483,33,42,143,59,171,448,OOR,2010
David Andersen,C,29,63,891,147,340,0.432,27,78,0.346,120,262,0.458,0.472,46,67,0.687,54,154,208,44,15,12,37,119,367,OOR,2010
Antonio Anderson,SF,24,1,15,1,3,0.333,0,0,0.0,1,3,0.333,0.333,0,0,0.0,1,0,1,0,0,0,1,1,2,OOR,2010
Ryan Anderson,PF,21,63,911,169,388,0.436,78,211,0.37,91,177,0.514,0.536,71,82,0.866,70,132,202,37,25,14,56,81,487,OOR,2010
Carmelo Anthony,SF,25,69,2634,688,1502,0.458,59,187,0.316,629,1315,0.478,0.478,508,612,0.83,152,302,454,222,88,30,209,225,1943,OOR,2010
Joel Anthony,C,27,80,1322,76,159,0.478,0,0,0.0,76,159,0.478,0.478,66,92,0.717,123,126,249,12,20,109,45,158,218,OOR,2010
Gilbert Arenas,PG,28,32,1169,253,616,0.411,63,181,0.348,190,435,0.437,0.462,153,207,0.739,17,116,133,230,41,9,117,95,722,OOR,2010
Trevor Ariza,SF,24,72,2629,394,999,0.394,136,407,0.334,258,592,0.436,0.462,148,228,0.649,78,325,403,276,126,40,161,162,1072,OOR,2010
Hilton Armstrong,PF-C,25,33,335,28,79,0.354,0,1,0.0,28,78,0.359,0.354,15,32,0.469,27,54,81,21,15,12,22,59,71,OOR,2010
Carlos Arroyo,PG,30,72,1585,178,375,0.475,7,25,0.28,171,350,0.489,0.484,76,90,0.844,26,104,130,225,36,6,54,102,439,OOR,2010
Darrell Arthur,PF,21,32,457,63,146,0.432,0,1,0.0,63,145,0.434,0.432,17,30,0.567,37,73,110,15,14,14,22,60,143,OOR,2010
Chucky Atkins,PG,35,40,644,57,157,0.363,22,73,0.301,35,84,0.417,0.433,25,27,0.926,5,24,29,91,17,0,32,53,161,OOR,2010
D.J. Augustin,PG,22,80,1472,168,435,0.386,70,178,0.393,98,257,0.381,0.467,102,131,0.779,11,86,97,193,45,5,74,127,508,OOR,2010
Jeff Ayres,C,22,39,405,43,65,0.662,0,0,0.0,43,65,0.662,0.662,18,20,0.9,25,73,98,1,7,16,12,76,104,OOR,2010
Kelenna Azubuike,SF,26,9,231,48,88,0.545,10,27,0.37,38,61,0.623,0.602,19,28,0.679,12,29,41,10,5,9,7,16,125,OOR,2010
Renaldo Balkman,SF,25,13,91,6,18,0.333,0,7,0.0,6,11,0.545,0.333,2,6,0.333,4,19,23,7,8,2,6,16,14,OOR,2010
Marcus Banks,PG,28,22,244,39,73,0.534,7,24,0.292,32,49,0.653,0.582,24,29,0.828,3,20,23,26,12,2,20,30,109,OOR,2010
Leandro Barbosa,PG,27,44,786,155,365,0.425,44,136,0.324,111,229,0.485,0.485,64,73,0.877,11,58,69,64,23,12,46,71,418,OOR,2010
J.J. Barea,PG,25,78,1546,232,527,0.44,56,157,0.357,176,370,0.476,0.493,76,90,0.844,17,129,146,258,35,6,102,119,596,OOR,2010
Andrea Bargnani,PF,24,80,2799,537,1143,0.47,121,325,0.372,416,818,0.509,0.523,181,234,0.774,105,388,493,93,25,111,120,215,1376,OOR,2010
Matt Barnes,SF,29,81,2097,271,557,0.487,66,207,0.319,205,350,0.586,0.546,108,146,0.74,106,339,445,134,59,30,112,185,716,OOR,2010
Earl Barron,C,28,7,232,30,68,0.441,0,0,0.0,30,68,0.441,0.441,22,29,0.759,31,46,77,8,4,4,11,24,82,OOR,2010
Brandon Bass,PF,24,50,648,119,233,0.511,0,0,0.0,119,233,0.511,0.511,52,63,0.825,54,73,127,19,12,27,31,69,290,OOR,2010
Tony Battie,C,33,15,134,14,40,0.35,1,4,0.25,13,36,0.361,0.363,7,10,0.7,4,19,23,3,4,2,3,19,36,OOR,2010
Shane Battier,SG,31,67,2168,178,447,0.398,101,279,0.362,77,168,0.458,0.511,77,106,0.726,74,238,312,164,53,76,64,139,534,OOR,2010
Nicolas Batum,SF,21,37,918,139,268,0.519,54,132,0.409,85,136,0.625,0.619,43,51,0.843,32,109,141,44,24,25,27,83,375,OOR,2010
Jerryd Bayless,SG,21,74,1304,200,483,0.414,29,92,0.315,171,391,0.437,0.444,201,242,0.831,18,102,120,172,26,5,94,152,630,OOR,2010
Michael Beasley,PF,21,78,2328,468,1040,0.45,28,102,0.275,440,938,0.469,0.463,192,240,0.8,123,375,498,100,80,49,131,221,1156,OOR,2010
Rodrigue Beaubois,PG,21,56,700,155,299,0.518,45,110,0.409,110,189,0.582,0.594,42,52,0.808,12,66,78,74,29,12,54,84,397,OOR,2010
Marco Belinelli,SG,23,66,1121,154,379,0.406,60,158,0.38,94,221,0.425,0.485,101,121,0.835,14,81,95,89,42,5,60,80,469,OOR,2010
Charlie Bell,SG,30,71,1611,169,443,0.381,73,200,0.365,96,243,0.395,0.464,48,67,0.716,31,101,132,104,39,12,54,136,459,OOR,2010
Raja Bell,SG,33,6,180,28,61,0.459,12,27,0.444,16,34,0.471,0.557,3,3,1.0,5,18,23,13,4,2,5,15,71,OOR,2010
Jonathan Bender,SF,29,25,292,40,100,0.4,14,39,0.359,26,61,0.426,0.47,24,26,0.923,15,37,52,16,2,17,28,33,118,OOR,2010
Mike Bibby,PG,31,80,2195,268,644,0.416,126,324,0.389,142,320,0.444,0.514,68,79,0.861,20,164,184,310,67,3,90,157,730,OOR,2010
Andris Biedriņš,C,23,33,763,81,137,0.591,0,0,0.0,81,137,0.591,0.591,4,25,0.16,63,196,259,57,20,44,32,117,166,OOR,2010
Chauncey Billups,PG,33,73,2490,402,962,0.418,157,407,0.386,245,555,0.441,0.499,466,512,0.91,25,203,228,409,82,9,177,153,1427,OOR,2010
DeJuan Blair,PF,20,82,1494,275,495,0.556,0,2,0.0,275,493,0.558,0.556,88,161,0.547,200,326,526,65,50,39,112,224,638,OOR,2010
Steve Blake,PG,29,80,2159,217,522,0.416,116,294,0.395,101,228,0.443,0.527,36,48,0.75,21,166,187,380,58,6,128,123,586,OOR,2010
Andray Blatche,PF,23,81,2256,478,999,0.478,13,44,0.295,465,955,0.487,0.485,174,234,0.744,158,351,509,170,85,71,182,218,1143,OOR,2010
Keith Bogans,SF,29,79,1559,120,298,0.403,70,196,0.357,50,102,0.49,0.52,37,50,0.74,25,151,176,95,45,12,53,156,347,OOR,2010
Andrew Bogut,C,25,69,2229,473,910,0.52,0,2,0.0,473,908,0.521,0.52,149,237,0.629,208,493,701,127,39,175,131,222,1095,OOR,2010
Matt Bonner,PF,29,65,1161,166,372,0.446,90,231,0.39,76,141,0.539,0.567,35,48,0.729,52,162,214,68,30,24,39,109,457,OOR,2010
Josh Boone,PF,25,63,1045,117,223,0.525,0,0,0.0,117,223,0.525,0.525,19,58,0.328,124,191,315,29,30,48,37,111,253,OOR,2010
Carlos Boozer,PF,28,78,2673,617,1098,0.562,0,0,0.0,617,1098,0.562,0.562,285,384,0.742,181,693,874,247,84,36,212,270,1519,OOR,2010
Chris Bosh,C,25,70,2526,600,1158,0.518,8,22,0.364,592,1136,0.521,0.522,470,590,0.797,205,554,759,166,43,68,169,170,1678,OOR,2010
Ryan Bowen,SF,34,1,8,1,1,1.0,0,0,0.0,1,1,1.0,1.0,2,2,1.0,1,1,2,0,1,0,0,2,4,OOR,2010
Earl Boykins,PG,33,67,1117,172,403,0.427,19,60,0.317,153,343,0.446,0.45,77,89,0.865,17,58,75,171,24,3,69,48,440,OOR,2010
Elton Brand,PF,30,76,2297,412,858,0.48,0,1,0.0,412,857,0.481,0.48,172,233,0.738,179,282,461,109,82,80,131,232,996,OOR,2010
Corey Brewer,SG,23,82,2482,409,949,0.431,82,237,0.346,327,712,0.459,0.474,166,256,0.648,70,209,279,193,117,29,164,224,1066,OOR,2010
Ronnie Brewer,SG,24,58,1742,209,429,0.487,8,31,0.258,201,398,0.505,0.497,85,133,0.639,45,142,187,154,91,15,53,80,511,OOR,2010
Primož Brezec,C,30,21,95,9,26,0.346,0,0,0.0,9,26,0.346,0.346,1,6,0.167,12,13,25,1,1,3,2,19,19,OOR,2010
Jon Brockman,PF,22,52,654,55,103,0.534,0,0,0.0,55,103,0.534,0.534,37,62,0.597,105,108,213,22,15,5,23,115,147,OOR,2010
Aaron Brooks,PG,25,82,2919,575,1331,0.432,209,525,0.398,366,806,0.454,0.511,245,298,0.822,54,161,215,434,69,14,232,199,1604,OOR,2010
Bobby Brown,PG,25,45,519,88,237,0.371,26,98,0.265,62,139,0.446,0.426,13,15,0.867,9,29,38,88,15,1,46,42,215,OOR,2010
Derrick Brown,SF,22,57,535,68,147,0.463,2,7,0.286,66,140,0.471,0.469,48,72,0.667,31,47,78,19,21,10,19,53,186,OOR,2010
Devin Brown,SG,31,50,1060,136,361,0.377,58,164,0.354,78,197,0.396,0.457,69,86,0.802,29,95,124,65,33,6,62,72,399,OOR,2010
Kwame Brown,C,27,48,660,62,124,0.5,0,1,0.0,62,123,0.504,0.5,33,98,0.337,53,124,177,22,15,12,43,93,157,OOR,2010
Shannon Brown,SG,24,82,1700,253,592,0.427,62,189,0.328,191,403,0.474,0.48,99,121,0.818,30,153,183,108,57,31,67,129,667,OOR,2010
Kobe Bryant,SG,31,73,2835,716,1569,0.456,99,301,0.329,617,1268,0.487,0.488,439,541,0.811,78,313,391,365,113,20,233,187,1970,Candidate,2010
Chase Budinger,SF,21,74,1488,249,565,0.441,92,249,0.369,157,316,0.497,0.522,67,87,0.77,38,182,220,88,34,11,48,85,657,OOR,2010
Caron Butler,SF-SG,29,74,2783,450,1051,0.428,42,145,0.29,408,906,0.45,0.448,264,315,0.838,104,357,461,156,116,24,160,193,1206,OOR,2010
Rasual Butler,SF,30,82,2702,356,870,0.409,145,432,0.336,211,438,0.482,0.493,122,145,0.841,39,201,240,116,36,68,79,121,979,OOR,2010
Andrew Bynum,C,22,65,1977,392,688,0.57,0,1,0.0,392,687,0.571,0.57,193,261,0.739,177,364,541,68,35,94,115,193,977,OOR,2010
Will Bynum,PG,27,63,1667,237,534,0.444,12,55,0.218,225,479,0.47,0.455,142,178,0.798,24,118,142,283,55,7,115,143,628,OOR,2010
José Calderón,PG,28,68,1817,274,568,0.482,68,171,0.398,206,397,0.519,0.542,83,104,0.798,23,119,142,404,47,7,99,135,699,OOR,2010
Marcus Camby,PF-C,35,74,2314,238,501,0.475,2,7,0.286,236,494,0.478,0.477,78,122,0.639,249,622,871,186,95,146,91,161,556,OOR,2010
Brian Cardinal,PF,32,29,267,14,36,0.389,3,9,0.333,11,27,0.407,0.431,17,18,0.944,7,22,29,24,9,3,7,56,48,OOR,2010
Rodney Carney,SG,25,68,857,113,282,0.401,41,135,0.304,72,147,0.49,0.473,52,63,0.825,26,111,137,37,25,20,21,79,319,OOR,2010
DeMarre Carroll,SF,23,71,795,88,222,0.396,0,6,0.0,88,216,0.407,0.396,33,53,0.623,53,97,150,33,28,9,24,107,209,OOR,2010
Matt Carroll,SG,29,25,121,18,50,0.36,4,19,0.211,14,31,0.452,0.4,6,6,1.0,4,8,12,6,5,0,7,13,46,OOR,2010
Anthony Carter,PG,34,54,859,76,181,0.42,17,63,0.27,59,118,0.5,0.467,11,13,0.846,17,72,89,160,39,13,58,72,180,OOR,2010
Vince Carter,SG,33,75,2310,434,1015,0.428,119,324,0.367,315,691,0.456,0.486,257,306,0.84,33,260,293,236,53,18,106,189,1244,OOR,2010
Omri Casspi,SF,21,77,1931,300,672,0.446,75,203,0.369,225,469,0.48,0.502,117,174,0.672,75,274,349,95,54,17,98,125,792,OOR,2010
Mario Chalmers,PG,23,73,1807,182,454,0.401,75,236,0.318,107,218,0.491,0.483,82,110,0.745,25,110,135,246,91,12,123,175,521,OOR,2010
Tyson Chandler,C,27,51,1163,109,190,0.574,0,0,0.0,109,190,0.574,0.574,115,157,0.732,114,206,320,16,17,55,91,138,333,OOR,2010
Wilson Chandler,SG,22,65,2320,412,860,0.479,40,150,0.267,372,710,0.524,0.502,129,160,0.806,93,255,348,138,46,49,108,184,993,OOR,2010
Earl Clark,PF,22,51,383,56,151,0.371,2,5,0.4,54,146,0.37,0.377,26,36,0.722,18,44,62,21,7,13,23,25,140,OOR,2010
Jarron Collins,C,31,34,261,12,31,0.387,0,0,0.0,12,31,0.387,0.387,10,25,0.4,22,40,62,6,2,3,10,42,34,OOR,2010
Jason Collins,C,31,24,115,8,23,0.348,0,1,0.0,8,22,0.364,0.348,0,2,0.0,5,9,14,4,3,2,5,21,16,OOR,2010
Mardy Collins,SG,25,43,470,47,128,0.367,4,17,0.235,43,111,0.387,0.383,13,21,0.619,13,37,50,44,23,1,32,45,111,OOR,2010
Darren Collison,PG,22,76,2109,376,789,0.477,46,115,0.4,330,674,0.49,0.506,148,174,0.851,41,151,192,432,78,4,202,92,946,OOR,2010
Nick Collison,C,29,75,1557,182,309,0.589,1,4,0.25,181,305,0.593,0.591,74,107,0.692,152,232,384,38,37,48,63,230,439,OOR,2010
Mike Conley,PG,22,80,2569,369,830,0.445,82,212,0.387,287,618,0.464,0.494,139,187,0.743,30,161,191,425,109,12,170,178,959,OOR,2010
Will Conroy,PG,27,5,36,3,10,0.3,0,3,0.0,3,7,0.429,0.3,0,2,0.0,0,3,3,7,0,0,4,5,6,OOR,2010
Brian Cook,PF,29,15,44,7,23,0.304,2,9,0.222,5,14,0.357,0.348,5,7,0.714,1,8,9,1,0,2,6,5,21,OOR,2010
Daequan Cook,SG,22,45,691,81,253,0.32,40,126,0.317,41,127,0.323,0.399,21,25,0.84,9,73,82,43,14,10,24,50,223,OOR,2010
Jamal Crawford,SG,29,79,2460,496,1105,0.449,163,427,0.382,333,678,0.491,0.523,270,315,0.857,34,167,201,238,61,12,137,132,1425,OOR,2010
Dante Cunningham,PF,22,63,707,106,214,0.495,0,2,0.0,106,212,0.5,0.495,31,48,0.646,54,106,160,14,24,22,15,97,243,OOR,2010
Eddy Curry,C,27,7,62,8,21,0.381,0,0,0.0,8,21,0.381,0.381,10,17,0.588,4,9,13,0,0,1,13,13,26,OOR,2010
JamesOn Curry,PG,24,1,0,0,0,0.0,0,0,0.0,0,0,0.0,0.0,0,0,0.0,0,0,0,0,0,0,0,0,0,OOR,2010
Stephen Curry,PG,21,80,2896,528,1143,0.462,166,380,0.437,362,763,0.474,0.535,177,200,0.885,48,308,356,472,152,19,243,252,1399,OOR,2010
Samuel Dalembert,C,28,82,2124,285,523,0.545,0,0,0.0,285,523,0.545,0.545,97,133,0.729,239,545,784,64,42,151,123,252,667,OOR,2010
Erick Dampier,C,34,55,1280,133,213,0.624,1,3,0.333,132,210,0.629,0.627,61,101,0.604,128,272,400,31,15,77,61,153,328,OOR,2010
Marquis Daniels,SF,29,51,937,124,249,0.498,6,28,0.214,118,221,0.534,0.51,34,56,0.607,27,68,95,66,27,6,42,91,288,OOR,2010
Baron Davis,PG,30,75,2523,412,1015,0.406,82,296,0.277,330,719,0.459,0.446,239,291,0.821,52,214,266,598,126,43,211,210,1145,OOR,2010
Glen Davis,PF,24,54,933,122,279,0.437,0,4,0.0,122,275,0.444,0.437,96,138,0.696,101,104,205,35,21,14,53,132,340,OOR,2010
Paul Davis,PF,25,2,8,2,4,0.5,0,0,0.0,2,4,0.5,0.5,1,2,0.5,0,0,0,3,0,1,0,0,5,OOR,2010
Ricky Davis,SF,30,36,499,62,143,0.434,16,42,0.381,46,101,0.455,0.49,18,31,0.581,10,47,57,39,11,3,29,39,158,OOR,2010
Austin Daye,SF,21,69,915,137,295,0.464,29,95,0.305,108,200,0.54,0.514,46,56,0.821,34,140,174,34,25,26,48,114,349,OOR,2010
Carlos Delfino,SF,27,75,2279,299,732,0.408,134,365,0.367,165,367,0.45,0.5,93,119,0.782,51,343,394,202,80,21,119,138,825,OOR,2010
Luol Deng,SF,24,70,2651,473,1014,0.466,32,83,0.386,441,931,0.474,0.482,252,330,0.764,131,381,512,143,66,61,134,129,1230,OOR,2010
DeMar DeRozan,SG,20,77,1664,255,512,0.498,4,16,0.25,251,496,0.506,0.502,148,194,0.763,66,157,223,53,43,18,62,176,662,OOR,2010
Boris Diaw,PF,27,82,2906,373,773,0.483,66,206,0.32,307,567,0.541,0.525,113,147,0.769,131,293,424,325,60,57,178,219,925,OOR,2010
Yakhouba Diawara,SG,27,6,44,2,10,0.2,1,6,0.167,1,4,0.25,0.25,0,0,0.0,1,3,4,3,1,0,3,8,5,OOR,2010
Travis Diener,PG,27,9,51,2,10,0.2,1,7,0.143,1,3,0.333,0.25,1,4,0.25,0,3,3,8,4,0,0,2,6,OOR,2010
DeSagana Diop,C,28,27,262,15,29,0.517,0,0,0.0,15,29,0.517,0.517,2,9,0.222,24,41,65,5,5,14,12,31,32,OOR,2010
Keyon Dooling,PG,29,53,971,129,324,0.398,59,157,0.376,70,167,0.419,0.489,47,61,0.77,8,46,54,135,34,0,59,82,364,OOR,2010
Joey Dorsey,PF,26,15,106,9,20,0.45,0,0,0.0,9,20,0.45,0.45,5,12,0.417,16,27,43,2,3,2,6,21,23,OOR,2010
Toney Douglas,PG,23,56,1087,179,391,0.458,68,175,0.389,111,216,0.514,0.545,55,68,0.809,40,68,108,112,42,3,55,116,481,OOR,2010
Chris Douglas-Roberts,SF,23,67,1730,255,573,0.445,14,54,0.259,241,519,0.464,0.457,133,157,0.847,45,153,198,93,55,19,97,101,657,OOR,2010
Goran Dragić,PG,23,80,1442,222,491,0.452,74,188,0.394,148,303,0.488,0.527,117,159,0.736,38,133,171,241,48,8,126,131,635,OOR,2010
Jared Dudley,SF,24,82,1991,225,490,0.459,120,262,0.458,105,228,0.461,0.582,104,138,0.754,99,182,281,115,81,16,68,162,674,OOR,2010
Chris Duhon,PG,27,67,2072,168,451,0.373,90,258,0.349,78,193,0.404,0.472,68,95,0.716,28,150,178,378,59,3,110,83,494,OOR,2010
Tim Duncan,C,33,78,2438,561,1082,0.518,2,11,0.182,559,1071,0.522,0.519,271,374,0.725,221,567,788,246,45,117,140,152,1395,OOR,2010
Mike Dunleavy,SF,29,67,1486,229,558,0.41,75,236,0.318,154,322,0.478,0.478,133,158,0.842,25,211,236,103,38,15,72,105,666,OOR,2010
Kevin Durant,SF,21,82,3239,794,1668,0.476,128,351,0.365,666,1317,0.506,0.514,756,840,0.9,105,518,623,231,112,84,271,171,2472,Candidate,2010
Wayne Ellington,SG,22,76,1384,190,448,0.424,64,162,0.395,126,286,0.441,0.496,61,70,0.871,33,126,159,74,20,5,74,72,505,OOR,2010
Monta Ellis,SG,24,64,2647,631,1406,0.449,77,228,0.338,554,1178,0.47,0.476,292,388,0.753,47,210,257,340,143,25,244,189,1631,OOR,2010
Francisco Elson,C,33,12,66,5,15,0.333,0,0,0.0,5,15,0.333,0.333,2,5,0.4,6,8,14,2,1,0,1,7,12,OOR,2010
Maurice Evans,SF,31,79,1317,175,393,0.445,57,169,0.337,118,224,0.527,0.518,46,61,0.754,59,95,154,48,34,17,20,125,453,OOR,2010
Reggie Evans,PF,29,28,311,34,69,0.493,0,0,0.0,34,69,0.493,0.493,27,60,0.45,30,75,105,8,14,4,22,44,95,OOR,2010
Tyreke Evans,SG,20,72,2677,533,1165,0.458,36,141,0.255,497,1024,0.485,0.473,348,465,0.748,66,314,380,414,109,26,216,204,1450,OOR,2010
Jordan Farmar,PG,23,82,1474,224,515,0.435,86,229,0.376,138,286,0.483,0.518,57,85,0.671,14,117,131,127,52,11,72,109,591,OOR,2010
Raymond Felton,PG,25,80,2643,388,846,0.459,60,156,0.385,328,690,0.475,0.494,132,173,0.763,53,235,288,446,123,22,168,172,968,OOR,2010
Rudy Fernández,SG,24,62,1441,160,423,0.378,98,266,0.368,62,157,0.395,0.494,85,98,0.867,35,129,164,127,62,11,72,87,503,OOR,2010
Kyrylo Fesenko,C,23,49,408,52,95,0.547,0,1,0.0,52,94,0.553,0.547,24,57,0.421,33,57,90,15,6,19,24,78,128,OOR,2010
Michael Finley,SF,36,46,709,81,184,0.44,32,82,0.39,49,102,0.48,0.527,8,15,0.533,6,65,71,43,10,6,21,33,202,OOR,2010
Derek Fisher,PG,35,82,2227,212,558,0.38,78,224,0.348,134,334,0.401,0.45,113,132,0.856,25,145,170,201,90,9,78,202,615,OOR,2010
Jonny Flynn,PG,20,81,2339,397,952,0.417,77,215,0.358,320,737,0.434,0.457,223,270,0.826,24,167,191,356,82,2,233,98,1094,OOR,2010
T.J. Ford,PG,26,47,1189,186,418,0.445,8,50,0.16,178,368,0.484,0.455,104,135,0.77,41,108,149,180,44,11,90,102,484,OOR,2010
Jeff Foster,C,33,16,255,22,46,0.478,0,1,0.0,22,45,0.489,0.478,5,9,0.556,34,47,81,21,3,4,14,45,49,OOR,2010
Randy Foye,PG,26,70,1667,256,619,0.414,63,182,0.346,193,437,0.442,0.464,129,145,0.89,16,114,130,228,33,10,94,123,704,OOR,2010
Channing Frye,C,26,81,2190,317,703,0.451,172,392,0.439,145,311,0.466,0.573,98,121,0.81,66,361,427,113,64,74,73,263,904,OOR,2010
Dan Gadzuric,C,31,32,314,39,89,0.438,0,0,0.0,39,89,0.438,0.438,10,25,0.4,38,54,92,12,9,13,15,63,88,OOR,2010
Sundiata Gaines,PG,23,32,217,38,82,0.463,7,26,0.269,31,56,0.554,0.506,23,46,0.5,6,23,29,39,12,0,14,17,106,OOR,2010
Danilo Gallinari,SF,21,81,2747,392,927,0.423,186,488,0.381,206,439,0.469,0.523,251,307,0.818,65,333,398,135,75,58,110,191,1221,OOR,2010
Francisco García,SG,28,25,575,82,176,0.466,23,59,0.39,59,117,0.504,0.531,15,17,0.882,11,55,66,45,10,19,21,49,202,OOR,2010
Kevin Garnett,PF,33,69,2060,402,772,0.521,1,5,0.2,401,767,0.523,0.521,185,221,0.837,78,428,506,185,68,57,101,170,990,OOR,2010
Marc Gasol,C,25,69,2469,378,651,0.581,0,1,0.0,378,650,0.582,0.581,252,376,0.67,208,432,640,165,69,109,135,254,1008,OOR,2010
Pau Gasol,C,29,65,2403,452,844,0.536,0,5,0.0,452,839,0.539,0.536,286,362,0.79,243,491,734,218,37,113,143,152,1190,OOR,2010
Rudy Gay,SF,23,80,3175,600,1288,0.466,66,202,0.327,534,1086,0.492,0.491,301,400,0.753,115,357,472,153,118,64,169,201,1567,OOR,2010
Alonzo Gee,SG,22,11,182,28,59,0.475,7,9,0.778,21,50,0.42,0.534,18,29,0.621,15,18,33,7,7,1,10,13,81,OOR,2010
Devean George,SF,32,45,761,89,206,0.432,48,123,0.39,41,83,0.494,0.549,16,23,0.696,21,93,114,32,41,10,15,89,242,OOR,2010
Daniel Gibson,PG,23,56,1068,125,268,0.466,71,149,0.477,54,119,0.454,0.599,34,49,0.694,13,60,73,70,25,7,36,79,355,OOR,2010
Taj Gibson,PF,24,82,2204,311,629,0.494,0,0,0.0,311,629,0.494,0.494,113,175,0.646,226,385,611,70,50,104,114,282,735,OOR,2010
J.R. Giddens,SF,24,32,239,28,60,0.467,0,10,0.0,28,50,0.56,0.467,13,23,0.565,16,35,51,13,9,2,17,29,69,OOR,2010
Trey Gilder,SF,25,2,5,1,1,1.0,0,0,0.0,1,1,1.0,1.0,0,0,0.0,0,1,1,0,1,0,0,0,2,OOR,2010
Manu Ginóbili,SG,32,75,2150,398,903,0.441,132,350,0.377,266,553,0.481,0.514,309,355,0.87,68,216,284,370,103,24,154,154,1237,OOR,2010
Ryan Gomes,SF,27,76,2210,327,732,0.447,74,199,0.372,253,533,0.475,0.497,104,126,0.825,76,272,348,124,62,16,95,155,832,OOR,2010
Drew Gooden,C-PF,28,70,1755,288,602,0.478,1,8,0.125,287,594,0.483,0.479,186,216,0.861,207,335,542,47,41,58,108,194,763,OOR,2010
Ben Gordon,SG,26,62,1730,291,699,0.416,75,234,0.321,216,465,0.465,0.47,198,230,0.861,26,93,119,166,49,6,118,147,855,OOR,2010
Eric Gordon,SG,21,62,2229,352,784,0.449,119,321,0.371,233,463,0.503,0.525,222,299,0.742,25,135,160,186,69,14,144,96,1045,OOR,2010
Marcin Gortat,C,25,81,1088,121,227,0.533,0,3,0.0,121,224,0.54,0.533,51,75,0.68,104,237,341,17,17,70,46,138,293,OOR,2010
Joey Graham,SF,27,63,759,105,202,0.52,2,13,0.154,103,189,0.545,0.525,54,73,0.74,39,84,123,22,23,7,43,104,266,OOR,2010
Stephen Graham,SG,27,70,804,119,240,0.496,16,50,0.32,103,190,0.542,0.529,42,65,0.646,24,111,135,23,20,10,36,94,296,OOR,2010
Danny Granger,SF,26,62,2278,488,1139,0.428,158,438,0.361,330,701,0.471,0.498,363,428,0.848,67,275,342,171,94,51,157,183,1497,OOR,2010
Aaron Gray,C,25,32,311,42,82,0.512,0,0,0.0,42,82,0.512,0.512,20,28,0.714,45,61,106,22,9,11,18,54,104,OOR,2010
Danny Green,SG,22,20,115,15,39,0.385,6,22,0.273,9,17,0.529,0.462,4,6,0.667,8,9,17,5,6,3,5,9,40,OOR,2010
Jeff Green,PF,23,82,3043,485,1070,0.453,104,312,0.333,381,758,0.503,0.502,165,223,0.74,112,378,490,134,104,72,135,221,1239,OOR,2010
Willie Green,SG,28,73,1553,248,543,0.457,47,136,0.346,201,407,0.494,0.5,95,114,0.833,20,109,129,152,32,11,67,135,638,OOR,2010
Donté Greene,SF,21,76,1630,244,553,0.441,69,183,0.377,175,370,0.473,0.504,90,140,0.643,53,181,234,71,41,53,93,150,647,OOR,2010
Taylor Griffin,SF,23,8,32,4,10,0.4,0,2,0.0,4,8,0.5,0.4,2,4,0.5,0,2,2,1,0,2,1,4,10,OOR,2010
Hamed Haddadi,C,24,36,240,24,62,0.387,0,3,0.0,24,59,0.407,0.387,14,19,0.737,26,49,75,10,1,14,20,57,62,OOR,2010
Malik Hairston,SG,22,47,317,40,76,0.526,2,11,0.182,38,65,0.585,0.539,17,30,0.567,13,36,49,16,4,9,11,29,99,OOR,2010
Marcus Haislip,SF,29,10,44,10,21,0.476,3,5,0.6,7,16,0.438,0.548,2,5,0.4,4,6,10,0,0,2,3,5,25,OOR,2010
Richard Hamilton,SG,31,46,1552,293,717,0.409,41,138,0.297,252,579,0.435,0.437,204,241,0.846,30,92,122,202,30,3,115,115,831,OOR,2010
Tyler Hansbrough,PF,24,29,511,81,225,0.36,0,4,0.0,81,221,0.367,0.36,84,113,0.743,60,78,138,28,17,8,21,70,246,OOR,2010
James Harden,SG,20,76,1738,233,578,0.403,93,248,0.375,140,330,0.424,0.484,194,240,0.808,47,197,244,137,80,20,106,200,753,OOR,2010
Al Harrington,PF,29,72,2195,448,1030,0.435,140,409,0.342,308,621,0.496,0.503,240,317,0.757,88,317,405,110,62,26,132,209,1276,OOR,2010
Devin Harris,PG,26,64,2221,356,884,0.403,60,217,0.276,296,667,0.444,0.437,308,386,0.798,24,179,203,423,79,18,181,178,1080,OOR,2010
Mike Harris,PF,26,13,96,11,30,0.367,0,1,0.0,11,29,0.379,0.367,7,11,0.636,10,14,24,3,5,1,9,14,29,OOR,2010
Jason Hart,PG,31,5,22,1,2,0.5,0,0,0.0,1,2,0.5,0.5,0,0,0.0,0,2,2,6,2,1,3,4,2,OOR,2010
Udonis Haslem,PF,29,78,2177,312,632,0.494,0,0,0.0,312,632,0.494,0.494,147,193,0.762,167,462,629,52,30,23,75,174,771,OOR,2010
Trenton Hassell,SF,30,52,1106,90,219,0.411,0,5,0.0,90,214,0.421,0.411,52,69,0.754,56,96,152,50,17,9,47,91,232,OOR,2010
Spencer Hawes,C,21,72,1904,312,666,0.468,26,87,0.299,286,579,0.494,0.488,73,106,0.689,145,291,436,158,32,83,131,200,723,OOR,2010
Chuck Hayes,C,26,82,1773,161,329,0.489,0,0,0.0,161,329,0.489,0.489,36,66,0.545,151,314,465,139,73,43,74,219,358,OOR,2010
Jarvis Hayes,SF,28,45,1033,138,328,0.421,60,179,0.335,78,149,0.523,0.512,14,18,0.778,9,99,108,40,29,9,28,91,350,OOR,2010
Brendan Haywood,C,30,77,2355,276,491,0.562,0,1,0.0,276,490,0.563,0.562,152,245,0.62,278,437,715,43,26,158,99,209,704,OOR,2010
Luther Head,SG,27,47,813,136,311,0.437,37,105,0.352,99,206,0.481,0.497,48,58,0.828,6,74,80,72,18,9,54,53,357,OOR,2010
Gerald Henderson,SG,22,43,355,37,104,0.356,4,19,0.211,33,85,0.388,0.375,35,47,0.745,15,40,55,13,10,9,14,25,113,OOR,2010
Roy Hibbert,C,23,81,2035,387,782,0.495,3,6,0.5,384,776,0.495,0.497,169,224,0.754,177,287,464,158,30,131,145,285,946,OOR,2010
J.J. Hickson,PF,21,81,1691,289,522,0.554,0,1,0.0,289,521,0.555,0.554,111,163,0.681,110,290,400,40,36,39,92,132,689,OOR,2010
Nenê,C,27,82,2755,421,717,0.587,0,2,0.0,421,715,0.589,0.587,293,416,0.704,166,461,627,203,115,82,125,281,1135,OOR,2010
George Hill,PG,23,78,2276,353,738,0.478,75,188,0.399,278,550,0.505,0.529,183,237,0.772,42,163,205,226,69,26,101,222,964,OOR,2010
Grant Hill,SF,37,81,2430,336,703,0.478,35,80,0.438,301,623,0.483,0.503,205,251,0.817,74,371,445,193,60,36,108,165,912,OOR,2010
Jordan Hill,PF,22,47,624,99,201,0.493,0,2,0.0,99,199,0.497,0.493,46,68,0.676,76,99,175,20,14,21,30,92,244,OOR,2010
Kirk Hinrich,SG,29,74,2481,308,753,0.409,104,280,0.371,204,473,0.431,0.478,85,113,0.752,24,236,260,330,85,24,113,204,805,OOR,2010
Jrue Holiday,PG,19,73,1767,230,520,0.442,62,159,0.39,168,361,0.465,0.502,65,86,0.756,56,135,191,280,79,18,156,153,587,OOR,2010
Ryan Hollins,C,25,73,1223,169,303,0.558,0,1,0.0,169,302,0.56,0.558,109,158,0.69,79,128,207,51,19,38,95,199,447,OOR,2010
Al Horford,C,23,81,2845,467,847,0.551,1,1,1.0,466,846,0.551,0.552,213,270,0.789,236,563,799,189,59,91,122,225,1148,OOR,2010
Eddie House,PG-SG,31,68,1217,173,455,0.38,79,227,0.348,94,228,0.412,0.467,48,52,0.923,13,96,109,85,40,7,47,81,473,OOR,2010
Dwight Howard,C,24,82,2843,510,834,0.612,0,7,0.0,510,827,0.617,0.612,483,816,0.592,284,798,1082,144,75,228,274,287,1503,Candidate,2010
Josh Howard,SF,29,35,918,157,388,0.405,23,86,0.267,134,302,0.444,0.434,109,139,0.784,30,95,125,48,26,11,46,91,446,OOR,2010
Juwan Howard,C,36,73,1632,191,375,0.509,0,1,0.0,191,374,0.511,0.509,55,70,0.786,108,227,335,61,27,10,72,191,437,OOR,2010
Lester Hudson,PG,25,25,131,21,53,0.396,5,16,0.313,16,37,0.432,0.443,11,13,0.846,7,11,18,13,8,3,14,12,58,OOR,2010
Larry Hughes,SG,31,45,1115,137,386,0.355,43,139,0.309,94,247,0.381,0.411,94,113,0.832,23,119,142,137,52,15,75,70,411,OOR,2010
Kris Humphries,PF,24,69,1221,180,408,0.441,0,1,0.0,180,407,0.442,0.441,127,190,0.668,120,258,378,32,36,48,66,145,487,OOR,2010
Chris Hunter,C,25,60,783,109,217,0.502,0,4,0.0,109,213,0.512,0.502,52,69,0.754,56,111,167,37,13,35,30,132,270,OOR,2010
Lindsey Hunter,PG,39,13,122,5,30,0.167,1,13,0.077,4,17,0.235,0.183,2,2,1.0,1,13,14,9,1,0,4,12,13,OOR,2010
Othello Hunter,SF,23,7,33,4,12,0.333,0,0,0.0,4,12,0.333,0.333,3,4,0.75,6,6,12,0,0,1,3,5,11,OOR,2010
Steven Hunter,C,28,21,158,17,43,0.395,0,0,0.0,17,43,0.395,0.395,19,36,0.528,18,24,42,0,1,10,9,10,53,OOR,2010
Serge Ibaka,PF,20,73,1323,201,370,0.543,1,2,0.5,200,368,0.543,0.545,58,92,0.63,138,259,397,10,25,97,68,194,461,OOR,2010
Andre Iguodala,SF,26,82,3193,496,1120,0.443,94,303,0.31,402,817,0.492,0.485,315,430,0.733,82,447,529,472,141,55,218,145,1401,OOR,2010
Zydrunas Ilgauskas,C,34,64,1339,194,438,0.443,11,23,0.478,183,415,0.441,0.455,75,101,0.743,114,231,345,48,14,50,63,183,474,OOR,2010
D.J. Mbenga,C,29,49,355,48,103,0.466,0,0,0.0,48,103,0.466,0.466,9,19,0.474,32,55,87,8,5,29,15,54,105,OOR,2010
Ersan İlyasova,PF,22,81,1898,323,729,0.443,81,241,0.336,242,488,0.496,0.499,113,158,0.715,157,360,517,84,53,23,71,251,840,OOR,2010
Allen Iverson,SG-PG,34,28,865,136,316,0.43,9,25,0.36,127,291,0.436,0.445,104,131,0.794,16,63,79,113,19,2,64,48,385,OOR,2010
Royal Ivey,SG,28,44,326,35,83,0.422,14,35,0.4,21,48,0.438,0.506,9,12,0.75,6,28,34,27,19,2,11,39,93,OOR,2010
Jarrett Jack,PG,26,82,2243,323,671,0.481,82,199,0.412,241,472,0.511,0.542,203,241,0.842,30,192,222,413,60,6,163,151,931,OOR,2010
Cedric Jackson,PG,23,12,74,6,20,0.3,1,6,0.167,5,14,0.357,0.325,7,12,0.583,2,6,8,14,3,2,11,7,20,OOR,2010
Darnell Jackson,PF,24,28,123,9,30,0.3,1,4,0.25,8,26,0.308,0.317,4,6,0.667,9,13,22,4,2,4,13,21,23,OOR,2010
Stephen Jackson,SG-PF,31,81,3129,600,1418,0.423,129,393,0.328,471,1025,0.46,0.469,338,434,0.779,78,323,401,300,132,43,259,197,1667,OOR,2010
LeBron James,SF,25,76,2966,768,1528,0.503,129,387,0.333,639,1141,0.56,0.545,593,773,0.767,71,483,554,651,125,77,261,119,2258,MVP,2010
Mike James,PG,34,4,46,6,20,0.3,2,6,0.333,4,14,0.286,0.35,4,8,0.5,1,2,3,5,3,0,5,3,18,OOR,2010
Antawn Jamison,PF,33,66,2406,478,1036,0.461,85,247,0.344,393,789,0.498,0.502,194,300,0.647,136,419,555,84,71,21,91,179,1235,OOR,2010
Nathan Jawai,C,23,39,412,49,111,0.441,0,1,0.0,49,110,0.445,0.441,26,38,0.684,49,55,104,24,10,9,27,58,124,OOR,2010
Othyus Jeffers,SG,24,14,73,12,29,0.414,0,0,0.0,12,29,0.414,0.414,13,19,0.684,8,11,19,1,4,0,6,10,37,OOR,2010
Al Jefferson,C,25,76,2463,560,1125,0.498,0,4,0.0,560,1121,0.5,0.498,181,266,0.68,180,523,703,137,63,98,136,205,1301,OOR,2010
Richard Jefferson,SF,29,81,2520,362,775,0.467,59,187,0.316,303,588,0.515,0.505,211,287,0.735,58,298,356,158,45,40,105,178,994,OOR,2010
Jared Jeffries,PF-SF,28,70,1794,138,314,0.439,21,71,0.296,117,243,0.481,0.473,75,120,0.625,130,158,288,101,62,71,76,203,372,OOR,2010
Brandon Jennings,PG,20,82,2671,451,1216,0.371,145,388,0.374,306,828,0.37,0.431,223,273,0.817,49,233,282,470,105,18,200,191,1270,OOR,2010
Jonas Jerebko,PF,22,80,2232,290,603,0.481,36,115,0.313,254,488,0.52,0.511,125,176,0.71,194,284,478,58,79,29,82,230,741,OOR,2010
Yi Jianlian,PF,22,52,1655,227,563,0.403,15,41,0.366,212,522,0.406,0.417,154,193,0.798,115,257,372,47,37,52,77,170,623,OOR,2010
Amir Johnson,PF,22,82,1453,208,334,0.623,0,4,0.0,208,330,0.63,0.623,95,149,0.638,154,241,395,48,44,66,63,255,511,OOR,2010
Anthony Johnson,PG,35,31,406,49,111,0.441,13,39,0.333,36,72,0.5,0.5,19,20,0.95,8,40,48,63,11,1,26,32,130,OOR,2010
James Johnson,PF,22,65,757,95,210,0.452,15,46,0.326,80,164,0.488,0.488,51,70,0.729,34,94,128,48,21,43,62,126,256,OOR,2010
Joe Johnson,SG,28,76,2886,635,1386,0.458,129,350,0.369,506,1036,0.488,0.505,220,269,0.818,74,279,353,369,82,5,145,145,1619,OOR,2010
Dahntay Jones,SF,29,76,1892,287,623,0.461,4,32,0.125,283,591,0.479,0.464,198,257,0.77,48,181,229,150,40,39,129,237,776,OOR,2010
Dwayne Jones,PF,26,2,7,0,0,0.0,0,0,0.0,0,0,0.0,0.0,0,0,0.0,0,2,2,0,0,0,0,1,0,OOR,2010
James Jones,SF,29,36,503,43,119,0.361,37,90,0.411,6,29,0.207,0.517,23,28,0.821,4,41,45,17,11,4,11,45,146,OOR,2010
Solomon Jones,C,25,52,675,78,176,0.443,0,3,0.0,78,173,0.451,0.443,51,71,0.718,51,93,144,32,14,37,40,125,207,OOR,2010
DeAndre Jordan,C,21,70,1137,144,238,0.605,0,2,0.0,144,236,0.61,0.605,48,128,0.375,122,230,352,21,16,62,75,152,336,OOR,2010
Chris Kaman,C,27,76,2608,589,1202,0.49,0,6,0.0,589,1196,0.492,0.49,230,307,0.749,184,520,704,120,37,94,223,213,1408,OOR,2010
Jason Kapono,SF,28,57,976,126,301,0.419,63,171,0.368,63,130,0.485,0.523,9,15,0.6,14,52,66,39,21,6,34,80,324,OOR,2010
Coby Karl,SF-SG,26,7,113,11,32,0.344,2,11,0.182,9,21,0.429,0.375,4,6,0.667,4,14,18,15,3,1,10,14,28,OOR,2010
Jason Kidd,PG,36,80,2881,284,671,0.423,176,414,0.425,108,257,0.42,0.554,80,99,0.808,48,397,445,724,145,35,195,142,824,OOR,2010
Andrei Kirilenko,SF,28,58,1681,244,482,0.506,26,89,0.292,218,393,0.555,0.533,174,234,0.744,76,188,264,158,83,71,79,102,688,OOR,2010
Kyle Korver,SG,28,52,952,138,280,0.493,59,110,0.536,79,170,0.465,0.598,39,49,0.796,10,101,111,89,26,12,42,76,374,OOR,2010
Kosta Koufos,C,20,36,172,22,47,0.468,0,0,0.0,22,47,0.468,0.468,9,15,0.6,16,29,45,6,2,4,15,26,53,OOR,2010
Nenad Krstić,C,26,76,1741,281,560,0.502,1,5,0.2,280,555,0.505,0.503,76,106,0.717,134,249,383,52,32,45,58,177,639,OOR,2010
Oliver Lafayette,SG,25,1,22,3,6,0.5,1,2,0.5,2,4,0.5,0.583,0,0,0.0,1,3,4,2,0,0,1,0,7,OOR,2010
Carl Landry,PF,26,80,2469,499,931,0.536,1,3,0.333,498,928,0.537,0.537,344,427,0.806,188,280,468,66,55,63,136,234,1343,OOR,2010
Marcus Landry,SF,24,18,111,16,43,0.372,9,28,0.321,7,15,0.467,0.477,3,5,0.6,5,14,19,0,1,2,6,14,44,OOR,2010
Acie Law,PG,25,26,234,35,75,0.467,5,16,0.313,30,59,0.508,0.5,38,49,0.776,3,14,17,26,11,1,17,16,113,OOR,2010
Ty Lawson,PG,22,65,1318,201,390,0.515,34,83,0.41,167,307,0.544,0.559,106,140,0.757,42,82,124,203,48,2,82,89,542,OOR,2010
Courtney Lee,SG,24,71,2375,338,775,0.436,76,225,0.338,262,550,0.476,0.485,133,153,0.869,60,192,252,121,93,20,76,130,885,OOR,2010
David Lee,C,26,81,3019,686,1258,0.545,0,8,0.0,686,1250,0.549,0.545,268,330,0.812,228,721,949,295,85,40,189,257,1640,OOR,2010
Rashard Lewis,PF,30,72,2369,350,805,0.435,168,423,0.397,182,382,0.476,0.539,145,180,0.806,62,256,318,107,78,28,108,180,1013,OOR,2010
Shaun Livingston,PG,24,36,796,104,201,0.517,0,6,0.0,104,195,0.533,0.517,42,48,0.875,16,62,78,130,17,11,58,61,250,OOR,2010
Brook Lopez,C,21,82,3027,563,1129,0.499,0,2,0.0,563,1127,0.5,0.499,416,509,0.817,270,439,709,187,55,139,204,251,1542,OOR,2010
Robin Lopez,C,21,51,986,171,291,0.588,0,0,0.0,171,291,0.588,0.588,88,125,0.704,104,144,248,7,10,53,41,117,430,OOR,2010
Kevin Love,PF,21,60,1714,291,646,0.45,35,106,0.33,256,540,0.474,0.478,225,276,0.815,227,431,658,136,43,23,117,136,842,OOR,2010
Kyle Lowry,PG,23,68,1651,184,464,0.397,37,136,0.272,147,328,0.448,0.436,215,260,0.827,91,156,247,305,60,9,116,173,620,OOR,2010
Corey Maggette,PF,30,70,2081,457,886,0.516,13,50,0.26,444,836,0.531,0.523,460,551,0.835,92,281,373,172,51,4,168,231,1387,OOR,2010
Jamaal Magloire,C,31,36,359,28,56,0.5,0,0,0.0,28,56,0.5,0.5,21,59,0.356,41,80,121,1,9,11,17,59,77,OOR,2010
Ian Mahinmi,C,23,26,165,35,55,0.636,0,0,0.0,35,55,0.636,0.636,31,47,0.66,13,39,52,2,3,8,15,32,101,OOR,2010
Shawn Marion,SF,31,75,2385,395,778,0.508,3,19,0.158,392,759,0.516,0.51,105,139,0.755,158,319,477,107,69,61,99,141,898,OOR,2010
Sean Marks,C,34,14,75,4,8,0.5,0,0,0.0,4,8,0.5,0.5,2,5,0.4,14,9,23,2,0,3,2,17,10,OOR,2010
Cartier Martin,SF,25,18,390,50,136,0.368,17,49,0.347,33,87,0.379,0.43,24,30,0.8,25,43,68,16,11,1,19,48,141,OOR,2010
Kenyon Martin,PF,32,58,1986,283,620,0.456,8,29,0.276,275,591,0.465,0.463,93,167,0.557,142,404,546,109,72,61,91,186,667,OOR,2010
Kevin Martin,SG,26,46,1633,289,693,0.417,70,210,0.333,219,483,0.453,0.468,298,340,0.876,29,135,164,111,46,6,92,96,946,OOR,2010
Desmond Mason,SF,32,5,66,5,12,0.417,0,0,0.0,5,12,0.417,0.417,3,4,0.75,4,9,13,2,1,1,4,5,13,OOR,2010
Roger Mason,SG,29,79,1515,193,496,0.389,88,264,0.333,105,232,0.453,0.478,27,34,0.794,11,151,162,137,30,14,59,99,501,OOR,2010
Wesley Matthews,SG,23,82,2025,273,565,0.483,63,165,0.382,210,400,0.525,0.539,160,193,0.829,50,141,191,124,64,15,93,152,769,OOR,2010
Jason Maxiell,C,26,76,1550,212,415,0.511,0,1,0.0,212,414,0.512,0.511,89,155,0.574,161,240,401,39,36,38,68,175,513,OOR,2010
Sean May,C,25,37,331,51,111,0.459,0,4,0.0,51,107,0.477,0.459,21,32,0.656,20,50,70,17,12,7,19,46,123,OOR,2010
Eric Maynor,PG,22,81,1269,154,368,0.418,22,71,0.31,132,297,0.444,0.448,52,72,0.722,21,108,129,266,40,10,85,115,382,OOR,2010
O.J. Mayo,SG,22,82,3113,542,1183,0.458,136,355,0.383,406,828,0.49,0.516,212,262,0.809,61,250,311,242,98,17,176,174,1432,OOR,2010
Luc Mbah a Moute,PF,23,73,1866,177,369,0.48,6,17,0.353,171,352,0.486,0.488,93,133,0.699,171,229,400,81,60,39,70,181,453,OOR,2010
Antonio McDyess,PF,35,77,1617,205,428,0.479,0,2,0.0,205,426,0.481,0.479,36,57,0.632,149,306,455,83,43,32,79,147,446,OOR,2010
JaVale McGee,C,22,60,968,156,307,0.508,0,1,0.0,156,306,0.51,0.508,74,116,0.638,88,155,243,14,16,101,51,122,386,OOR,2010
Tracy McGrady,SG,30,30,673,91,235,0.387,16,64,0.25,75,171,0.439,0.421,47,63,0.746,22,72,94,99,15,14,44,40,245,OOR,2010
Dominic McGuire,SF,24,51,307,19,52,0.365,0,0,0.0,19,52,0.365,0.365,0,7,0.0,23,56,79,11,5,4,17,35,38,OOR,2010
Josh McRoberts,C,22,42,524,76,146,0.521,8,23,0.348,68,123,0.553,0.548,19,38,0.5,40,87,127,44,17,16,19,74,179,OOR,2010
Jodie Meeks,SG,22,60,719,104,268,0.388,42,132,0.318,62,136,0.456,0.466,31,39,0.795,9,90,99,39,18,5,25,52,281,OOR,2010
Pops Mensah-Bonsu,PF,26,20,120,13,33,0.394,0,0,0.0,13,33,0.394,0.394,13,24,0.542,16,19,35,3,4,9,10,20,39,OOR,2010
C.J. Miles,SF,22,63,1497,241,562,0.429,74,217,0.341,167,345,0.484,0.495,66,95,0.695,42,126,168,105,58,17,81,190,622,OOR,2010
Darko Miličić,C,24,32,685,100,204,0.49,0,1,0.0,100,203,0.493,0.49,15,28,0.536,47,104,151,47,22,34,35,82,215,OOR,2010
Andre Miller,PG,33,82,2500,404,908,0.445,16,80,0.2,388,828,0.469,0.454,322,392,0.821,81,185,266,445,93,9,173,169,1146,OOR,2010
Brad Miller,C,33,82,1950,250,581,0.43,37,132,0.28,213,449,0.474,0.462,182,220,0.827,83,316,399,154,44,29,107,189,719,OOR,2010
Mike Miller,SG,29,54,1805,217,433,0.501,82,171,0.48,135,262,0.515,0.596,70,85,0.824,55,281,336,212,39,12,115,131,586,OOR,2010
Patty Mills,PG,21,10,38,10,24,0.417,2,4,0.5,8,20,0.4,0.458,4,7,0.571,1,1,2,5,0,0,4,6,26,OOR,2010
Paul Millsap,PF,24,82,2277,385,716,0.538,1,9,0.111,384,707,0.543,0.538,183,264,0.693,186,373,559,131,64,99,116,285,954,OOR,2010
Nazr Mohammed,C,32,58,984,189,342,0.553,0,0,0.0,189,342,0.553,0.553,81,125,0.648,114,190,304,28,15,43,53,105,459,OOR,2010
Jamario Moon,SF,29,61,1052,114,247,0.462,32,100,0.32,82,147,0.558,0.526,36,45,0.8,26,165,191,49,34,30,23,69,296,OOR,2010
Mikki Moore,C,34,23,406,54,90,0.6,0,0,0.0,54,90,0.6,0.6,7,11,0.636,26,43,69,36,5,13,21,60,115,OOR,2010
Randolph Morris,PF,24,28,124,23,41,0.561,0,0,0.0,23,41,0.561,0.561,16,27,0.593,10,28,38,2,5,3,12,34,62,OOR,2010
Adam Morrison,SF,25,31,241,32,85,0.376,5,21,0.238,27,64,0.422,0.406,5,8,0.625,10,22,32,18,3,2,10,17,74,OOR,2010
Anthony Morrow,SG,24,69,2018,329,703,0.468,140,307,0.456,189,396,0.477,0.568,101,114,0.886,61,198,259,104,65,16,84,158,899,OOR,2010
Byron Mullens,PF,20,13,54,7,19,0.368,0,0,0.0,7,19,0.368,0.368,0,0,0.0,3,7,10,1,2,0,4,13,14,OOR,2010
Troy Murphy,PF,29,72,2344,384,813,0.472,128,333,0.384,256,480,0.533,0.551,154,193,0.798,129,608,737,150,72,34,100,175,1050,OOR,2010
Ronald Murray,SG,30,75,1673,268,683,0.392,69,221,0.312,199,462,0.431,0.443,141,194,0.727,28,155,183,135,46,16,91,126,746,OOR,2010
Eduardo Nájera,PF,33,46,685,62,146,0.425,19,64,0.297,43,82,0.524,0.49,14,24,0.583,34,81,115,29,26,14,25,94,157,OOR,2010
Steve Nash,PG,35,81,2660,499,985,0.507,124,291,0.426,375,694,0.54,0.57,211,225,0.938,34,234,268,892,42,12,295,108,1333,OOR,2010
Jameer Nelson,PG,27,65,1860,317,706,0.449,86,226,0.381,231,480,0.481,0.51,98,116,0.845,26,168,194,353,48,2,139,147,818,OOR,2010
Rasho Nesterović,C,33,42,413,81,149,0.544,0,0,0.0,81,149,0.544,0.544,1,5,0.2,37,52,89,25,10,17,16,54,163,OOR,2010
Joakim Noah,C,24,64,1925,262,520,0.504,0,0,0.0,262,520,0.504,0.504,163,219,0.744,220,484,704,132,32,100,117,198,687,OOR,2010
Andrés Nocioni,SF,30,75,1477,234,587,0.399,96,249,0.386,138,338,0.408,0.48,71,99,0.717,32,190,222,75,32,26,67,160,635,OOR,2010
Steve Novak,SF,26,54,362,42,108,0.389,22,71,0.31,20,37,0.541,0.491,7,9,0.778,1,32,33,6,7,2,2,21,113,OOR,2010
Dirk Nowitzki,PF,31,81,3039,720,1496,0.481,51,121,0.421,669,1375,0.487,0.498,536,586,0.915,80,540,620,218,70,79,149,208,2027,OOR,2010
Patrick O'Bryant,C,23,11,51,8,15,0.533,0,1,0.0,8,14,0.571,0.533,3,6,0.5,2,9,11,1,2,4,5,12,19,OOR,2010
Jermaine O'Neal,C,31,70,1991,394,745,0.529,0,2,0.0,394,743,0.53,0.529,162,225,0.72,124,362,486,92,25,95,125,212,950,OOR,2010
Shaquille O'Neal,C,37,53,1240,262,463,0.566,0,1,0.0,262,462,0.567,0.566,112,226,0.496,93,262,355,80,15,62,105,169,636,OOR,2010
Fabricio Oberto,C,34,57,650,35,56,0.625,0,0,0.0,35,56,0.625,0.625,13,17,0.765,34,71,105,51,11,9,36,121,83,OOR,2010
Greg Oden,C,22,21,502,92,152,0.605,0,0,0.0,92,152,0.605,0.605,49,64,0.766,64,114,178,19,8,48,39,84,233,OOR,2010
Lamar Odom,PF,30,82,2585,342,739,0.463,58,182,0.319,284,557,0.51,0.502,140,202,0.693,184,618,802,267,75,59,150,227,882,OOR,2010
Emeka Okafor,C,27,82,2370,348,656,0.53,0,0,0.0,348,656,0.53,0.53,154,274,0.562,251,491,742,55,54,127,111,218,850,OOR,2010
Mehmet Okur,C,30,73,2149,355,775,0.458,82,213,0.385,273,562,0.486,0.511,196,239,0.82,132,383,515,119,38,81,127,223,988,OOR,2010
Kevin Ollie,PG,37,25,263,18,45,0.4,0,1,0.0,18,44,0.409,0.4,8,8,1.0,3,22,25,20,9,0,6,16,44,OOR,2010
Travis Outlaw,SF,25,34,730,110,281,0.391,40,105,0.381,70,176,0.398,0.463,49,59,0.831,33,88,121,34,18,17,32,43,309,OOR,2010
Zaza Pachulia,C,25,78,1089,120,246,0.488,0,4,0.0,120,242,0.496,0.488,93,143,0.65,117,176,293,42,37,31,58,186,333,OOR,2010
Jannero Pargo,PG,30,63,829,132,381,0.346,38,138,0.275,94,243,0.387,0.396,42,45,0.933,9,69,78,89,29,2,50,68,344,OOR,2010
Anthony Parker,SG,34,81,2289,206,475,0.434,108,261,0.414,98,214,0.458,0.547,75,95,0.789,30,201,231,157,63,18,71,151,595,OOR,2010
Tony Parker,PG,27,56,1728,349,716,0.487,10,34,0.294,339,682,0.497,0.494,186,246,0.756,7,128,135,317,29,8,149,96,894,OOR,2010
Chris Paul,PG,24,45,1712,314,637,0.493,52,127,0.409,262,510,0.514,0.534,161,190,0.847,20,171,191,480,96,8,112,118,841,OOR,2010
Sasha Pavlović,SF,26,71,877,109,300,0.363,35,118,0.297,74,182,0.407,0.422,10,26,0.385,12,105,117,58,23,6,53,84,263,OOR,2010
Oleksiy Pecherov,C,24,44,447,77,188,0.41,14,52,0.269,63,136,0.463,0.447,29,32,0.906,32,92,124,11,9,14,32,55,197,OOR,2010
Kendrick Perkins,C,25,78,2154,314,522,0.602,0,3,0.0,314,519,0.605,0.602,163,280,0.582,155,440,595,80,26,132,165,219,791,OOR,2010
Morris Peterson,SG,32,46,973,116,301,0.385,62,171,0.363,54,130,0.415,0.488,33,54,0.611,17,109,126,41,25,5,27,81,327,OOR,2010
Johan Petro,C,24,36,436,54,101,0.535,0,1,0.0,54,100,0.54,0.535,14,21,0.667,32,97,129,14,10,13,23,80,122,OOR,2010
Paul Pierce,SF,32,71,2411,409,867,0.472,109,263,0.414,300,604,0.497,0.535,369,433,0.852,39,271,310,218,84,31,166,196,1296,OOR,2010
Mickaël Piétrus,SF,27,75,1687,233,539,0.432,116,306,0.379,117,233,0.502,0.54,69,109,0.633,39,176,215,49,53,31,69,138,651,OOR,2010
James Posey,SF,33,77,1731,126,345,0.365,81,242,0.335,45,103,0.437,0.483,66,80,0.825,32,297,329,117,42,19,51,204,399,OOR,2010
Leon Powe,SF,26,20,236,21,49,0.429,0,0,0.0,21,49,0.429,0.429,37,63,0.587,19,42,61,0,6,2,11,36,79,OOR,2010
Josh Powell,PF,27,63,581,71,194,0.366,7,16,0.438,64,178,0.36,0.384,20,31,0.645,44,72,116,35,9,6,33,71,169,OOR,2010
A.J. Price,PG,23,56,865,145,354,0.41,60,174,0.345,85,180,0.472,0.494,60,75,0.8,12,76,88,106,35,3,59,53,410,OOR,2010
Ronnie Price,PG,26,60,806,98,242,0.405,18,63,0.286,80,179,0.447,0.442,41,59,0.695,28,46,74,123,40,13,56,109,255,OOR,2010
Tayshaun Prince,SF,29,49,1664,282,580,0.486,27,73,0.37,255,507,0.503,0.509,70,98,0.714,71,177,248,161,34,22,60,77,661,OOR,2010
Joel Przybilla,C,30,30,681,45,86,0.523,0,0,0.0,45,86,0.523,0.523,33,51,0.647,72,166,238,8,8,43,39,95,123,OOR,2010
Chris Quinn,PG,26,25,223,20,56,0.357,10,32,0.313,10,24,0.417,0.446,6,6,1.0,1,15,16,29,9,1,10,15,56,OOR,2010
Vladimir Radmanović,PF,29,41,891,103,273,0.377,30,108,0.278,73,165,0.442,0.432,20,27,0.741,51,127,178,45,29,7,44,97,256,OOR,2010
Anthony Randolph,C,20,33,749,137,309,0.443,1,5,0.2,136,304,0.447,0.445,109,136,0.801,73,142,215,42,28,51,49,92,384,OOR,2010
Shavlik Randolph,PF,26,6,53,6,18,0.333,0,0,0.0,6,18,0.333,0.333,2,2,1.0,7,7,14,1,1,1,3,9,14,OOR,2010
Zach Randolph,PF,28,81,3051,652,1336,0.488,15,52,0.288,637,1284,0.496,0.494,362,465,0.778,330,620,950,149,80,34,174,226,1681,OOR,2010
Theo Ratliff,C,36,49,807,70,152,0.461,0,0,0.0,70,152,0.461,0.461,38,50,0.76,59,98,157,25,12,61,41,87,178,OOR,2010
Michael Redd,SG,30,18,492,75,213,0.352,18,60,0.3,57,153,0.373,0.394,47,66,0.712,11,43,54,39,19,2,15,24,215,OOR,2010
J.J. Redick,SG,25,82,1808,243,553,0.439,111,274,0.405,132,279,0.473,0.54,191,222,0.86,17,138,155,158,28,4,63,118,788,OOR,2010
Chris Richard,PF,25,18,224,15,29,0.517,0,0,0.0,15,29,0.517,0.517,7,11,0.636,19,40,59,7,8,4,14,50,37,OOR,2010
Jason Richardson,SG,29,79,2485,473,998,0.474,157,400,0.393,316,598,0.528,0.553,136,184,0.739,81,323,404,143,66,33,92,169,1239,OOR,2010
Quentin Richardson,SF,29,76,2082,242,561,0.431,142,358,0.397,100,203,0.493,0.558,52,71,0.732,64,310,374,93,70,18,62,169,678,OOR,2010
Luke Ridnour,PG,28,82,1759,328,686,0.478,69,181,0.381,259,505,0.513,0.528,127,140,0.907,24,119,143,324,54,7,106,182,852,OOR,2010
Nate Robinson,PG,25,56,1115,215,493,0.436,87,223,0.39,128,270,0.474,0.524,50,67,0.746,28,82,110,163,49,5,73,116,567,OOR,2010
Sergio Rodríguez,PG,23,66,1048,167,351,0.476,32,91,0.352,135,260,0.519,0.521,68,93,0.731,24,65,89,212,50,5,114,84,434,OOR,2010
Rajon Rondo,PG,23,81,2963,459,904,0.508,17,80,0.213,442,824,0.536,0.517,175,282,0.621,100,260,360,794,189,11,246,198,1110,OOR,2010
Derrick Rose,PG,21,78,2871,672,1373,0.489,16,60,0.267,656,1313,0.5,0.495,259,338,0.766,65,228,293,469,57,27,217,96,1619,OOR,2010
Quinton Ross,SF-SG,28,52,562,40,111,0.36,4,21,0.19,36,90,0.4,0.378,8,14,0.571,17,32,49,12,13,6,11,69,92,OOR,2010
Brandon Roy,SG,25,65,2419,491,1038,0.473,73,221,0.33,418,817,0.512,0.508,343,440,0.78,73,212,285,305,61,16,129,136,1398,OOR,2010
Brandon Rush,SG,24,82,2491,297,702,0.423,124,302,0.411,173,400,0.433,0.511,56,89,0.629,41,305,346,112,56,65,93,159,774,OOR,2010
Kareem Rush,SG,29,7,58,4,11,0.364,1,3,0.333,3,8,0.375,0.409,0,0,0.0,1,5,6,4,2,3,3,8,9,OOR,2010
John Salmons,SG,30,81,2824,437,991,0.441,118,309,0.382,319,682,0.468,0.501,253,305,0.83,35,235,270,223,99,26,123,166,1245,OOR,2010
Brian Scalabrine,PF,31,52,472,29,85,0.341,16,49,0.327,13,36,0.361,0.435,4,6,0.667,9,39,48,27,9,4,17,59,78,OOR,2010
Luis Scola,PF,29,82,2671,560,1090,0.514,1,5,0.2,559,1085,0.515,0.514,208,267,0.779,175,530,705,169,63,26,163,246,1329,OOR,2010
Thabo Sefolosha,SG,25,82,2348,194,441,0.44,41,131,0.313,153,310,0.494,0.486,60,89,0.674,76,311,387,145,97,46,90,154,489,OOR,2010
Ramon Sessions,PG,23,82,1732,253,555,0.456,1,15,0.067,252,540,0.467,0.457,167,233,0.717,58,156,214,258,55,5,137,137,674,OOR,2010
Bobby Simmons,PF,29,23,395,42,117,0.359,20,63,0.317,22,54,0.407,0.444,18,20,0.9,11,52,63,15,15,3,19,52,122,OOR,2010
James Singleton,PF-SF,28,57,977,97,254,0.382,7,37,0.189,90,217,0.415,0.396,53,62,0.855,108,168,276,31,28,43,49,113,254,OOR,2010
Brian Skinner,PF,33,16,123,10,25,0.4,0,0,0.0,10,25,0.4,0.4,6,8,0.75,9,18,27,0,3,4,7,20,26,OOR,2010
Craig Smith,PF,26,75,1232,226,397,0.569,1,5,0.2,225,392,0.574,0.571,132,208,0.635,97,190,287,84,33,25,88,194,585,OOR,2010
J.R. Smith,SG,24,75,2082,428,1033,0.414,158,467,0.338,270,566,0.477,0.491,142,201,0.706,28,206,234,183,99,20,139,174,1156,OOR,2010
Jason Smith,PF,23,56,658,75,174,0.431,10,29,0.345,65,145,0.448,0.46,29,42,0.69,54,81,135,33,21,28,35,110,189,OOR,2010
Joe Smith,PF,34,64,592,77,193,0.399,1,7,0.143,76,186,0.409,0.402,39,48,0.813,66,91,157,21,6,19,22,95,194,OOR,2010
Josh Smith,PF,24,81,2871,504,999,0.505,0,7,0.0,504,992,0.508,0.505,261,422,0.618,223,482,705,342,130,172,198,240,1269,OOR,2010
Darius Songaila,C,31,75,1410,241,488,0.494,1,6,0.167,240,482,0.498,0.495,60,74,0.811,59,173,232,70,62,14,81,206,543,OOR,2010
Marreese Speights,C,22,62,1016,212,444,0.477,0,5,0.0,212,439,0.483,0.477,108,145,0.745,85,167,252,36,29,34,51,152,532,OOR,2010
Jerry Stackhouse,SG,35,42,855,129,316,0.408,45,130,0.346,84,186,0.452,0.479,55,69,0.797,19,81,100,70,21,9,66,56,358,OOR,2010
DeShawn Stevenson,SG,28,64,883,46,163,0.282,19,87,0.218,27,76,0.355,0.34,25,35,0.714,11,80,91,56,16,6,30,74,136,OOR,2010
Peja Stojaković,SF,32,62,1947,278,688,0.404,132,352,0.375,146,336,0.435,0.5,96,107,0.897,39,188,227,92,48,5,56,83,784,OOR,2010
Amar'e Stoudemire,PF,27,82,2838,704,1264,0.557,1,6,0.167,703,1258,0.559,0.557,487,632,0.771,230,502,732,82,52,83,213,281,1896,OOR,2010
Rodney Stuckey,PG,23,73,2499,449,1109,0.405,18,79,0.228,431,1030,0.418,0.413,299,359,0.833,67,214,281,348,101,12,163,205,1215,OOR,2010
DaJuan Summers,SF,22,44,405,46,130,0.354,15,42,0.357,31,88,0.352,0.412,27,38,0.711,14,31,45,16,8,7,16,52,134,OOR,2010
Jermaine Taylor,SG,23,31,303,45,119,0.378,5,22,0.227,40,97,0.412,0.399,33,46,0.717,21,25,46,16,10,3,19,15,128,OOR,2010
Jeff Teague,PG,21,71,719,90,227,0.396,7,32,0.219,83,195,0.426,0.412,41,49,0.837,5,62,67,122,34,11,50,82,228,OOR,2010
Sebastian Telfair,PG,24,43,659,83,201,0.413,13,56,0.232,70,145,0.483,0.445,29,37,0.784,5,40,45,126,24,5,50,71,208,OOR,2010
Garrett Temple,SG,23,27,334,44,101,0.436,13,37,0.351,31,64,0.484,0.5,35,50,0.7,6,25,31,21,13,6,27,42,136,OOR,2010
Jason Terry,SG,32,77,2540,456,1041,0.438,136,373,0.365,320,668,0.479,0.503,232,268,0.866,19,121,140,292,94,17,109,142,1280,OOR,2010
Hasheem Thabeet,C,22,68,883,77,131,0.588,0,0,0.0,77,131,0.588,0.588,54,93,0.581,85,158,243,11,15,89,43,162,208,OOR,2010
Etan Thomas,C,31,23,321,31,68,0.456,0,0,0.0,31,68,0.456,0.456,13,22,0.591,18,46,64,1,4,16,18,39,75,OOR,2010
Kenny Thomas,PF,32,26,313,17,35,0.486,0,0,0.0,17,35,0.486,0.486,7,12,0.583,35,51,86,15,10,10,17,42,41,OOR,2010
Kurt Thomas,C,37,70,1049,99,208,0.476,0,0,0.0,99,208,0.476,0.476,12,15,0.8,84,207,291,47,26,46,48,159,210,OOR,2010
Tim Thomas,SF,32,18,285,49,106,0.462,16,43,0.372,33,63,0.524,0.538,21,24,0.875,13,28,41,14,10,2,14,31,135,OOR,2010
Tyrus Thomas,PF-C,23,54,1220,194,420,0.462,0,3,0.0,194,417,0.465,0.462,120,175,0.686,81,254,335,56,63,85,92,129,508,OOR,2010
Jason Thompson,C,23,75,2357,370,784,0.472,1,10,0.1,369,774,0.477,0.473,198,277,0.715,224,413,637,124,41,73,139,279,939,OOR,2010
Al Thornton,SF,26,75,2079,320,676,0.473,11,31,0.355,309,645,0.479,0.482,153,211,0.725,116,178,294,90,45,35,102,206,804,OOR,2010
Marcus Thornton,SG,22,73,1872,398,883,0.451,117,313,0.374,281,570,0.493,0.517,144,177,0.814,72,139,211,114,58,11,76,127,1057,OOR,2010
Jamaal Tinsley,PG,31,38,589,52,140,0.371,7,39,0.179,45,101,0.446,0.396,22,27,0.815,11,55,66,108,33,5,63,67,133,OOR,2010
Anthony Tolliver,PF,24,46,1427,193,449,0.43,50,152,0.329,143,297,0.481,0.486,103,134,0.769,84,236,320,87,32,33,46,128,539,OOR,2010
Alando Tucker,SF,25,15,96,17,39,0.436,1,7,0.143,16,32,0.5,0.449,16,21,0.762,6,4,10,4,0,0,5,6,51,OOR,2010
Ronny Turiaf,C,27,42,872,85,146,0.582,0,1,0.0,85,145,0.586,0.582,37,78,0.474,54,137,191,90,23,54,49,98,207,OOR,2010
Hedo Türkoğlu,SF,30,74,2272,276,674,0.409,108,289,0.374,168,385,0.436,0.49,175,226,0.774,42,301,343,304,55,32,125,220,835,OOR,2010
Ime Udoka,SG,32,69,944,91,241,0.378,26,91,0.286,65,150,0.433,0.432,42,57,0.737,51,140,191,58,34,6,42,83,250,OOR,2010
Beno Udrih,PG,27,79,2477,415,841,0.493,75,199,0.377,340,642,0.53,0.538,118,141,0.837,38,181,219,372,89,10,136,166,1023,OOR,2010
Roko Ukić,PG,25,13,97,14,30,0.467,3,12,0.25,11,18,0.611,0.517,9,11,0.818,0,3,3,12,1,0,6,6,40,OOR,2010
Anderson Varejão,PF,27,76,2166,267,467,0.572,1,5,0.2,266,462,0.576,0.573,116,175,0.663,189,389,578,87,71,67,67,223,651,OOR,2010
Charlie Villanueva,PF,25,78,1848,363,827,0.439,99,282,0.351,264,545,0.484,0.499,106,130,0.815,85,280,365,53,48,55,74,223,931,OOR,2010
Sasha Vujačić,SG,25,67,575,66,164,0.402,25,81,0.309,41,83,0.494,0.479,28,33,0.848,25,54,79,41,20,4,17,67,185,OOR,2010
Dwyane Wade,SG,28,77,2792,719,1511,0.476,73,243,0.3,646,1268,0.509,0.5,534,702,0.761,107,266,373,501,142,82,252,181,2045,Candidate,2010
Henry Walker,SG-SF,22,35,768,120,232,0.517,50,116,0.431,70,116,0.603,0.625,39,49,0.796,15,73,88,40,23,3,28,83,329,OOR,2010
Ben Wallace,C,35,69,1975,158,292,0.541,0,2,0.0,158,290,0.545,0.541,65,160,0.406,245,352,597,105,86,84,64,131,381,OOR,2010
Gerald Wallace,SF,27,76,3119,456,943,0.484,52,140,0.371,404,803,0.503,0.511,422,544,0.776,150,612,762,161,117,83,178,194,1386,OOR,2010
Rasheed Wallace,C,35,79,1780,266,650,0.409,82,290,0.283,184,360,0.511,0.472,96,125,0.768,42,283,325,80,80,70,63,222,710,OOR,2010
Luke Walton,SF,29,29,272,30,84,0.357,7,17,0.412,23,67,0.343,0.399,2,4,0.5,12,26,38,40,10,1,12,19,69,OOR,2010
Hakim Warrick,PF,27,76,1557,265,550,0.482,1,7,0.143,264,543,0.486,0.483,202,274,0.737,127,187,314,52,24,18,80,126,733,OOR,2010
C.J. Watson,PG,25,65,1788,247,528,0.468,45,145,0.31,202,383,0.527,0.51,128,166,0.771,28,141,169,180,103,8,69,124,667,OOR,2010
Earl Watson,PG,30,79,2322,223,524,0.426,53,184,0.288,170,340,0.5,0.476,120,169,0.71,54,186,240,399,104,16,175,181,619,OOR,2010
Kyle Weaver,SG,23,12,144,12,33,0.364,7,19,0.368,5,14,0.357,0.47,5,6,0.833,1,17,18,11,6,6,4,13,36,OOR,2010
Martell Webster,SF,23,82,2005,259,639,0.405,124,332,0.373,135,307,0.44,0.502,126,155,0.813,47,221,268,62,45,40,60,153,768,OOR,2010
Sonny Weems,SG,23,69,1368,236,458,0.515,2,15,0.133,234,443,0.528,0.517,44,64,0.688,42,150,192,101,39,25,65,126,518,OOR,2010
David West,PF,29,81,2949,619,1226,0.505,7,27,0.259,612,1199,0.51,0.508,296,342,0.865,164,441,605,239,76,60,173,233,1541,OOR,2010
Delonte West,SG,26,60,1500,194,436,0.445,25,77,0.325,169,359,0.471,0.474,115,142,0.81,29,140,169,196,55,28,90,86,528,OOR,2010
Mario West,SG,25,39,142,12,21,0.571,0,1,0.0,12,20,0.6,0.571,6,10,0.6,8,19,27,9,8,0,7,25,30,OOR,2010
Russell Westbrook,PG,21,82,2813,485,1160,0.418,23,104,0.221,462,1056,0.438,0.428,329,422,0.78,143,258,401,652,108,34,268,204,1322,OOR,2010
D.J. White,PF,23,12,102,25,41,0.61,0,0,0.0,25,41,0.61,0.61,9,10,0.9,10,13,23,4,5,3,3,12,59,OOR,2010
Chris Wilcox,PF,27,34,441,63,120,0.525,0,0,0.0,63,120,0.525,0.525,26,52,0.5,44,73,117,13,13,12,38,64,152,OOR,2010
Damien Wilkins,SF,30,80,1585,165,381,0.433,18,61,0.295,147,320,0.459,0.457,103,129,0.798,72,177,249,135,66,25,76,144,451,OOR,2010
Mike Wilks,PG,30,4,59,6,12,0.5,2,3,0.667,4,9,0.444,0.583,2,4,0.5,1,3,4,4,0,0,4,5,16,OOR,2010
Deron Williams,PG,25,76,2802,494,1053,0.469,96,259,0.371,398,794,0.501,0.515,335,418,0.801,50,253,303,798,96,16,252,208,1419,OOR,2010
Jason Williams,PG,34,82,1703,189,426,0.444,84,221,0.38,105,205,0.512,0.542,31,41,0.756,7,119,126,298,53,3,87,65,493,OOR,2010
Jawad Williams,PG,26,54,742,81,206,0.393,30,93,0.323,51,113,0.451,0.466,32,45,0.711,16,67,83,34,12,5,18,73,224,OOR,2010
Lou Williams,PG,23,64,1912,318,677,0.47,70,206,0.34,248,471,0.527,0.521,192,233,0.824,25,162,187,268,80,15,106,110,898,OOR,2010
Marcus Williams,PG,24,62,872,104,271,0.384,24,81,0.296,80,190,0.421,0.428,37,55,0.673,13,80,93,161,32,1,74,43,269,OOR,2010
Marvin Williams,SF,23,81,2468,302,664,0.455,40,132,0.303,262,532,0.492,0.485,176,215,0.819,106,310,416,93,66,46,72,160,820,OOR,2010
Mo Williams,PG,27,69,2359,378,855,0.442,159,371,0.429,219,484,0.452,0.535,177,198,0.894,28,178,206,368,70,21,173,170,1092,OOR,2010
Reggie Williams,SF,23,24,782,140,283,0.495,33,92,0.359,107,191,0.56,0.553,52,62,0.839,18,92,110,66,23,6,29,49,365,OOR,2010
Sean Williams,PF,23,20,227,21,49,0.429,0,1,0.0,21,48,0.438,0.429,10,19,0.526,21,25,46,1,8,19,20,41,52,OOR,2010
Shelden Williams,PF,26,54,597,63,121,0.521,0,1,0.0,63,120,0.525,0.521,75,98,0.765,47,99,146,21,13,21,30,85,201,OOR,2010
Terrence Williams,SF,22,78,1764,261,651,0.401,31,100,0.31,230,551,0.417,0.425,103,144,0.715,46,302,348,223,43,10,124,126,656,OOR,2010
Metta World Peace,SF,30,77,2605,306,740,0.414,105,296,0.355,201,444,0.453,0.484,128,186,0.688,99,232,331,234,106,21,121,165,845,OOR,2010
Antoine Wright,SF,25,67,1392,162,399,0.406,58,173,0.335,104,226,0.46,0.479,53,77,0.688,38,152,190,71,30,11,58,134,435,OOR,2010
Dorell Wright,SF,24,72,1496,194,419,0.463,61,157,0.389,133,262,0.508,0.536,61,69,0.884,50,185,235,91,52,32,53,94,510,OOR,2010
Julian Wright,SF,22,68,871,116,232,0.5,2,6,0.333,114,226,0.504,0.504,25,41,0.61,58,86,144,41,29,18,44,45,259,OOR,2010
Nick Young,SG,24,74,1421,233,558,0.418,69,170,0.406,164,388,0.423,0.479,104,130,0.8,20,82,102,48,28,8,56,147,639,OOR,2010
Sam Young,SF,24,80,1321,224,497,0.451,11,56,0.196,213,441,0.483,0.462,136,175,0.777,77,124,201,52,34,20,94,106,595,OOR,2010
Thaddeus Young,PF,21,67,2145,382,813,0.47,48,138,0.348,334,675,0.495,0.499,114,165,0.691,130,220,350,97,81,15,126,133,926,OOR,2010
