Player,Pos,Age,G,MP,FG,FGA,FG%,3P,3PA,3P%,2P,2PA,2P%,eFG%,FT,FTA,FT%,ORB,DRB,TRB,AST,STL,BLK,TOV,PF,PTS,Status,Season
Jeff Adrien,PF,25,8,63,7,16,0.438,0,0,0.0,7,16,0.438,0.438,7,12,0.583,5,17,22,1,0,2,2,13,21,OOR,2012
Arron Afflalo,SG,26,62,2086,329,699,0.471,88,221,0.398,241,478,0.504,0.534,197,247,0.798,40,157,197,149,36,13,85,134,943,OOR,2012
Blake Ahearn,PG,27,4,30,4,14,0.286,2,9,0.222,2,5,0.4,0.357,0,0,0.0,0,2,2,1,0,0,5,4,10,OOR,2012
Solomon Alabi,C,23,14,122,13,36,0.361,0,0,0.0,13,36,0.361,0.361,7,8,0.875,15,32,47,3,2,9,5,11,33,OOR,2012
Cole Aldrich,C,23,26,173,22,42,0.524,0,0,0.0,22,42,0.524,0.524,13,14,0.929,13,35,48,3,8,16,9,22,57,OOR,2012
LaMarcus Aldridge,PF,26,55,1994,483,943,0.512,2,11,0.182,481,932,0.516,0.513,223,274,0.814,150,292,442,134,51,45,111,153,1191,OOR,2012
Lavoy Allen,PF,22,41,624,79,167,0.473,0,0,0.0,79,167,0.473,0.473,11,14,0.786,47,124,171,34,13,18,20,73,169,OOR,2012
Ray Allen,SG,36,46,1565,226,493,0.458,106,234,0.453,120,259,0.463,0.566,97,106,0.915,14,128,142,109,49,8,68,83,655,OOR,2012
Tony Allen,SG,30,58,1525,210,448,0.469,8,26,0.308,202,422,0.479,0.478,140,175,0.8,98,135,233,79,104,33,94,142,568,OOR,2012
Morris Almond,SG,26,4,67,6,17,0.353,1,3,0.333,5,14,0.357,0.382,1,3,0.333,1,7,8,2,7,0,1,6,14,OOR,2012
Al-Farouq Aminu,SF,21,66,1477,150,365,0.411,13,47,0.277,137,318,0.431,0.429,86,114,0.754,95,213,308,66,59,34,91,136,399,OOR,2012
Lou Amundson,PF,29,60,753,89,207,0.43,0,0,0.0,89,207,0.43,0.43,35,82,0.427,94,128,222,14,27,44,45,125,213,OOR,2012
Chris Andersen,C,33,32,486,59,108,0.546,0,0,0.0,59,108,0.546,0.546,50,82,0.61,48,100,148,6,19,46,17,52,168,OOR,2012
Alan Anderson,SF,29,17,461,55,142,0.387,24,61,0.393,31,81,0.383,0.472,29,34,0.853,8,26,34,26,5,3,25,35,163,OOR,2012
James Anderson,SG,22,51,603,66,174,0.379,19,68,0.279,47,106,0.443,0.434,39,52,0.75,16,63,79,41,8,2,30,35,190,OOR,2012
Ryan Anderson,PF,23,61,1964,332,757,0.439,166,422,0.393,166,335,0.496,0.548,150,171,0.877,224,247,471,54,50,26,57,146,980,OOR,2012
Carmelo Anthony,SF,27,55,1876,441,1025,0.43,68,203,0.335,373,822,0.454,0.463,295,367,0.804,88,256,344,200,62,24,144,156,1245,OOR,2012
Joel Anthony,C,29,64,1349,85,152,0.559,0,0,0.0,85,152,0.559,0.559,49,71,0.69,100,150,250,9,36,84,45,126,219,OOR,2012
Gilbert Arenas,PG,30,17,211,26,64,0.406,13,39,0.333,13,25,0.52,0.508,7,10,0.7,2,16,18,18,11,1,12,35,72,OOR,2012
Trevor Ariza,SF,26,41,1350,168,403,0.417,29,87,0.333,139,316,0.44,0.453,79,102,0.775,41,174,215,135,69,25,76,73,444,OOR,2012
Ömer Aşık,C,25,66,971,79,156,0.506,0,0,0.0,79,156,0.506,0.506,47,103,0.456,127,223,350,32,30,68,68,121,205,OOR,2012
D.J. Augustin,PG,24,48,1408,183,487,0.376,61,179,0.341,122,308,0.396,0.438,105,120,0.875,24,85,109,307,36,1,110,65,532,OOR,2012
Gustavo Ayón,PF,26,54,1088,140,261,0.536,0,1,0.0,140,260,0.538,0.536,39,63,0.619,86,179,265,74,53,46,46,118,319,OOR,2012
Jeff Ayres,C,24,20,106,15,36,0.417,0,0,0.0,15,36,0.417,0.417,4,7,0.571,12,21,33,4,3,2,2,16,34,OOR,2012
Kelenna Azubuike,SG,28,3,18,3,8,0.375,1,3,0.333,2,5,0.4,0.438,0,0,0.0,0,0,0,0,1,0,4,1,7,OOR,2012
Luke Babbitt,SF,22,40,537,71,173,0.41,43,100,0.43,28,73,0.384,0.535,17,20,0.85,16,79,95,16,10,4,27,46,202,OOR,2012
Renaldo Balkman,SF,27,14,115,16,32,0.5,2,9,0.222,14,23,0.609,0.531,8,11,0.727,6,20,26,5,4,3,6,14,42,OOR,2012
Leandro Barbosa,SG,29,64,1382,271,637,0.425,65,170,0.382,206,467,0.441,0.476,101,124,0.815,33,95,128,96,56,7,94,135,708,OOR,2012
J.J. Barea,PG,27,41,1032,167,418,0.4,53,143,0.371,114,275,0.415,0.463,76,98,0.776,14,100,114,232,21,0,103,61,463,OOR,2012
Andrea Bargnani,C,26,31,1032,209,484,0.432,34,115,0.296,175,369,0.474,0.467,151,173,0.873,24,148,172,61,18,15,69,52,603,OOR,2012
Matt Barnes,SF,31,63,1440,175,387,0.452,46,138,0.333,129,249,0.518,0.512,95,128,0.742,97,247,344,126,35,48,73,152,491,OOR,2012
Earl Barron,C,30,2,9,2,4,0.5,0,0,0.0,2,4,0.5,0.5,0,0,0.0,1,0,1,0,0,0,0,5,4,OOR,2012
Brandon Bass,PF,26,59,1868,303,632,0.479,0,0,0.0,303,632,0.479,0.479,132,163,0.81,95,270,365,55,34,54,65,135,738,OOR,2012
Tony Battie,C,35,27,295,19,51,0.373,0,1,0.0,19,50,0.38,0.373,4,4,1.0,8,59,67,16,4,6,4,26,42,OOR,2012
Shane Battier,SF,33,65,1499,113,292,0.387,62,183,0.339,51,109,0.468,0.493,23,37,0.622,56,100,156,82,64,33,37,105,311,OOR,2012
Nicolas Batum,SF,23,59,1791,289,641,0.451,107,274,0.391,182,367,0.496,0.534,133,159,0.836,81,190,271,84,57,60,90,105,818,OOR,2012
Jerryd Bayless,PG,23,31,705,117,276,0.424,44,104,0.423,73,172,0.424,0.504,75,88,0.852,8,58,66,118,24,4,53,70,353,OOR,2012
Michael Beasley,SF,23,47,1087,221,497,0.445,38,101,0.376,183,396,0.462,0.483,61,95,0.642,39,168,207,45,18,19,80,83,541,OOR,2012
Rodrigue Beaubois,PG,23,53,1151,188,445,0.422,38,132,0.288,150,313,0.479,0.465,58,69,0.841,19,132,151,152,56,28,70,98,472,OOR,2012
Marco Belinelli,SG,25,66,1966,286,686,0.417,107,284,0.377,179,402,0.445,0.495,101,129,0.783,19,153,172,101,48,5,69,115,780,OOR,2012
Raja Bell,SG,35,34,796,81,174,0.466,34,87,0.391,47,87,0.54,0.563,21,25,0.84,6,43,49,38,13,2,21,78,217,OOR,2012
Keith Benson,C,23,3,9,0,1,0.0,0,0,0.0,0,1,0.0,0.0,0,0,0.0,2,1,3,0,0,0,0,0,0,OOR,2012
Mike Bibby,PG,33,39,557,35,124,0.282,27,85,0.318,8,39,0.205,0.391,6,8,0.75,5,54,59,80,21,3,20,45,103,OOR,2012
Andris Biedriņš,C,25,47,739,39,64,0.609,0,0,0.0,39,64,0.609,0.609,1,9,0.111,45,131,176,16,23,45,14,125,79,OOR,2012
Chauncey Billups,SG,35,20,607,83,228,0.364,48,125,0.384,35,103,0.34,0.469,85,95,0.895,4,46,50,80,9,3,38,40,299,OOR,2012
Bismack Biyombo,C,19,63,1455,129,278,0.464,0,0,0.0,129,278,0.464,0.464,69,143,0.483,113,255,368,27,20,115,71,145,327,OOR,2012
DeJuan Blair,PF,22,64,1363,269,504,0.534,0,1,0.0,269,503,0.535,0.534,73,119,0.613,154,197,351,78,59,12,92,168,611,OOR,2012
Steve Blake,PG,31,53,1237,101,268,0.377,53,158,0.335,48,110,0.436,0.476,21,27,0.778,9,76,85,175,39,2,72,75,276,OOR,2012
Andray Blatche,PF,25,26,626,93,245,0.38,2,7,0.286,91,238,0.382,0.384,33,49,0.673,42,108,150,28,20,17,37,54,221,OOR,2012
Eric Bledsoe,PG,22,40,464,49,126,0.389,6,30,0.2,43,96,0.448,0.413,28,44,0.636,22,43,65,66,31,14,47,58,132,OOR,2012
Keith Bogans,SF,31,5,94,8,21,0.381,3,12,0.25,5,9,0.556,0.452,2,5,0.4,5,6,11,3,2,0,3,15,21,OOR,2012
Andrew Bogut,C,27,12,364,61,136,0.449,0,1,0.0,61,135,0.452,0.449,14,23,0.609,22,78,100,31,12,24,24,36,136,OOR,2012
Matt Bonner,PF,31,65,1326,154,350,0.44,105,250,0.42,49,100,0.49,0.59,16,21,0.762,29,185,214,61,15,21,14,68,429,OOR,2012
Trevor Booker,PF,24,50,1261,181,341,0.531,1,2,0.5,180,339,0.531,0.532,56,93,0.602,119,206,325,40,48,43,58,138,419,OOR,2012
Carlos Boozer,PF,30,66,1948,448,842,0.532,0,1,0.0,448,841,0.533,0.532,95,137,0.693,114,450,564,125,63,24,115,168,991,OOR,2012
Chris Bosh,PF,27,57,2007,393,807,0.487,10,35,0.286,383,772,0.496,0.493,229,279,0.821,94,358,452,103,51,45,117,128,1025,OOR,2012
Earl Boykins,PG,35,8,111,12,36,0.333,2,9,0.222,10,27,0.37,0.361,13,15,0.867,0,11,11,17,1,0,7,5,39,OOR,2012
Craig Brackins,PF,24,14,88,9,33,0.273,3,9,0.333,6,24,0.25,0.318,1,2,0.5,5,10,15,8,0,1,4,6,22,OOR,2012
Avery Bradley,PG,21,64,1368,200,402,0.498,22,54,0.407,178,348,0.511,0.525,62,78,0.795,34,81,115,87,43,12,75,109,484,OOR,2012
Elton Brand,C,32,60,1732,287,581,0.494,0,1,0.0,287,580,0.495,0.494,85,116,0.733,145,284,429,97,58,97,65,176,659,OOR,2012
Corey Brewer,SF,25,59,1287,201,463,0.434,33,127,0.26,168,336,0.5,0.47,90,130,0.692,43,107,150,88,72,17,56,113,525,OOR,2012
Ronnie Brewer,SG,26,66,1635,190,445,0.427,19,69,0.275,171,376,0.455,0.448,56,100,0.56,72,159,231,137,72,21,59,64,455,OOR,2012
Jon Brockman,PF,24,35,239,15,45,0.333,0,1,0.0,15,44,0.341,0.333,7,15,0.467,33,42,75,9,4,1,10,33,37,OOR,2012
MarShon Brooks,SG,23,56,1648,274,640,0.428,47,150,0.313,227,490,0.463,0.465,113,148,0.764,70,130,200,131,52,15,118,116,708,OOR,2012
Derrick Brown,SF,24,65,1443,212,409,0.518,6,24,0.25,206,385,0.535,0.526,94,141,0.667,95,141,236,67,48,12,55,96,524,OOR,2012
Kwame Brown,C,29,9,187,21,40,0.525,0,0,0.0,21,40,0.525,0.525,15,34,0.441,16,41,57,4,8,0,14,21,57,OOR,2012
Shannon Brown,SG,26,59,1400,251,598,0.42,68,188,0.362,183,410,0.446,0.477,80,99,0.808,38,119,157,69,44,15,64,66,650,OOR,2012
Kobe Bryant,SG,33,58,2232,574,1336,0.43,87,287,0.303,487,1049,0.464,0.462,381,451,0.845,66,247,313,264,69,18,204,105,1616,Candidate,2012
Chase Budinger,SF,23,58,1298,208,471,0.442,88,219,0.402,120,252,0.476,0.535,54,70,0.771,38,179,217,74,29,7,55,65,558,OOR,2012
Alec Burks,SG,20,59,939,153,357,0.429,15,45,0.333,138,312,0.442,0.45,104,143,0.727,57,75,132,55,27,5,51,84,425,OOR,2012
Caron Butler,SF,31,63,1871,287,705,0.407,92,257,0.358,195,448,0.435,0.472,87,107,0.813,44,186,230,78,52,9,77,123,753,OOR,2012
Jimmy Butler,SG,22,42,359,32,79,0.405,2,11,0.182,30,68,0.441,0.418,43,56,0.768,23,33,56,14,11,5,14,20,109,OOR,2012
Rasual Butler,SF,32,34,453,41,133,0.308,21,77,0.273,20,56,0.357,0.387,7,12,0.583,6,60,66,19,7,5,15,39,110,OOR,2012
Derrick Byars,PF,27,2,37,3,11,0.273,0,6,0.0,3,5,0.6,0.273,4,4,1.0,6,5,11,1,2,0,0,2,10,OOR,2012
Andrew Bynum,C,24,60,2112,444,796,0.558,1,5,0.2,443,791,0.56,0.558,234,338,0.692,192,517,709,85,27,116,152,104,1123,OOR,2012
Will Bynum,PG,29,36,514,74,194,0.381,7,29,0.241,67,165,0.406,0.399,49,64,0.766,10,46,56,66,23,3,54,61,204,OOR,2012
José Calderón,PG,30,53,1799,218,477,0.457,59,159,0.371,159,318,0.5,0.519,60,68,0.882,19,141,160,468,47,3,104,94,555,OOR,2012
Marcus Camby,C,37,59,1352,128,287,0.446,2,5,0.4,126,282,0.447,0.449,29,64,0.453,157,373,530,107,50,85,57,126,287,OOR,2012
Brian Cardinal,SF,34,44,277,14,55,0.255,10,49,0.204,4,6,0.667,0.345,5,6,0.833,4,30,34,16,8,2,8,38,43,OOR,2012
DeMarre Carroll,SF-PF,25,24,348,43,105,0.41,7,19,0.368,36,86,0.419,0.443,14,16,0.875,28,25,53,18,12,1,11,37,107,OOR,2012
Matt Carroll,SG,31,53,596,52,157,0.331,8,43,0.186,44,114,0.386,0.357,30,38,0.789,8,50,58,38,16,7,24,52,142,OOR,2012
Anthony Carter,PG,36,24,209,17,53,0.321,5,17,0.294,12,36,0.333,0.368,8,10,0.8,5,28,33,34,8,4,17,20,47,OOR,2012
Vince Carter,SG,35,61,1542,223,542,0.411,74,205,0.361,149,337,0.442,0.48,95,115,0.826,32,173,205,139,56,25,84,134,615,OOR,2012
Omri Casspi,SF,23,65,1341,166,412,0.403,53,168,0.315,113,244,0.463,0.467,74,108,0.685,63,165,228,66,37,21,64,115,459,OOR,2012
Mario Chalmers,PG,25,64,1825,223,498,0.448,101,260,0.388,122,238,0.513,0.549,80,101,0.792,16,155,171,222,97,11,142,166,627,OOR,2012
Tyson Chandler,C,29,62,2061,241,355,0.679,0,2,0.0,241,353,0.683,0.679,217,315,0.689,212,400,612,56,56,89,102,186,699,OOR,2012
Wilson Chandler,SF,24,8,215,31,79,0.392,3,12,0.25,28,67,0.418,0.411,10,12,0.833,6,35,41,17,6,6,18,18,75,OOR,2012
Josh Childress,SF,28,34,491,48,99,0.485,4,24,0.167,44,75,0.587,0.505,0,2,0.0,31,64,95,34,14,6,9,38,100,OOR,2012
Earl Clark,PF,24,45,559,51,139,0.367,0,0,0.0,51,139,0.367,0.367,21,29,0.724,35,89,124,18,12,32,25,72,123,OOR,2012
Norris Cole,PG,23,65,1260,177,450,0.393,21,76,0.276,156,374,0.417,0.417,66,85,0.776,21,70,91,133,44,2,105,124,441,OOR,2012
Jason Collins,C,33,30,308,16,40,0.4,0,0,0.0,16,40,0.4,0.4,7,15,0.467,12,36,48,10,4,3,10,34,39,OOR,2012
Darren Collison,PG,24,60,1878,230,523,0.44,34,94,0.362,196,429,0.457,0.472,127,153,0.83,30,157,187,287,49,14,114,101,621,OOR,2012
Nick Collison,PF,31,63,1307,120,201,0.597,0,1,0.0,120,200,0.6,0.597,44,62,0.71,119,155,274,82,33,28,61,153,284,OOR,2012
Mike Conley,PG,24,62,2174,296,684,0.433,60,159,0.377,236,525,0.45,0.477,136,158,0.861,22,134,156,404,136,11,125,133,788,OOR,2012
Brian Cook,PF,31,32,276,31,98,0.316,10,50,0.2,21,48,0.438,0.367,9,10,0.9,10,53,63,10,6,5,11,48,81,OOR,2012
Daequan Cook,SG,24,57,989,109,296,0.368,79,228,0.346,30,68,0.441,0.502,14,22,0.636,12,110,122,15,22,11,16,69,311,OOR,2012
DeMarcus Cousins,C,21,64,1950,448,999,0.448,2,14,0.143,446,985,0.453,0.449,262,373,0.702,265,438,703,102,93,75,170,257,1160,OOR,2012
Jamal Crawford,PG,31,60,1613,283,737,0.384,80,260,0.308,203,477,0.426,0.438,191,206,0.927,16,102,118,191,55,14,111,74,837,OOR,2012
Jordan Crawford,SG,23,64,1753,349,872,0.4,79,273,0.289,270,599,0.451,0.446,161,203,0.793,44,124,168,190,59,5,141,111,938,OOR,2012
Dante Cunningham,PF,24,64,1124,144,279,0.516,0,2,0.0,144,277,0.52,0.516,45,69,0.652,91,155,246,37,42,34,29,98,333,OOR,2012
Eddy Curry,C,29,14,83,12,26,0.462,0,0,0.0,12,26,0.462,0.462,6,8,0.75,4,8,12,1,0,2,10,17,30,OOR,2012
Stephen Curry,PG,23,26,732,145,296,0.49,55,121,0.455,90,175,0.514,0.583,38,47,0.809,15,73,88,138,39,8,65,62,383,OOR,2012
Samuel Dalembert,C,30,65,1446,200,395,0.506,0,1,0.0,200,394,0.508,0.506,90,113,0.796,158,298,456,33,37,111,82,162,490,OOR,2012
Erick Dampier,C,36,15,83,1,8,0.125,0,0,0.0,1,8,0.125,0.125,0,0,0.0,10,15,25,4,1,4,3,9,2,OOR,2012
Marquis Daniels,SG,31,38,484,52,143,0.364,0,10,0.0,52,133,0.391,0.364,17,23,0.739,16,50,66,47,21,9,28,36,121,OOR,2012
Baron Davis,PG,32,29,595,68,184,0.37,26,85,0.306,42,99,0.424,0.44,16,24,0.667,13,43,56,135,34,3,76,61,178,OOR,2012
Ed Davis,PF,22,66,1534,172,335,0.513,0,1,0.0,172,334,0.515,0.513,71,106,0.67,134,304,438,60,40,63,67,156,415,OOR,2012
Glen Davis,PF,26,61,1427,225,534,0.421,2,14,0.143,223,520,0.429,0.423,114,167,0.683,107,224,331,47,43,19,75,106,566,OOR,2012
Josh Davis,PF,31,15,130,10,27,0.37,4,13,0.308,6,14,0.429,0.444,4,8,0.5,16,11,27,6,7,1,3,19,28,OOR,2012
Eric Dawson,C,27,4,39,7,12,0.583,0,0,0.0,7,12,0.583,0.583,1,2,0.5,5,5,10,0,1,2,3,6,15,OOR,2012
Austin Daye,SF,23,41,603,73,227,0.322,13,62,0.21,60,165,0.364,0.35,35,43,0.814,14,77,91,33,22,21,40,62,194,OOR,2012
Carlos Delfino,SF,29,54,1537,182,453,0.402,86,239,0.36,96,214,0.449,0.497,38,48,0.792,20,188,208,123,79,10,66,99,488,OOR,2012
Luol Deng,SF,26,54,2129,311,755,0.412,79,215,0.367,232,540,0.43,0.464,127,165,0.77,77,273,350,157,56,36,96,81,828,OOR,2012
Justin Dentmon,PG,26,6,91,10,28,0.357,2,14,0.143,8,14,0.571,0.393,4,6,0.667,0,8,8,10,2,0,7,10,26,OOR,2012
DeMar DeRozan,SG,22,63,2206,381,903,0.422,24,92,0.261,357,811,0.44,0.435,268,331,0.81,40,171,211,128,48,17,123,162,1054,OOR,2012
Boris Diaw,PF,29,57,1424,156,351,0.444,31,99,0.313,125,252,0.496,0.489,22,35,0.629,70,210,280,205,34,25,112,125,365,OOR,2012
Ike Diogu,PF,28,2,14,0,2,0.0,0,0,0.0,0,2,0.0,0.0,2,2,1.0,0,1,1,0,0,0,1,1,2,OOR,2012
DeSagana Diop,C,30,27,325,15,42,0.357,0,0,0.0,15,42,0.357,0.357,1,6,0.167,33,52,85,23,6,13,19,36,31,OOR,2012
Keyon Dooling,SG,31,46,662,66,163,0.405,27,81,0.333,39,82,0.476,0.488,23,31,0.742,3,36,39,51,13,2,34,57,182,OOR,2012
Toney Douglas,PG,25,38,656,94,290,0.324,27,117,0.231,67,173,0.387,0.371,22,26,0.846,16,56,72,77,29,1,56,55,237,OOR,2012
Goran Dragić,PG,25,66,1752,277,600,0.462,68,202,0.337,209,398,0.525,0.518,153,190,0.805,53,115,168,351,85,10,157,166,775,OOR,2012
Jared Dudley,SG,26,65,2020,312,643,0.485,80,209,0.383,232,434,0.535,0.547,119,164,0.726,95,206,301,112,49,19,72,107,823,OOR,2012
Chris Duhon,PG,29,63,1226,85,203,0.419,50,119,0.42,35,84,0.417,0.542,17,21,0.81,14,88,102,151,35,9,81,71,237,OOR,2012
Tim Duncan,C,35,58,1634,361,733,0.492,0,4,0.0,361,729,0.495,0.492,173,249,0.695,110,410,520,132,38,88,97,98,895,OOR,2012
Mike Dunleavy,SF,31,55,1445,239,504,0.474,83,208,0.399,156,296,0.527,0.557,116,143,0.811,29,175,204,117,28,8,58,87,677,OOR,2012
Kevin Durant,SF,23,66,2546,643,1297,0.496,133,344,0.387,510,953,0.535,0.547,431,501,0.86,40,487,527,231,88,77,248,133,1850,Candidate,2012
Jerome Dyson,PG,24,9,180,19,48,0.396,1,8,0.125,18,40,0.45,0.406,28,36,0.778,2,17,19,18,11,2,20,19,67,OOR,2012
Devin Ebanks,SG,22,24,396,37,89,0.416,0,9,0.0,37,80,0.463,0.416,23,35,0.657,26,28,54,12,11,6,18,26,97,OOR,2012
Wayne Ellington,SG,24,51,973,122,302,0.404,35,108,0.324,87,194,0.448,0.462,32,40,0.8,14,85,99,33,26,10,26,56,311,OOR,2012
Monta Ellis,SG,26,58,2120,450,1040,0.433,62,201,0.308,388,839,0.462,0.463,219,275,0.796,20,180,200,346,85,18,177,136,1181,OOR,2012
Francisco Elson,C,35,5,16,1,3,0.333,0,0,0.0,1,3,0.333,0.333,0,0,0.0,0,1,1,1,1,1,1,0,2,OOR,2012
Andre Emmett,SF,29,6,45,4,7,0.571,0,1,0.0,4,6,0.667,0.571,5,8,0.625,2,4,6,1,2,1,2,2,13,OOR,2012
Semih Erden,C,25,28,333,39,74,0.527,0,0,0.0,39,74,0.527,0.527,21,41,0.512,20,52,72,9,10,5,16,60,99,OOR,2012
Jeremy Evans,SF,24,29,217,27,42,0.643,0,1,0.0,27,41,0.659,0.643,8,16,0.5,19,31,50,13,6,24,5,23,62,OOR,2012
Maurice Evans,SF,33,24,343,45,112,0.402,17,45,0.378,28,67,0.418,0.478,10,13,0.769,8,16,24,9,14,0,10,36,117,OOR,2012
Reggie Evans,PF,31,56,771,34,72,0.472,0,0,0.0,34,72,0.472,0.472,36,71,0.507,100,171,271,17,31,6,44,118,104,OOR,2012
Tyreke Evans,SG,22,63,2162,408,900,0.453,20,99,0.202,388,801,0.484,0.464,201,258,0.779,64,225,289,283,84,29,171,136,1037,OOR,2012
Christian Eyenga,SF,22,7,102,6,25,0.24,1,3,0.333,5,22,0.227,0.26,4,8,0.5,4,10,14,5,3,5,3,7,17,OOR,2012
Kenneth Faried,PF,22,46,1037,181,309,0.586,0,0,0.0,181,309,0.586,0.586,109,164,0.665,142,210,352,36,34,47,54,116,471,OOR,2012
Jordan Farmar,PG,25,39,831,147,315,0.467,55,125,0.44,92,190,0.484,0.554,57,63,0.905,7,54,61,129,24,2,68,49,406,OOR,2012
Derrick Favors,PF,20,65,1376,222,445,0.499,0,0,0.0,222,445,0.499,0.499,126,194,0.649,158,267,425,43,38,65,103,145,570,OOR,2012
Raymond Felton,PG,27,60,1906,261,642,0.407,62,203,0.305,199,439,0.453,0.455,100,124,0.806,27,122,149,390,78,10,170,122,684,OOR,2012
Rudy Fernández,SG,26,31,710,99,225,0.44,40,122,0.328,59,103,0.573,0.529,30,43,0.698,9,56,65,75,31,3,40,37,268,OOR,2012
Kyrylo Fesenko,C,25,3,17,2,5,0.4,0,0,0.0,2,5,0.4,0.4,4,6,0.667,2,7,9,1,2,0,0,2,8,OOR,2012
Landry Fields,SG,23,66,1894,236,513,0.46,31,121,0.256,205,392,0.523,0.49,77,137,0.562,59,219,278,169,79,17,102,99,580,OOR,2012
Derek Fisher,PG,37,63,1508,129,348,0.371,35,109,0.321,94,239,0.393,0.421,57,67,0.851,12,109,121,170,51,4,73,117,350,OOR,2012
Jonny Flynn,PG,22,29,416,46,131,0.351,10,34,0.294,36,97,0.371,0.389,29,39,0.744,8,31,39,96,6,2,36,23,131,OOR,2012
Jeff Foote,C,24,4,39,2,6,0.333,0,0,0.0,2,6,0.333,0.333,0,0,0.0,1,5,6,0,0,1,2,5,4,OOR,2012
Gary Forbes,SG,26,48,713,112,271,0.413,29,83,0.349,83,188,0.441,0.467,66,91,0.725,27,75,102,54,24,4,54,56,319,OOR,2012
T.J. Ford,PG,28,14,191,19,43,0.442,2,8,0.25,17,35,0.486,0.465,11,14,0.786,3,15,18,45,9,2,23,23,51,OOR,2012
Courtney Fortson,PG,23,10,95,11,32,0.344,3,13,0.231,8,19,0.421,0.391,10,15,0.667,6,9,15,10,3,0,10,5,35,OOR,2012
Jeff Foster,C,35,11,141,9,18,0.5,1,1,1.0,8,17,0.471,0.528,6,9,0.667,18,24,42,4,8,1,7,26,25,OOR,2012
Randy Foye,SG,28,65,1682,256,644,0.398,127,329,0.386,129,315,0.41,0.496,73,85,0.859,25,113,138,146,46,24,73,130,712,OOR,2012
Jimmer Fredette,PG,22,61,1135,172,446,0.386,78,216,0.361,94,230,0.409,0.473,40,48,0.833,17,56,73,108,30,3,67,73,462,OOR,2012
Channing Frye,PF,28,64,1669,255,613,0.416,91,263,0.346,164,350,0.469,0.49,73,82,0.89,71,308,379,88,42,70,63,176,674,OOR,2012
Dan Gadzuric,C,33,2,13,0,2,0.0,0,0,0.0,0,2,0.0,0.0,0,2,0.0,1,4,5,0,1,1,1,4,0,OOR,2012
Sundiata Gaines,SG,25,57,793,102,271,0.376,28,82,0.341,74,189,0.392,0.428,59,96,0.615,27,81,108,126,55,2,52,58,291,OOR,2012
Danilo Gallinari,SF,23,43,1351,193,466,0.414,60,183,0.328,133,283,0.47,0.479,182,209,0.871,28,174,202,116,42,23,68,86,628,OOR,2012
Francisco García,SF,30,49,798,86,229,0.376,38,131,0.29,48,98,0.49,0.459,24,30,0.8,11,88,99,31,36,37,22,73,234,OOR,2012
Kevin Garnett,C,35,60,1864,391,777,0.503,3,9,0.333,388,768,0.505,0.505,162,189,0.857,66,428,494,175,56,61,107,141,947,OOR,2012
Marc Gasol,C,27,65,2370,357,740,0.482,1,12,0.083,356,728,0.489,0.483,237,317,0.748,120,459,579,204,62,121,121,201,952,OOR,2012
Pau Gasol,PF,31,65,2430,459,917,0.501,7,27,0.259,452,890,0.508,0.504,204,261,0.782,183,495,678,237,37,88,142,127,1129,OOR,2012
Rudy Gay,SF,25,65,2422,485,1067,0.455,54,173,0.312,431,894,0.482,0.48,208,263,0.791,130,287,417,147,95,55,161,138,1232,OOR,2012
Alonzo Gee,SG,24,63,1827,227,551,0.412,44,137,0.321,183,414,0.442,0.452,167,212,0.788,101,221,322,113,83,17,114,149,665,OOR,2012
Paul George,SG,21,66,1958,281,639,0.44,90,234,0.385,191,405,0.472,0.51,146,182,0.802,56,314,370,158,108,38,117,191,798,OOR,2012
Daniel Gibson,SG,25,35,916,87,248,0.351,55,139,0.396,32,109,0.294,0.462,34,43,0.791,11,90,101,76,26,16,45,69,263,OOR,2012
Taj Gibson,PF,26,63,1284,200,404,0.495,0,0,0.0,200,404,0.495,0.495,84,135,0.622,135,197,332,47,27,81,60,131,484,OOR,2012
Manu Ginóbili,SG,34,34,792,150,285,0.526,52,126,0.413,98,159,0.616,0.618,88,101,0.871,18,98,116,151,24,12,64,56,440,OOR,2012
Mickell Gladness,PF,25,26,252,25,59,0.424,0,0,0.0,25,59,0.424,0.424,6,12,0.5,14,44,58,5,4,20,7,32,56,OOR,2012
Ryan Gomes,SF,29,32,425,31,95,0.326,4,29,0.138,27,66,0.409,0.347,8,11,0.727,14,47,61,12,16,0,15,34,74,OOR,2012
Drew Gooden,C,30,56,1469,287,657,0.437,16,55,0.291,271,602,0.45,0.449,176,208,0.846,130,233,363,144,46,34,109,112,766,OOR,2012
Ben Gordon,SG,28,52,1398,234,530,0.442,63,147,0.429,171,383,0.446,0.501,117,136,0.86,14,107,121,127,34,11,115,114,648,OOR,2012
Eric Gordon,SG,23,9,310,63,140,0.45,10,40,0.25,53,100,0.53,0.486,49,65,0.754,2,23,25,31,13,4,24,20,185,OOR,2012
Marcin Gortat,C,27,66,2114,427,769,0.555,0,2,0.0,427,767,0.557,0.555,163,251,0.649,185,474,659,59,48,99,90,142,1017,OOR,2012
Andrew Goudelock,SG,23,40,419,68,174,0.391,28,75,0.373,40,99,0.404,0.471,11,12,0.917,5,26,31,20,4,0,21,32,175,OOR,2012
Danny Granger,SF,28,62,2062,391,941,0.416,123,323,0.381,268,618,0.434,0.481,254,291,0.873,79,228,307,109,62,40,110,144,1159,OOR,2012
Aaron Gray,C,27,49,813,83,161,0.516,0,0,0.0,83,161,0.516,0.516,25,47,0.532,83,198,281,27,22,17,51,127,191,OOR,2012
Danny Green,SG,24,66,1522,211,477,0.442,102,234,0.436,109,243,0.449,0.549,79,100,0.79,54,174,228,86,58,46,67,107,603,OOR,2012
Gerald Green,SF,26,31,781,154,320,0.481,43,110,0.391,111,210,0.529,0.548,49,65,0.754,15,93,108,34,28,17,55,80,400,OOR,2012
Willie Green,SG,30,53,922,153,325,0.471,50,113,0.442,103,212,0.486,0.548,48,56,0.857,15,65,80,40,23,6,33,74,404,OOR,2012
Donté Greene,PF,23,53,777,108,266,0.406,25,105,0.238,83,161,0.516,0.453,44,55,0.8,19,114,133,34,18,29,32,67,285,OOR,2012
Blake Griffin,PF,22,66,2392,561,1022,0.549,2,16,0.125,559,1006,0.556,0.55,244,468,0.521,218,499,717,210,54,48,150,216,1368,OOR,2012
Hamed Haddadi,C,26,35,206,26,48,0.542,0,1,0.0,26,47,0.553,0.542,18,26,0.692,28,43,71,8,1,26,21,43,70,OOR,2012
Jordan Hamilton,SF,21,26,258,48,111,0.432,17,47,0.362,31,64,0.484,0.509,2,5,0.4,11,51,62,20,4,3,16,15,115,OOR,2012
Richard Hamilton,SG,33,28,697,140,310,0.452,17,46,0.37,123,264,0.466,0.479,29,37,0.784,20,46,66,84,12,1,49,56,326,OOR,2012
Tyler Hansbrough,PF,26,66,1442,194,479,0.405,0,1,0.0,194,478,0.406,0.405,226,278,0.813,113,177,290,30,54,9,65,159,614,OOR,2012
Luke Harangody,PF,24,21,231,23,65,0.354,5,21,0.238,18,44,0.409,0.392,9,12,0.75,20,33,53,6,6,3,4,17,60,OOR,2012
James Harden,SG,22,62,1946,309,629,0.491,114,292,0.39,195,337,0.579,0.582,312,369,0.846,30,222,252,229,62,15,137,150,1044,OOR,2012
Justin Harper,PF,22,14,84,9,31,0.29,2,13,0.154,7,18,0.389,0.323,0,1,0.0,3,9,12,2,2,3,6,5,20,OOR,2012
Josh Harrellson,PF,22,37,540,63,149,0.423,20,59,0.339,43,90,0.478,0.49,16,26,0.615,47,97,144,11,23,20,20,48,162,OOR,2012
Al Harrington,PF,31,64,1761,345,773,0.446,101,303,0.333,244,470,0.519,0.512,119,176,0.676,72,318,390,88,58,12,112,181,910,OOR,2012
Devin Harris,PG,28,63,1741,241,542,0.445,77,213,0.362,164,329,0.498,0.516,156,209,0.746,12,100,112,316,64,13,122,136,715,OOR,2012
Manny Harris,SG,22,26,456,60,150,0.4,12,36,0.333,48,114,0.421,0.44,41,59,0.695,11,59,70,31,13,6,27,28,173,OOR,2012
Terrel Harris,SG,24,22,318,29,83,0.349,8,39,0.205,21,44,0.477,0.398,14,21,0.667,18,33,51,26,9,2,25,34,80,OOR,2012
Tobias Harris,SF,19,42,479,79,169,0.467,6,23,0.261,73,146,0.5,0.485,44,54,0.815,30,71,101,22,13,7,31,45,208,OOR,2012
Udonis Haslem,PF,31,64,1589,151,357,0.423,0,0,0.0,151,357,0.423,0.423,83,102,0.814,117,353,470,42,35,24,60,142,385,OOR,2012
Spencer Hawes,C,23,37,920,156,319,0.489,3,12,0.25,153,307,0.498,0.494,40,55,0.727,78,192,270,98,16,48,55,100,355,OOR,2012
Chuck Hayes,C,28,54,1039,73,170,0.429,0,2,0.0,73,168,0.435,0.429,26,39,0.667,72,162,234,77,36,17,50,111,172,OOR,2012
Gordon Hayward,SF,21,66,2015,267,586,0.456,55,159,0.346,212,427,0.496,0.503,193,232,0.832,59,171,230,207,53,41,109,106,782,OOR,2012
Lazar Hayward,SF,25,26,141,13,38,0.342,4,14,0.286,9,24,0.375,0.395,7,12,0.583,2,14,16,4,3,1,9,18,37,OOR,2012
Brendan Haywood,C,32,54,1146,118,228,0.518,0,0,0.0,118,228,0.518,0.518,45,96,0.469,139,185,324,19,24,54,46,121,281,OOR,2012
Gerald Henderson,SG,24,55,1831,332,723,0.459,11,47,0.234,321,676,0.475,0.467,155,204,0.76,64,161,225,126,49,20,100,128,830,OOR,2012
Xavier Henry,SG,20,45,759,90,228,0.395,7,17,0.412,83,211,0.393,0.41,52,85,0.612,24,82,106,35,26,8,35,59,239,OOR,2012
Roy Hibbert,C,25,65,1937,332,668,0.497,0,1,0.0,332,667,0.498,0.497,170,239,0.711,213,359,572,108,32,128,128,195,834,OOR,2012
J.J. Hickson,PF,23,54,1244,183,392,0.467,0,2,0.0,183,390,0.469,0.467,86,134,0.642,133,202,335,45,30,35,70,85,452,OOR,2012
Cory Higgins,PG,22,38,423,52,160,0.325,4,20,0.2,48,140,0.343,0.338,42,60,0.7,7,28,35,36,5,6,39,40,150,OOR,2012
Nenê,C,29,39,1110,211,393,0.537,0,4,0.0,211,389,0.542,0.537,113,168,0.673,63,228,291,80,42,38,96,95,535,OOR,2012
George Hill,PG,25,50,1274,168,380,0.442,54,147,0.367,114,233,0.489,0.513,91,117,0.778,31,120,151,145,42,17,52,98,481,OOR,2012
Grant Hill,SF,39,49,1378,201,451,0.446,14,53,0.264,187,398,0.47,0.461,83,109,0.761,29,142,171,107,41,29,65,88,499,OOR,2012
Jordan Hill,C,24,39,551,82,165,0.497,0,3,0.0,82,162,0.506,0.497,30,47,0.638,61,125,186,16,14,27,31,71,194,OOR,2012
Kirk Hinrich,SG,31,48,1237,122,295,0.414,47,136,0.346,75,159,0.472,0.493,25,32,0.781,11,90,101,132,38,11,58,100,316,OOR,2012
Darington Hobson,SG,24,5,39,2,13,0.154,0,6,0.0,2,7,0.286,0.154,0,0,0.0,0,3,3,6,0,0,2,1,4,OOR,2012
Jrue Holiday,PG,21,65,2196,360,834,0.432,65,171,0.38,295,663,0.445,0.471,94,120,0.783,57,155,212,290,103,18,135,137,879,OOR,2012
Ryan Hollins,C,27,39,522,46,84,0.548,0,0,0.0,46,84,0.548,0.548,39,75,0.52,34,48,82,9,5,17,35,78,131,OOR,2012
Tyler Honeycutt,SF,21,15,88,8,24,0.333,1,3,0.333,7,21,0.333,0.354,3,5,0.6,3,11,14,7,4,3,2,3,20,OOR,2012
Al Horford,C,25,11,348,57,103,0.553,0,1,0.0,57,102,0.559,0.553,22,30,0.733,26,51,77,24,10,14,16,21,136,OOR,2012
Dennis Horner,PF,23,8,22,1,4,0.25,0,1,0.0,1,3,0.333,0.25,3,4,0.75,2,3,5,0,0,0,1,1,5,OOR,2012
Dwight Howard,C,26,54,2070,416,726,0.573,0,7,0.0,416,719,0.579,0.573,281,572,0.491,200,585,785,104,81,116,175,159,1113,OOR,2012
Josh Howard,SF,31,43,991,144,361,0.399,9,37,0.243,135,324,0.417,0.411,75,97,0.773,39,119,158,50,32,10,53,91,372,OOR,2012
Juwan Howard,PF,38,28,190,17,55,0.309,0,0,0.0,17,55,0.309,0.309,8,10,0.8,18,29,47,10,4,1,20,18,42,OOR,2012
Lester Hudson,PG,27,16,334,62,162,0.383,16,64,0.25,46,98,0.469,0.432,34,41,0.829,7,39,46,36,14,3,32,26,174,OOR,2012
Larry Hughes,PG,33,9,114,5,22,0.227,1,7,0.143,4,15,0.267,0.25,1,2,0.5,1,4,5,7,2,0,12,10,12,OOR,2012
Kris Humphries,PF,26,62,2162,323,671,0.481,0,0,0.0,323,671,0.481,0.481,209,278,0.752,233,448,681,90,50,74,119,173,855,OOR,2012
Serge Ibaka,PF,22,66,1792,262,490,0.535,1,3,0.333,261,487,0.536,0.536,78,118,0.661,193,305,498,28,33,241,79,179,603,OOR,2012
Andre Iguodala,SF,28,62,2209,287,632,0.454,76,193,0.394,211,439,0.481,0.514,121,196,0.617,56,325,381,339,107,30,115,92,771,OOR,2012
Ersan İlyasova,PF,24,60,1655,294,597,0.492,51,112,0.455,243,485,0.501,0.535,143,183,0.781,196,333,529,71,42,44,76,133,782,OOR,2012
Kyrie Irving,PG,19,51,1558,350,747,0.469,73,183,0.399,277,564,0.491,0.517,171,196,0.872,44,147,191,275,54,20,160,110,944,OOR,2012
Royal Ivey,SG,30,34,354,26,73,0.356,18,53,0.34,8,20,0.4,0.479,1,8,0.125,1,23,24,10,14,0,9,36,71,OOR,2012
Jarrett Jack,PG,28,45,1530,266,583,0.456,39,112,0.348,227,471,0.482,0.49,129,148,0.872,23,153,176,285,31,9,106,93,700,OOR,2012
Reggie Jackson,PG,21,45,501,51,159,0.321,13,62,0.21,38,97,0.392,0.362,25,29,0.862,14,39,53,71,25,1,36,31,140,OOR,2012
Stephen Jackson,SF,33,47,1212,159,425,0.374,49,170,0.288,110,255,0.431,0.432,94,114,0.825,22,141,163,118,54,13,103,99,461,OOR,2012
Damion James,SF,24,7,170,13,35,0.371,0,1,0.0,13,34,0.382,0.371,8,12,0.667,7,26,33,3,7,7,12,17,34,OOR,2012
LeBron James,SF,27,62,2326,621,1169,0.531,54,149,0.362,567,1020,0.556,0.554,387,502,0.771,94,398,492,387,115,50,213,96,1683,MVP,2012
Mike James,PG,36,11,120,20,49,0.408,6,10,0.6,14,39,0.359,0.469,7,8,0.875,2,8,10,29,4,2,14,20,53,OOR,2012
Antawn Jamison,PF,35,65,2151,421,1044,0.403,91,267,0.341,330,777,0.425,0.447,185,271,0.683,123,285,408,131,51,43,90,164,1118,OOR,2012
Al Jefferson,C,27,61,2075,516,1048,0.492,1,4,0.25,515,1044,0.493,0.493,137,177,0.774,133,452,585,134,47,101,62,155,1170,OOR,2012
Richard Jefferson,SF,31,63,1748,203,488,0.416,113,269,0.42,90,219,0.411,0.532,59,85,0.694,26,193,219,88,37,19,50,121,578,OOR,2012
Jared Jeffries,PF,30,39,729,59,144,0.41,3,16,0.188,56,128,0.438,0.42,49,72,0.681,69,83,152,26,29,25,29,89,170,OOR,2012
Charles Jenkins,PG,22,51,893,130,291,0.447,3,20,0.15,127,271,0.469,0.452,34,39,0.872,8,60,68,170,33,6,60,85,297,OOR,2012
Brandon Jennings,PG,22,66,2331,469,1121,0.418,129,388,0.332,340,733,0.464,0.476,193,239,0.808,49,177,226,365,104,22,146,114,1260,OOR,2012
Jonas Jerebko,PF,24,64,1468,212,453,0.468,32,106,0.302,180,347,0.519,0.503,100,124,0.806,96,212,308,43,41,21,66,162,556,OOR,2012
Yi Jianlian,PF,24,30,203,31,82,0.378,3,10,0.3,28,72,0.389,0.396,14,21,0.667,12,37,49,5,7,8,14,23,79,OOR,2012
Amir Johnson,PF,24,64,1553,196,340,0.576,2,5,0.4,194,335,0.579,0.579,58,84,0.69,149,259,408,79,33,69,94,209,452,OOR,2012
Armon Johnson,PG,22,9,124,20,43,0.465,1,3,0.333,19,40,0.475,0.477,6,6,1.0,1,12,13,11,5,0,6,9,47,OOR,2012
Carldell Johnson,PG,29,15,119,11,35,0.314,4,15,0.267,7,20,0.35,0.371,1,3,0.333,1,8,9,22,8,0,7,11,27,OOR,2012
Chris Johnson,C,26,27,175,20,41,0.488,0,0,0.0,20,41,0.488,0.488,15,19,0.789,15,25,40,2,6,9,15,33,55,OOR,2012
Ivan Johnson,PF,27,56,934,141,275,0.513,2,6,0.333,139,269,0.517,0.516,72,100,0.72,65,161,226,32,43,18,69,116,356,OOR,2012
JaJuan Johnson,PF,22,36,298,54,121,0.446,0,0,0.0,54,121,0.446,0.446,6,9,0.667,20,38,58,6,5,14,14,25,114,OOR,2012
James Johnson,SF,24,62,1561,233,518,0.45,19,60,0.317,214,458,0.467,0.468,81,115,0.704,74,218,292,122,71,84,101,177,566,OOR,2012
Joe Johnson,SG,30,60,2127,423,931,0.454,125,322,0.388,298,609,0.489,0.521,158,186,0.849,53,168,221,232,48,13,116,75,1129,OOR,2012
Trey Johnson,SG,27,11,61,8,14,0.571,0,0,0.0,8,14,0.571,0.571,5,5,1.0,3,9,12,4,1,0,5,10,21,OOR,2012
Wesley Johnson,SF,24,65,1469,158,397,0.398,53,169,0.314,105,228,0.461,0.465,24,34,0.706,24,153,177,59,35,48,60,115,393,OOR,2012
Dahntay Jones,SF,31,65,1052,115,281,0.409,33,77,0.429,82,204,0.402,0.468,83,99,0.838,23,94,117,63,23,11,46,119,346,OOR,2012
Dominique Jones,SG,23,33,268,29,73,0.397,1,8,0.125,28,65,0.431,0.404,29,37,0.784,9,35,44,42,10,5,28,28,88,OOR,2012
James Jones,SG,31,51,666,57,150,0.38,46,114,0.404,11,36,0.306,0.533,25,30,0.833,6,43,49,19,17,9,10,45,185,OOR,2012
Solomon Jones,C-PF,27,21,292,24,61,0.393,0,0,0.0,24,61,0.393,0.393,19,23,0.826,32,26,58,9,9,11,18,43,67,OOR,2012
DeAndre Jordan,C,23,66,1798,206,326,0.632,0,1,0.0,206,325,0.634,0.632,74,141,0.525,202,344,546,17,30,134,74,189,486,OOR,2012
Jerome Jordan,C,25,21,108,17,33,0.515,0,0,0.0,17,33,0.515,0.515,8,10,0.8,14,13,27,4,1,6,2,15,42,OOR,2012
Cory Joseph,PG,20,29,266,22,70,0.314,3,15,0.2,19,55,0.345,0.336,11,17,0.647,5,20,25,34,7,3,12,16,58,OOR,2012
Chris Kaman,C,29,47,1372,266,597,0.446,0,0,0.0,266,597,0.446,0.446,84,107,0.785,89,275,364,101,25,77,129,106,616,OOR,2012
Enes Kanter,C,19,66,874,117,236,0.496,0,1,0.0,117,235,0.498,0.496,70,105,0.667,107,171,278,8,18,23,54,87,304,OOR,2012
Jason Kapono,SG,30,27,269,21,55,0.382,8,27,0.296,13,28,0.464,0.455,4,4,1.0,2,12,14,11,3,0,6,21,54,OOR,2012
D.J. Kennedy,SF,22,2,59,5,12,0.417,2,4,0.5,3,8,0.375,0.5,0,2,0.0,1,6,7,3,2,0,3,7,12,OOR,2012
Jason Kidd,PG,38,48,1379,99,273,0.363,79,223,0.354,20,50,0.4,0.507,22,28,0.786,15,183,198,264,82,10,91,83,299,OOR,2012
Linas Kleiza,SF,27,49,1057,165,410,0.402,62,179,0.346,103,231,0.446,0.478,81,100,0.81,42,157,199,46,23,4,64,119,473,OOR,2012
Brandon Knight,PG,20,66,2129,319,769,0.415,105,276,0.38,214,493,0.434,0.483,104,137,0.759,33,178,211,251,49,10,171,154,847,OOR,2012
Kyle Korver,SG,30,65,1469,178,412,0.432,118,271,0.435,60,141,0.426,0.575,55,66,0.833,26,133,159,112,36,15,53,110,529,OOR,2012
Kosta Koufos,C,22,48,792,115,192,0.599,0,0,0.0,115,192,0.599,0.599,33,55,0.6,95,163,258,15,24,41,33,96,263,OOR,2012
Carl Landry,PF,28,41,999,182,362,0.503,0,3,0.0,182,359,0.507,0.503,147,184,0.799,78,136,214,38,13,12,64,89,511,OOR,2012
Ty Lawson,PG,24,61,2124,374,767,0.488,73,200,0.365,301,567,0.531,0.535,178,216,0.824,54,173,227,401,82,6,149,94,999,OOR,2012
Courtney Lee,SG,26,58,1757,251,580,0.433,87,217,0.401,164,363,0.452,0.508,71,86,0.826,26,133,159,88,68,22,64,106,660,OOR,2012
David Lee,PF,28,57,2121,464,922,0.503,0,5,0.0,464,917,0.506,0.503,219,280,0.782,171,374,545,162,54,22,149,179,1147,OOR,2012
Malcolm Lee,SG,21,19,243,23,59,0.39,2,10,0.2,21,49,0.429,0.407,14,17,0.824,9,17,26,31,8,4,17,22,62,OOR,2012
Kawhi Leonard,SF,20,64,1534,199,404,0.493,41,109,0.376,158,295,0.536,0.543,68,88,0.773,104,223,327,70,85,24,44,88,507,OOR,2012
Travis Leslie,SG,21,10,45,5,14,0.357,0,0,0.0,5,14,0.357,0.357,4,9,0.444,6,3,9,5,2,2,2,4,14,OOR,2012
Jon Leuer,PF,22,46,555,97,191,0.508,3,9,0.333,94,182,0.516,0.516,21,28,0.75,45,75,120,25,14,17,18,67,218,OOR,2012
Rashard Lewis,SF,32,28,729,85,221,0.385,16,67,0.239,69,154,0.448,0.421,31,37,0.838,34,75,109,27,23,10,32,49,217,OOR,2012
DeAndre Liggins,SF,23,17,115,12,25,0.48,0,4,0.0,12,21,0.571,0.48,9,19,0.474,6,9,15,5,6,0,10,6,33,OOR,2012
Jeremy Lin,PG,23,35,940,171,383,0.446,24,75,0.32,147,308,0.477,0.478,146,183,0.798,18,89,107,216,55,9,126,78,512,OOR,2012
Shaun Livingston,SG,26,58,1092,127,271,0.469,2,3,0.667,125,268,0.466,0.472,62,79,0.785,39,84,123,122,27,20,66,79,318,OOR,2012
Brook Lopez,C,23,5,136,38,77,0.494,0,0,0.0,38,77,0.494,0.494,20,32,0.625,8,10,18,6,1,4,6,8,96,OOR,2012
Robin Lopez,C,23,64,895,124,269,0.461,0,0,0.0,124,269,0.461,0.461,100,140,0.714,90,119,209,20,18,60,43,128,348,OOR,2012
Kevin Love,PF,23,55,2145,474,1059,0.448,105,282,0.372,369,777,0.475,0.497,379,460,0.824,226,508,734,111,47,28,128,152,1432,OOR,2012
Kyle Lowry,PG,25,47,1510,210,513,0.409,79,211,0.374,131,302,0.434,0.486,171,198,0.864,37,176,213,310,73,14,130,133,670,OOR,2012
John Lucas III,PG,29,49,726,143,358,0.399,55,140,0.393,88,218,0.404,0.476,28,32,0.875,22,54,76,108,19,1,42,42,369,OOR,2012
Shelvin Mack,PG,21,64,779,88,220,0.4,12,42,0.286,76,178,0.427,0.427,42,59,0.712,12,80,92,131,28,2,48,50,230,OOR,2012
Vernon Macklin,C,25,23,135,19,35,0.543,0,0,0.0,19,35,0.543,0.543,8,14,0.571,14,20,34,5,4,4,3,9,46,OOR,2012
Corey Maggette,SF,32,32,881,139,373,0.373,24,66,0.364,115,307,0.375,0.405,178,208,0.856,21,104,125,39,23,1,59,83,480,OOR,2012
Jamaal Magloire,C,33,34,374,17,45,0.378,0,0,0.0,17,45,0.378,0.378,7,27,0.259,25,88,113,6,4,10,22,66,41,OOR,2012
Ian Mahinmi,C,25,61,1139,130,238,0.546,0,1,0.0,130,237,0.549,0.546,94,147,0.639,108,181,289,12,38,31,50,176,354,OOR,2012
Shawn Marion,SF,33,63,1919,288,646,0.446,20,68,0.294,268,578,0.464,0.461,74,93,0.796,145,320,465,132,67,36,98,87,670,OOR,2012
Cartier Martin,SF,27,17,391,59,134,0.44,29,75,0.387,30,59,0.508,0.549,11,19,0.579,12,46,58,10,11,2,13,35,158,OOR,2012
Kenyon Martin,PF,34,42,940,97,220,0.441,3,13,0.231,94,207,0.454,0.448,20,54,0.37,49,132,181,18,44,43,32,103,217,OOR,2012
Kevin Martin,SG,28,40,1264,222,537,0.413,78,225,0.347,144,312,0.462,0.486,160,179,0.894,13,93,106,110,28,3,70,70,682,OOR,2012
Roger Mason,SG,31,52,697,103,258,0.399,59,154,0.383,44,104,0.423,0.514,21,27,0.778,7,62,69,47,13,5,32,33,286,OOR,2012
Wesley Matthews,SG,25,66,2228,314,763,0.412,129,337,0.383,185,426,0.434,0.496,147,171,0.86,56,168,224,113,96,15,73,148,904,OOR,2012
Jason Maxiell,PF,28,65,1466,183,383,0.478,0,2,0.0,183,381,0.48,0.478,58,106,0.547,126,207,333,41,32,50,71,151,424,OOR,2012
Eric Maynor,PG,24,9,137,14,39,0.359,6,17,0.353,8,22,0.364,0.436,4,4,1.0,3,10,13,22,5,0,11,13,38,OOR,2012
O.J. Mayo,SG,24,66,1771,300,736,0.408,100,275,0.364,200,461,0.434,0.476,133,172,0.773,30,180,210,169,71,23,124,137,833,OOR,2012
Luc Mbah a Moute,PF,25,43,1009,133,261,0.51,1,4,0.25,132,257,0.514,0.511,66,103,0.641,77,150,227,29,40,22,39,93,333,OOR,2012
JaVale McGee,C,24,61,1535,307,552,0.556,0,0,0.0,307,552,0.556,0.556,77,167,0.461,163,314,477,31,35,132,87,166,691,OOR,2012
Tracy McGrady,SF,32,52,837,101,231,0.437,15,33,0.455,86,198,0.434,0.47,56,83,0.675,23,131,154,110,16,15,53,35,273,OOR,2012
Dominic McGuire,PF,26,64,1127,94,210,0.448,0,4,0.0,94,206,0.456,0.448,39,53,0.736,73,173,246,110,44,36,56,104,227,OOR,2012
Josh McRoberts,PF,24,50,718,56,118,0.475,3,7,0.429,53,111,0.477,0.487,23,36,0.639,61,110,171,51,15,18,31,74,138,OOR,2012
Jodie Meeks,SG,24,66,1644,191,467,0.409,97,266,0.365,94,201,0.468,0.513,77,85,0.906,17,144,161,54,40,3,29,82,556,OOR,2012
C.J. Miles,SG,24,56,1145,177,465,0.381,46,150,0.307,131,315,0.416,0.43,108,136,0.794,27,89,116,69,46,18,53,122,508,OOR,2012
Darko Miličić,C,26,29,472,59,130,0.454,0,0,0.0,59,130,0.454,0.454,16,37,0.432,35,62,97,17,9,25,32,59,134,OOR,2012
Andre Miller,SG,35,66,1809,242,552,0.438,18,83,0.217,224,469,0.478,0.455,137,169,0.811,53,168,221,441,63,9,177,133,639,OOR,2012
Brad Miller,C,35,15,146,9,27,0.333,7,15,0.467,2,12,0.167,0.463,10,12,0.833,4,15,19,24,4,2,12,10,35,OOR,2012
Mike Miller,SG,31,39,752,91,209,0.435,53,117,0.453,38,92,0.413,0.562,2,5,0.4,22,106,128,42,14,6,30,58,237,OOR,2012
Patty Mills,PG,23,16,261,63,130,0.485,24,56,0.429,39,74,0.527,0.577,15,15,1.0,4,24,28,39,10,1,26,14,165,OOR,2012
Paul Millsap,PF,26,64,2100,426,861,0.495,7,31,0.226,419,830,0.505,0.499,202,255,0.792,180,383,563,150,118,52,112,222,1061,OOR,2012
Nazr Mohammed,C,34,63,692,79,169,0.467,0,1,0.0,79,168,0.47,0.467,13,23,0.565,59,111,170,14,20,37,26,101,171,OOR,2012
Greg Monroe,C,21,66,2082,407,781,0.521,0,1,0.0,407,780,0.522,0.521,201,272,0.739,239,398,637,152,83,46,161,180,1015,OOR,2012
Jamario Moon,SF,31,8,123,7,24,0.292,2,10,0.2,5,14,0.357,0.333,2,2,1.0,2,20,22,5,1,5,8,5,18,OOR,2012
E'Twaun Moore,PG,22,38,331,43,113,0.381,17,45,0.378,26,68,0.382,0.456,7,7,1.0,4,29,33,34,11,3,21,33,110,OOR,2012
Mikki Moore,C,36,7,118,9,20,0.45,0,0,0.0,9,20,0.45,0.45,6,7,0.857,7,15,22,5,3,3,7,24,24,OOR,2012
Darius Morris,PG,21,19,169,18,42,0.429,4,9,0.444,14,33,0.424,0.476,6,9,0.667,2,14,16,21,2,0,19,16,46,OOR,2012
Marcus Morris,PF,22,17,126,16,54,0.296,2,17,0.118,14,37,0.378,0.315,6,8,0.75,5,11,16,3,2,2,4,12,40,OOR,2012
Markieff Morris,PF,22,63,1227,174,436,0.399,43,124,0.347,131,312,0.42,0.448,76,106,0.717,69,210,279,65,41,42,70,179,467,OOR,2012
Anthony Morrow,SG,26,62,1636,272,658,0.413,106,286,0.371,166,372,0.446,0.494,97,104,0.933,31,96,127,61,46,9,70,86,747,OOR,2012
Timofey Mozgov,C,25,44,687,100,190,0.526,0,0,0.0,100,190,0.526,0.526,39,57,0.684,53,126,179,22,15,42,53,86,239,OOR,2012
Byron Mullens,C,22,65,1465,251,591,0.425,12,51,0.235,239,540,0.443,0.435,92,112,0.821,96,231,327,57,21,52,74,137,606,OOR,2012
Troy Murphy,PF,31,59,956,77,171,0.45,28,67,0.418,49,104,0.471,0.532,6,9,0.667,40,151,191,51,15,16,26,98,188,OOR,2012
Hamady N'Diaye,C,25,3,3,0,1,0.0,0,0,0.0,0,1,0.0,0.0,0,0,0.0,0,0,0,0,0,0,0,0,0,OOR,2012
Eduardo Nájera,PF,35,22,270,24,64,0.375,8,29,0.276,16,35,0.457,0.438,2,4,0.5,11,39,50,12,19,4,7,40,58,OOR,2012
Steve Nash,PG,37,62,1961,295,555,0.532,55,141,0.39,240,414,0.58,0.581,127,142,0.894,26,160,186,664,38,8,229,53,772,OOR,2012
Gary Neal,SG,27,56,1206,212,486,0.436,83,198,0.419,129,288,0.448,0.522,50,64,0.781,12,106,118,117,27,2,60,75,557,OOR,2012
Jameer Nelson,PG,29,57,1706,259,606,0.427,87,231,0.377,172,375,0.459,0.499,71,88,0.807,29,152,181,325,38,5,135,130,676,OOR,2012
Joakim Noah,C,26,64,1945,249,490,0.508,0,1,0.0,249,489,0.509,0.508,154,206,0.748,242,387,629,160,41,92,92,162,652,OOR,2012
Andrés Nocioni,SF,32,11,56,5,20,0.25,1,6,0.167,4,14,0.286,0.275,6,11,0.545,1,13,14,1,1,1,5,4,17,OOR,2012
Steve Novak,PF,28,54,1020,161,337,0.478,133,282,0.472,28,55,0.509,0.675,22,26,0.846,9,95,104,12,16,9,21,59,477,OOR,2012
Dirk Nowitzki,PF,33,62,2079,473,1034,0.457,78,212,0.368,395,822,0.481,0.495,318,355,0.896,46,372,418,136,42,30,117,129,1342,OOR,2012
Jermaine O'Neal,C,33,25,570,52,120,0.433,0,0,0.0,52,120,0.433,0.433,21,31,0.677,37,98,135,10,8,43,21,80,125,OOR,2012
Lamar Odom,SF,32,50,1027,123,349,0.352,28,111,0.252,95,238,0.399,0.393,58,98,0.592,36,172,208,83,20,18,52,97,332,OOR,2012
Emeka Okafor,C,29,27,781,114,214,0.533,0,0,0.0,114,214,0.533,0.533,38,74,0.514,70,143,213,24,16,26,37,73,266,OOR,2012
Mehmet Okur,C,32,17,454,52,139,0.374,23,72,0.319,29,67,0.433,0.457,3,5,0.6,22,59,81,30,9,5,25,45,130,OOR,2012
Daniel Orton,PF,21,16,187,17,30,0.567,0,1,0.0,17,29,0.586,0.567,11,25,0.44,19,20,39,5,8,9,7,30,45,OOR,2012
Travis Outlaw,SF,27,39,500,60,175,0.343,16,60,0.267,44,115,0.383,0.389,31,46,0.674,19,42,61,16,19,21,20,34,167,OOR,2012
Larry Owens,SF,29,7,75,4,11,0.364,2,5,0.4,2,6,0.333,0.455,3,4,0.75,2,11,13,4,0,1,2,10,13,OOR,2012
Zaza Pachulia,C,27,58,1640,169,339,0.499,0,0,0.0,169,339,0.499,0.499,117,158,0.741,154,303,457,79,55,29,81,172,455,OOR,2012
Jannero Pargo,PG,32,50,671,105,253,0.415,53,138,0.384,52,115,0.452,0.52,19,20,0.95,9,64,73,96,20,2,49,64,282,OOR,2012
Jeremy Pargo,PG,25,44,424,50,150,0.333,10,38,0.263,40,112,0.357,0.367,16,27,0.593,12,25,37,55,15,0,46,46,126,OOR,2012
Anthony Parker,SF,36,51,1280,141,326,0.433,50,138,0.362,91,188,0.484,0.509,35,56,0.625,10,128,138,120,38,7,50,65,367,OOR,2012
Tony Parker,PG,29,60,1923,427,890,0.48,14,61,0.23,413,829,0.498,0.488,227,284,0.799,22,149,171,463,57,5,153,75,1095,Candidate,2012
Chandler Parsons,SF,23,63,1804,248,549,0.452,60,178,0.337,188,371,0.507,0.506,43,78,0.551,90,210,300,134,73,29,81,142,599,OOR,2012
Patrick Patterson,PF,22,64,1483,225,511,0.44,0,3,0.0,225,508,0.443,0.44,40,57,0.702,112,174,286,53,27,36,49,113,490,OOR,2012
Chris Paul,PG,26,60,2181,425,890,0.478,79,213,0.371,346,677,0.511,0.522,260,302,0.861,42,171,213,543,152,4,124,138,1189,Candidate,2012
Sasha Pavlović,SF,28,45,527,50,128,0.391,17,58,0.293,33,70,0.471,0.457,3,8,0.375,4,68,72,18,20,15,20,54,120,OOR,2012
Nikola Peković,C,26,47,1264,256,454,0.564,0,0,0.0,256,454,0.564,0.564,139,187,0.743,181,165,346,31,29,31,87,98,651,OOR,2012
Kendrick Perkins,C,27,65,1744,128,262,0.489,0,0,0.0,128,262,0.489,0.489,73,112,0.652,120,306,426,78,25,73,118,189,329,OOR,2012
Johan Petro,C,26,59,920,109,260,0.419,1,1,1.0,108,259,0.417,0.421,31,37,0.838,68,156,224,45,21,23,38,122,250,OOR,2012
Paul Pierce,SF,34,61,2075,394,890,0.443,100,273,0.366,294,617,0.476,0.499,293,344,0.852,37,280,317,274,70,26,173,147,1181,OOR,2012
Mickaël Piétrus,SG,29,42,921,104,270,0.385,61,182,0.335,43,88,0.489,0.498,20,31,0.645,18,112,130,25,21,10,33,81,289,OOR,2012
Dexter Pittman,C,23,35,301,44,94,0.468,0,0,0.0,44,94,0.468,0.468,18,28,0.643,27,44,71,9,8,8,17,73,106,OOR,2012
Quincy Pondexter,SF,23,64,1002,108,239,0.452,22,73,0.301,86,166,0.518,0.498,33,53,0.623,55,71,126,27,27,5,30,90,271,OOR,2012
A.J. Price,PG,25,44,568,59,174,0.339,26,88,0.295,33,86,0.384,0.414,28,35,0.8,13,48,61,86,20,2,32,30,172,OOR,2012
Ronnie Price,PG,28,36,517,49,130,0.377,13,44,0.295,36,86,0.419,0.427,20,25,0.8,18,38,56,67,34,3,46,72,131,OOR,2012
Tayshaun Prince,SF,31,63,2087,336,798,0.421,37,104,0.356,299,694,0.431,0.444,89,115,0.774,72,209,281,153,27,32,74,77,798,OOR,2012
Joel Przybilla,C,32,27,449,22,48,0.458,0,0,0.0,22,48,0.458,0.458,11,18,0.611,29,109,138,6,4,16,22,66,55,OOR,2012
Vladimir Radmanović,SF,31,49,755,74,197,0.376,50,135,0.37,24,62,0.387,0.503,22,29,0.759,34,109,143,54,21,15,35,62,220,OOR,2012
Anthony Randolph,PF,22,34,517,94,200,0.47,0,1,0.0,94,199,0.472,0.47,64,84,0.762,42,81,123,19,13,35,40,56,252,OOR,2012
Zach Randolph,PF,30,28,735,132,285,0.463,2,8,0.25,130,277,0.469,0.467,58,88,0.659,78,147,225,48,21,4,40,57,324,OOR,2012
Michael Redd,SG,32,51,770,144,360,0.4,42,132,0.318,102,228,0.447,0.458,88,111,0.793,14,63,77,33,13,0,37,29,418,OOR,2012
J.J. Redick,SG,27,65,1765,248,584,0.425,112,268,0.418,136,316,0.43,0.521,143,157,0.911,18,132,150,164,27,6,68,92,751,OOR,2012
Ryan Reid,PF,25,5,17,4,5,0.8,0,0,0.0,4,5,0.8,0.8,0,0,0.0,1,1,2,0,0,0,1,1,8,OOR,2012
Jason Richardson,SG,31,54,1591,243,596,0.408,102,277,0.368,141,319,0.442,0.493,41,69,0.594,36,158,194,107,53,22,60,91,629,OOR,2012
Quentin Richardson,SF,31,48,866,74,197,0.376,42,121,0.347,32,76,0.421,0.482,25,30,0.833,15,108,123,38,28,6,29,74,215,OOR,2012
Luke Ridnour,SG,30,53,1750,242,550,0.44,49,152,0.322,193,398,0.485,0.485,106,119,0.891,19,122,141,252,56,16,96,136,639,OOR,2012
Nate Robinson,PG,27,51,1192,205,484,0.424,66,181,0.365,139,303,0.459,0.492,94,113,0.832,15,85,100,231,59,2,75,118,570,OOR,2012
Rajon Rondo,PG,25,53,1957,256,572,0.448,10,42,0.238,246,530,0.464,0.456,108,181,0.597,62,195,257,620,95,3,193,99,630,OOR,2012
Derrick Rose,PG,23,39,1375,302,695,0.435,54,173,0.312,248,522,0.475,0.473,194,239,0.812,26,105,131,307,35,28,119,52,852,OOR,2012
Ricky Rubio,PG,21,41,1404,139,389,0.357,32,94,0.34,107,295,0.363,0.398,126,157,0.803,21,150,171,336,91,8,131,97,436,OOR,2012
Brandon Rush,SF,26,65,1717,235,469,0.501,99,219,0.452,136,250,0.544,0.607,65,82,0.793,33,218,251,88,35,58,68,64,634,OOR,2012
Walker Russell,PG,29,28,357,33,95,0.347,4,13,0.308,29,82,0.354,0.368,14,22,0.636,7,19,26,58,18,1,33,29,84,OOR,2012
John Salmons,SF,32,46,1250,141,345,0.409,33,112,0.295,108,233,0.464,0.457,29,45,0.644,20,114,134,93,37,7,45,77,344,OOR,2012
Samardo Samuels,C,23,54,825,105,231,0.455,0,0,0.0,105,231,0.455,0.455,82,117,0.701,63,117,180,20,20,20,56,113,292,OOR,2012
Larry Sanders,PF,23,52,643,84,184,0.457,0,2,0.0,84,182,0.462,0.457,18,38,0.474,62,98,160,33,32,76,43,133,186,OOR,2012
Brian Scalabrine,PF,33,28,122,14,30,0.467,1,7,0.143,13,23,0.565,0.483,3,6,0.5,8,13,21,15,5,6,9,9,32,OOR,2012
Luis Scola,PF,31,66,2067,436,888,0.491,0,3,0.0,436,885,0.493,0.491,153,198,0.773,122,306,428,140,35,24,153,214,1025,OOR,2012
Thabo Sefolosha,SG,27,42,914,67,155,0.432,31,71,0.437,36,84,0.429,0.532,38,43,0.884,21,107,128,47,37,17,40,78,203,OOR,2012
Josh Selby,PG,20,28,237,25,72,0.347,2,15,0.133,23,57,0.404,0.361,11,14,0.786,2,13,15,30,7,0,29,17,63,OOR,2012
Kevin Séraphin,C,22,57,1176,203,382,0.531,0,1,0.0,203,381,0.533,0.531,47,70,0.671,103,177,280,33,19,76,66,133,453,OOR,2012
Ramon Sessions,PG,25,64,1707,242,565,0.428,43,97,0.443,199,468,0.425,0.466,194,248,0.782,33,181,214,354,44,3,141,100,721,OOR,2012
Iman Shumpert,PG,21,59,1705,214,534,0.401,48,157,0.306,166,377,0.44,0.446,87,109,0.798,42,144,186,164,101,8,111,173,563,OOR,2012
Xavier Silas,SG,24,2,39,4,15,0.267,1,6,0.167,3,9,0.333,0.3,2,3,0.667,2,2,4,3,0,0,3,5,11,OOR,2012
Bobby Simmons,SF,31,28,418,28,90,0.311,20,60,0.333,8,30,0.267,0.422,4,7,0.571,17,38,55,11,15,3,10,41,80,OOR,2012
Chris Singleton,SF,22,66,1431,116,312,0.372,44,127,0.346,72,185,0.389,0.442,30,44,0.682,43,190,233,49,70,30,38,176,306,OOR,2012
James Singleton,PF,30,12,262,41,75,0.547,2,9,0.222,39,66,0.591,0.56,14,15,0.933,25,56,81,15,9,8,10,27,98,OOR,2012
Brian Skinner,C,35,1,4,0,1,0.0,0,0,0.0,0,1,0.0,0.0,0,0,0.0,0,0,0,0,0,0,0,1,0,OOR,2012
Donald Sloan,PG,24,33,669,79,198,0.399,2,25,0.08,77,173,0.445,0.404,23,30,0.767,18,49,67,105,13,3,49,37,183,OOR,2012
Craig Smith,PF,28,47,464,59,117,0.504,0,1,0.0,59,116,0.509,0.504,38,53,0.717,33,77,110,19,16,5,24,55,156,OOR,2012
Greg Smith,C,21,8,69,7,11,0.636,0,0,0.0,7,11,0.636,0.636,0,0,0.0,5,15,20,1,2,5,1,17,14,OOR,2012
Ish Smith,PG,23,26,234,31,81,0.383,3,9,0.333,28,72,0.389,0.401,7,10,0.7,7,28,35,41,15,2,13,15,72,OOR,2012
J.R. Smith,SG,26,35,967,165,405,0.407,67,193,0.347,98,212,0.462,0.49,39,55,0.709,29,107,136,84,54,6,46,87,436,OOR,2012
Jason Smith,PF,25,40,947,181,348,0.52,1,9,0.111,180,339,0.531,0.522,33,47,0.702,72,124,196,34,21,41,40,102,396,OOR,2012
Jerry Smith,PG,24,5,46,3,14,0.214,1,6,0.167,2,8,0.25,0.25,0,0,0.0,2,5,7,4,5,0,0,5,7,OOR,2012
Josh Smith,PF,26,66,2329,504,1101,0.458,28,109,0.257,476,992,0.48,0.47,203,322,0.63,136,496,632,257,93,115,164,172,1239,OOR,2012
Nolan Smith,PG,23,44,541,67,180,0.372,13,45,0.289,54,135,0.4,0.408,20,28,0.714,17,39,56,62,18,3,42,55,167,OOR,2012
Marreese Speights,PF,24,60,1345,221,488,0.453,0,3,0.0,221,485,0.456,0.453,84,109,0.771,133,241,374,48,21,29,74,147,526,OOR,2012
Tiago Splitter,C,27,59,1121,212,343,0.618,0,0,0.0,212,343,0.618,0.618,125,181,0.691,93,213,306,65,21,47,87,134,549,OOR,2012
Jerry Stackhouse,SF,37,30,273,37,100,0.37,13,38,0.342,24,62,0.387,0.435,21,23,0.913,6,17,23,14,10,3,13,12,108,OOR,2012
Lance Stephenson,SG,21,42,442,47,125,0.376,4,30,0.133,43,95,0.453,0.392,8,17,0.471,12,41,53,46,21,5,36,30,106,OOR,2012
DeShawn Stevenson,SF,30,51,960,49,172,0.285,41,145,0.283,8,27,0.296,0.404,9,16,0.563,7,94,101,41,19,4,19,59,148,OOR,2012
Greg Stiemsma,C,26,55,766,66,121,0.545,0,0,0.0,66,121,0.545,0.545,29,41,0.707,48,129,177,28,37,85,33,144,161,OOR,2012
Julyan Stone,SG,23,22,179,13,31,0.419,2,11,0.182,11,20,0.55,0.452,8,11,0.727,5,20,25,37,8,6,11,18,36,OOR,2012
Amar'e Stoudemire,PF,29,47,1543,316,654,0.483,5,21,0.238,311,633,0.491,0.487,186,243,0.765,106,261,367,52,38,45,112,138,823,OOR,2012
Rodney Stuckey,SG,25,55,1644,256,597,0.429,33,104,0.317,223,493,0.452,0.456,267,320,0.834,38,104,142,210,44,10,106,124,812,OOR,2012
DaJuan Summers,SF,24,15,209,28,65,0.431,5,16,0.313,23,49,0.469,0.469,7,9,0.778,8,15,23,10,7,0,8,31,68,OOR,2012
Jeff Teague,PG,23,66,2183,320,672,0.476,51,149,0.342,269,523,0.514,0.514,140,185,0.757,21,138,159,321,106,37,134,145,831,OOR,2012
Sebastian Telfair,PG,26,60,895,141,342,0.412,33,105,0.314,108,237,0.456,0.461,53,67,0.791,20,71,91,138,41,12,68,120,368,OOR,2012
Jason Terry,SG,34,63,2000,357,830,0.43,138,365,0.378,219,465,0.471,0.513,98,111,0.883,16,133,149,226,73,11,127,69,950,OOR,2012
Hasheem Thabeet,C,24,20,139,11,21,0.524,0,0,0.0,11,21,0.524,0.524,13,20,0.65,16,26,42,0,1,10,8,20,35,OOR,2012
Isaiah Thomas,PG,22,65,1656,256,571,0.448,83,219,0.379,173,352,0.491,0.521,154,185,0.832,48,120,168,266,53,8,105,121,749,OOR,2012
Kurt Thomas,C,39,53,803,73,157,0.465,0,0,0.0,73,157,0.465,0.465,14,20,0.7,39,149,188,46,24,31,31,123,160,OOR,2012
Lance Thomas,PF,23,42,630,57,126,0.452,0,1,0.0,57,125,0.456,0.452,52,62,0.839,49,77,126,12,10,7,24,78,166,OOR,2012
Malcolm Thomas,PF,23,3,15,0,3,0.0,0,0,0.0,0,3,0.0,0.0,1,2,0.5,1,2,3,1,1,1,0,0,1,OOR,2012
Tyrus Thomas,PF,25,54,1013,120,327,0.367,1,3,0.333,119,324,0.367,0.369,63,83,0.759,49,151,200,35,36,60,53,144,304,OOR,2012
Trey Thompkins,C,21,24,119,24,61,0.393,4,13,0.308,20,48,0.417,0.426,5,7,0.714,4,20,24,3,3,3,6,10,57,OOR,2012
Jason Thompson,PF,25,64,1657,237,443,0.535,0,2,0.0,237,441,0.537,0.535,109,181,0.602,166,277,443,79,43,44,68,149,583,OOR,2012
Klay Thompson,SG,21,66,1608,318,718,0.443,111,268,0.414,207,450,0.46,0.52,79,91,0.868,24,137,161,133,49,20,103,155,826,OOR,2012
Mychel Thompson,SG,23,5,95,7,24,0.292,4,11,0.364,3,13,0.231,0.375,0,0,0.0,0,5,5,7,2,1,5,8,18,OOR,2012
Tristan Thompson,PF,20,60,1424,194,442,0.439,0,2,0.0,194,440,0.441,0.439,106,192,0.552,187,202,389,27,27,62,81,134,494,OOR,2012
Marcus Thornton,SG,24,51,1780,352,803,0.438,107,310,0.345,245,493,0.497,0.505,141,163,0.865,84,104,188,98,71,12,84,111,952,OOR,2012
Jamaal Tinsley,PG,33,37,507,57,141,0.404,10,37,0.27,47,104,0.452,0.44,13,17,0.765,6,39,45,123,17,8,52,47,137,OOR,2012
Anthony Tolliver,SF,26,51,882,71,182,0.39,25,101,0.248,46,81,0.568,0.459,41,55,0.745,50,103,153,22,18,19,35,86,208,OOR,2012
Ronny Turiaf,C,29,17,279,19,33,0.576,0,1,0.0,19,32,0.594,0.576,13,22,0.591,20,50,70,10,14,17,14,39,51,OOR,2012
Hedo Türkoğlu,SF,32,53,1653,209,504,0.415,91,258,0.353,118,246,0.48,0.505,67,95,0.705,24,175,199,233,45,17,142,139,576,OOR,2012
Evan Turner,SF,23,65,1713,263,590,0.446,11,49,0.224,252,541,0.466,0.455,73,108,0.676,27,349,376,180,40,20,105,117,610,OOR,2012
Jeremy Tyler,C,20,42,568,88,209,0.421,0,1,0.0,88,208,0.423,0.421,29,52,0.558,54,86,140,16,16,20,36,84,205,OOR,2012
Edwin Ubiles,SF,25,4,52,5,18,0.278,1,5,0.2,4,13,0.308,0.306,3,3,1.0,2,8,10,1,1,1,1,1,14,OOR,2012
Ekpe Udoh,C,24,61,1290,127,295,0.431,0,2,0.0,127,293,0.433,0.431,86,114,0.754,100,154,254,57,40,102,53,174,340,OOR,2012
Beno Udrih,SG,29,59,1080,146,332,0.44,17,59,0.288,129,273,0.473,0.465,39,55,0.709,26,76,102,227,37,1,77,69,348,OOR,2012
Ben Uzoh,PG,23,18,370,35,99,0.354,0,1,0.0,35,98,0.357,0.354,11,19,0.579,19,48,67,61,17,3,19,31,81,OOR,2012
Anderson Varejão,C,29,25,785,114,222,0.514,0,4,0.0,114,218,0.523,0.514,43,64,0.672,109,178,287,43,35,17,45,62,271,OOR,2012
Greivis Vásquez,PG,25,66,1706,225,523,0.43,43,135,0.319,182,388,0.469,0.471,96,117,0.821,23,150,173,359,60,8,148,126,589,OOR,2012
Jan Veselý,PF,21,57,1078,117,218,0.537,0,1,0.0,117,217,0.539,0.537,33,62,0.532,101,148,249,47,39,32,60,156,267,OOR,2012
Charlie Villanueva,PF,27,13,180,35,91,0.385,15,45,0.333,20,46,0.435,0.467,6,7,0.857,9,39,48,6,7,5,7,25,91,OOR,2012
Nikola Vučević,C,21,51,812,131,291,0.45,3,8,0.375,128,283,0.452,0.455,18,34,0.529,88,158,246,31,20,34,33,111,283,OOR,2012
Dwyane Wade,SG,30,49,1625,416,837,0.497,15,56,0.268,401,781,0.513,0.506,235,297,0.791,73,164,237,225,82,63,129,110,1082,OOR,2012
Von Wafer,SG,26,33,469,71,157,0.452,14,39,0.359,57,118,0.483,0.497,38,54,0.704,6,39,45,29,10,3,35,26,194,OOR,2012
Henry Walker,SG,24,32,620,68,171,0.398,36,113,0.319,32,58,0.552,0.503,17,20,0.85,9,71,80,37,19,7,35,84,189,OOR,2012
Kemba Walker,PG,21,66,1792,281,767,0.366,69,226,0.305,212,541,0.392,0.411,168,213,0.789,30,204,234,289,60,20,119,79,799,OOR,2012
John Wall,PG,21,66,2386,378,894,0.423,3,42,0.071,375,852,0.44,0.424,317,402,0.789,48,252,300,530,95,57,255,137,1076,OOR,2012
Ben Wallace,C,37,62,980,34,86,0.395,1,4,0.25,33,82,0.402,0.401,16,47,0.34,81,188,269,43,47,51,34,60,85,OOR,2012
Gerald Wallace,SF,29,58,2076,287,632,0.454,46,150,0.307,241,482,0.5,0.491,180,225,0.8,87,299,386,164,85,36,111,145,800,OOR,2012
Luke Walton,PF-SF,31,30,364,24,65,0.369,7,20,0.35,17,45,0.378,0.423,0,0,0.0,13,36,49,35,5,1,27,41,55,OOR,2012
Hakim Warrick,PF,29,35,503,74,180,0.411,1,10,0.1,73,170,0.429,0.414,76,99,0.768,31,61,92,30,8,3,36,35,225,OOR,2012
Darryl Watkins,C,27,5,98,7,14,0.5,0,0,0.0,7,14,0.5,0.5,9,18,0.5,8,19,27,3,5,4,8,14,23,OOR,2012
C.J. Watson,PG,27,49,1159,161,437,0.368,68,173,0.393,93,264,0.352,0.446,84,104,0.808,21,84,105,200,45,8,97,103,474,OOR,2012
Earl Watson,PG,32,50,1033,54,160,0.338,10,52,0.192,44,108,0.407,0.369,31,46,0.674,30,91,121,217,54,22,85,105,149,OOR,2012
Martell Webster,SF,25,47,1140,115,272,0.423,37,109,0.339,78,163,0.479,0.491,57,72,0.792,42,126,168,40,31,17,46,86,324,OOR,2012
David West,PF,31,66,1925,349,716,0.487,2,9,0.222,347,707,0.491,0.489,142,176,0.807,118,315,433,140,52,46,93,160,842,OOR,2012
Delonte West,PG,28,44,1060,166,360,0.461,27,76,0.355,139,284,0.489,0.499,62,70,0.886,13,88,101,139,58,11,76,67,421,OOR,2012
Russell Westbrook,PG,23,66,2331,578,1266,0.457,62,196,0.316,516,1070,0.482,0.481,340,413,0.823,96,205,301,362,112,21,239,147,1558,OOR,2012
D.J. White,PF,25,58,1098,174,353,0.493,1,1,1.0,173,352,0.491,0.494,43,61,0.705,50,159,209,47,17,23,43,94,392,OOR,2012
Hassan Whiteside,C,22,18,109,12,27,0.444,0,0,0.0,12,27,0.444,0.444,5,12,0.417,16,23,39,0,3,15,5,12,29,OOR,2012
Chris Wilcox,C,29,28,481,64,107,0.598,0,0,0.0,64,107,0.598,0.598,24,39,0.615,38,84,122,12,11,9,30,64,152,OOR,2012
Damien Wilkins,SF,32,60,922,76,193,0.394,7,23,0.304,69,170,0.406,0.412,34,54,0.63,22,78,100,44,29,13,30,85,193,OOR,2012
Deron Williams,PG,27,55,1999,391,961,0.407,115,342,0.336,276,619,0.446,0.467,257,305,0.843,23,160,183,481,67,20,219,121,1154,OOR,2012
Derrick Williams,PF,20,66,1418,205,498,0.412,37,138,0.268,168,360,0.467,0.449,136,195,0.697,77,234,311,38,30,31,77,95,583,OOR,2012
Elliot Williams,SG,22,24,149,37,74,0.5,8,27,0.296,29,47,0.617,0.554,6,18,0.333,7,12,19,6,6,3,5,18,88,OOR,2012
Jordan Williams,C,21,43,635,77,152,0.507,0,0,0.0,77,152,0.507,0.507,43,66,0.652,66,90,156,11,21,15,23,61,197,OOR,2012
Lou Williams,PG,25,64,1682,318,782,0.407,83,229,0.362,235,553,0.425,0.46,237,292,0.812,30,125,155,221,53,18,71,90,956,OOR,2012
Marvin Williams,SF,25,57,1500,203,470,0.432,58,149,0.389,145,321,0.452,0.494,115,146,0.788,76,218,294,71,47,18,39,84,579,OOR,2012
Mo Williams,SG,29,52,1472,260,611,0.426,93,239,0.389,167,372,0.449,0.502,72,80,0.9,23,76,99,160,51,7,86,103,685,OOR,2012
Reggie Williams,SF,25,33,747,106,255,0.416,33,107,0.308,73,148,0.493,0.48,29,40,0.725,27,66,93,60,20,3,33,34,274,OOR,2012
Sean Williams,C,25,11,107,14,22,0.636,0,0,0.0,14,22,0.636,0.636,12,13,0.923,13,12,25,5,4,8,10,18,40,OOR,2012
Shawne Williams,SF,25,25,514,42,147,0.286,21,87,0.241,21,60,0.35,0.357,8,11,0.727,20,48,68,16,10,11,13,44,113,OOR,2012
Shelden Williams,C,28,58,1276,96,201,0.478,0,0,0.0,96,201,0.478,0.478,76,104,0.731,141,209,350,35,47,39,66,149,268,OOR,2012
Terrence Williams,SG,24,30,550,85,198,0.429,16,46,0.348,69,152,0.454,0.47,27,46,0.587,13,89,102,65,20,7,43,35,213,OOR,2012
Metta World Peace,SF,32,64,1720,183,465,0.394,56,189,0.296,127,276,0.46,0.454,71,115,0.617,71,147,218,140,69,27,69,137,493,OOR,2012
Brandan Wright,C,24,49,791,144,233,0.618,0,1,0.0,144,232,0.621,0.618,52,82,0.634,62,112,174,13,22,63,21,61,340,OOR,2012
Chris Wright,SF,23,24,186,23,45,0.511,0,0,0.0,23,45,0.511,0.511,24,31,0.774,19,26,45,4,7,13,8,22,70,OOR,2012
Dorell Wright,SF,26,61,1650,222,526,0.422,105,292,0.36,117,234,0.5,0.522,80,98,0.816,60,218,278,94,58,26,51,97,629,OOR,2012
Nick Young,SG,26,62,1729,316,784,0.403,103,282,0.365,213,502,0.424,0.469,144,169,0.852,31,102,133,56,44,17,83,141,879,OOR,2012
Sam Young,SF,26,35,375,45,127,0.354,5,17,0.294,40,110,0.364,0.374,19,26,0.731,20,42,62,15,17,6,16,23,114,OOR,2012
Thaddeus Young,PF,23,63,1755,348,687,0.507,1,4,0.25,347,683,0.508,0.507,111,144,0.771,137,188,325,74,64,41,55,127,808,OOR,2012
