Player,Pos,Age,G,MP,FG,FGA,FG%,3P,3PA,3P%,2P,2PA,2P%,eFG%,FT,FTA,FT%,ORB,DRB,TRB,AST,STL,BLK,TOV,PF,PTS,Status
Quincy Acy,PF,22,29,342,42,75,0.56,1,2,0.5,41,73,0.562,0.567,31,38,0.816,30,47,77,11,13,15,17,53,116,OOR
Jeff Adrien,PF,26,52,713,72,168,0.429,0,2,0.0,72,166,0.434,0.429,65,100,0.65,68,128,196,36,18,27,32,80,209,OOR
Arron Afflalo,SF,27,64,2307,397,905,0.439,72,240,0.3,325,665,0.489,0.478,191,223,0.857,29,210,239,206,40,11,138,137,1057,OOR
Josh Akognon,PG,26,3,9,2,4,0.5,1,2,0.5,1,2,0.5,0.625,0,0,0.0,0,1,1,1,0,0,0,3,5,OOR
Cole Aldrich,C,24,45,388,44,80,0.55,0,0,0.0,44,80,0.55,0.55,12,20,0.6,30,90,120,9,5,23,23,60,100,OOR
LaMarcus Aldridge,PF,27,74,2790,638,1318,0.484,2,14,0.143,636,1304,0.488,0.485,282,348,0.81,175,495,670,192,62,91,143,187,1560,OOR
Lavoy Allen,C,23,79,1669,206,454,0.454,0,1,0.0,206,453,0.455,0.454,43,60,0.717,159,236,395,73,24,55,55,180,455,OOR
Ray Allen,SG,37,79,2035,292,651,0.449,139,332,0.419,153,319,0.48,0.555,140,158,0.886,40,177,217,135,67,15,103,129,863,OOR
Tony Allen,SG,31,79,2109,284,638,0.445,3,24,0.125,281,614,0.458,0.447,134,187,0.717,121,242,363,98,119,44,94,211,705,OOR
Al-Farouq Aminu,SF,22,76,2066,225,474,0.475,4,19,0.211,221,455,0.486,0.479,101,137,0.737,139,446,585,103,92,51,116,153,555,OOR
Lou Amundson,PF,30,39,372,32,81,0.395,0,0,0.0,32,81,0.395,0.395,12,36,0.333,48,58,106,11,16,12,19,53,76,OOR
Chris Andersen,C,34,42,624,71,123,0.577,2,3,0.667,69,120,0.575,0.585,63,93,0.677,57,115,172,17,16,44,24,89,207,OOR
Alan Anderson,SF,30,65,1495,236,616,0.383,95,285,0.333,141,331,0.426,0.46,126,147,0.857,34,114,148,103,48,7,80,131,693,OOR
James Anderson,SG-SF,23,39,401,52,126,0.413,21,60,0.35,31,66,0.47,0.496,24,28,0.857,18,54,72,42,15,5,25,25,149,OOR
Ryan Anderson,PF,24,81,2503,472,1115,0.423,213,557,0.382,259,558,0.464,0.519,152,180,0.844,191,328,519,97,42,31,97,179,1309,OOR
Carmelo Anthony,PF,28,67,2482,669,1489,0.449,157,414,0.379,512,1075,0.476,0.502,425,512,0.83,134,326,460,171,52,32,175,205,1920,Candidate
Joel Anthony,C,30,62,566,35,68,0.515,0,0,0.0,35,68,0.515,0.515,17,28,0.607,45,70,115,13,13,42,22,49,87,OOR
Trevor Ariza,SF,27,56,1471,188,451,0.417,76,209,0.364,112,242,0.463,0.501,78,95,0.821,44,222,266,113,72,20,84,72,530,OOR
Darrell Arthur,PF,24,59,970,162,359,0.451,5,18,0.278,157,341,0.46,0.458,33,46,0.717,68,101,169,33,24,33,43,126,362,OOR
Ömer Aşık,C,26,82,2464,332,614,0.541,0,1,0.0,332,613,0.542,0.541,168,299,0.562,275,681,956,75,46,87,173,223,832,OOR
D.J. Augustin,PG,25,76,1226,103,294,0.35,67,190,0.353,36,104,0.346,0.464,83,99,0.838,20,71,91,170,34,3,68,64,356,OOR
Gustavo Ayón,C,27,55,734,92,167,0.551,0,0,0.0,92,167,0.551,0.551,20,50,0.4,60,139,199,71,22,17,47,107,204,OOR
Jeff Ayres,PF,25,37,369,61,126,0.484,2,4,0.5,59,122,0.484,0.492,21,23,0.913,29,75,104,15,6,12,23,44,145,OOR
Luke Babbitt,PF,23,62,730,86,234,0.368,62,178,0.348,24,56,0.429,0.5,10,13,0.769,15,122,137,29,14,5,22,82,244,OOR
Leandro Barbosa,PG,30,41,513,83,193,0.43,18,47,0.383,65,146,0.445,0.477,31,41,0.756,8,38,46,58,17,6,21,51,215,OOR
J.J. Barea,PG,28,74,1713,316,758,0.417,97,280,0.346,219,478,0.458,0.481,105,134,0.784,34,173,207,294,32,0,145,131,834,OOR
Andrea Bargnani,PF,27,35,1003,170,426,0.399,38,123,0.309,132,303,0.436,0.444,65,77,0.844,26,102,128,38,21,23,54,64,443,OOR
Harrison Barnes,SF,20,81,2058,276,628,0.439,52,145,0.359,224,483,0.464,0.481,144,190,0.758,53,280,333,98,52,14,101,140,748,OOR
Matt Barnes,SF,32,80,2058,312,675,0.462,111,325,0.342,201,350,0.574,0.544,87,117,0.744,111,255,366,123,82,63,90,233,822,OOR
Earl Barron,C,31,12,159,18,51,0.353,0,0,0.0,18,51,0.353,0.353,3,7,0.429,22,39,61,5,5,6,11,24,39,OOR
Will Barton,SG,22,73,894,118,309,0.382,9,65,0.138,109,244,0.447,0.396,50,65,0.769,36,109,145,58,34,9,60,56,295,OOR
Brandon Bass,PF,27,81,2239,286,589,0.486,0,2,0.0,286,587,0.487,0.486,129,150,0.86,129,296,425,84,44,64,80,188,701,OOR
Shane Battier,SF,34,72,1786,152,362,0.42,136,316,0.43,16,46,0.348,0.608,32,38,0.842,37,128,165,72,41,55,34,149,472,OOR
Nicolas Batum,SF,24,73,2807,352,833,0.423,165,444,0.372,187,389,0.481,0.522,178,210,0.848,97,315,412,360,91,83,190,139,1047,OOR
Jerryd Bayless,PG,24,80,1765,260,621,0.419,71,201,0.353,189,420,0.45,0.476,102,122,0.836,22,154,176,264,59,17,120,168,693,OOR
Aron Baynes,C,26,16,141,18,36,0.5,0,1,0.0,18,35,0.514,0.5,7,12,0.583,12,20,32,5,1,6,11,23,43,OOR
Kent Bazemore,SG,23,61,267,43,116,0.371,10,34,0.294,33,82,0.402,0.414,27,44,0.614,5,17,22,22,17,4,18,27,123,OOR
Bradley Beal,SG,19,56,1745,282,687,0.41,91,236,0.386,191,451,0.424,0.477,125,159,0.786,43,168,211,137,50,29,90,113,780,OOR
Michael Beasley,SF,24,75,1554,310,766,0.405,45,144,0.313,265,622,0.426,0.434,94,126,0.746,52,230,282,111,31,34,144,107,759,OOR
Rodrigue Beaubois,PG,24,45,549,65,176,0.369,21,72,0.292,44,104,0.423,0.429,30,38,0.789,9,48,57,84,19,4,33,54,181,OOR
Marco Belinelli,SG,26,73,1882,241,610,0.395,79,221,0.357,162,389,0.416,0.46,141,168,0.839,13,127,140,148,44,6,82,140,702,OOR
Patrick Beverley,PG,24,41,713,79,189,0.418,36,96,0.375,43,93,0.462,0.513,34,41,0.829,45,64,109,117,37,21,44,83,228,OOR
Andris Biedriņš,C,26,53,495,10,21,0.476,0,0,0.0,10,21,0.476,0.476,4,13,0.308,34,119,153,14,15,42,14,101,24,OOR
Chauncey Billups,SG,36,22,418,53,132,0.402,33,90,0.367,20,42,0.476,0.527,45,48,0.938,2,30,32,49,12,1,26,25,184,OOR
Bismack Biyombo,C,20,80,2186,156,346,0.451,0,0,0.0,156,346,0.451,0.451,74,142,0.521,194,388,582,35,28,143,82,195,386,OOR
DeJuan Blair,PF,23,61,851,142,271,0.524,0,1,0.0,142,270,0.526,0.524,44,70,0.629,66,164,230,45,37,10,49,112,328,OOR
Steve Blake,PG,32,45,1175,114,270,0.422,72,171,0.421,42,99,0.424,0.556,27,35,0.771,21,111,132,173,34,6,62,83,327,OOR
Andray Blatche,C,26,82,1555,346,676,0.512,3,22,0.136,343,654,0.524,0.514,148,216,0.685,161,256,417,85,86,54,123,163,843,OOR
Eric Bledsoe,PG,23,76,1553,253,568,0.445,31,78,0.397,222,490,0.453,0.473,106,134,0.791,78,147,225,233,109,55,137,112,643,OOR
Keith Bogans,SG,32,74,1408,108,284,0.38,84,245,0.343,24,39,0.615,0.528,11,17,0.647,16,104,120,76,28,4,49,108,311,OOR
Andrew Bogut,C,28,32,786,83,184,0.451,1,1,1.0,82,183,0.448,0.454,19,38,0.5,68,177,245,67,20,55,35,85,186,OOR
Matt Bonner,PF,32,68,909,112,230,0.487,53,120,0.442,59,110,0.536,0.602,11,15,0.733,25,104,129,36,17,19,16,86,288,OOR
Trevor Booker,PF,25,48,887,108,220,0.491,0,5,0.0,108,215,0.502,0.491,40,72,0.556,98,141,239,40,32,16,31,95,256,OOR
Carlos Boozer,PF,31,79,2546,544,1140,0.477,0,2,0.0,544,1138,0.478,0.477,193,264,0.731,175,596,771,179,66,28,176,239,1281,OOR
Chris Bosh,C,28,74,2454,485,907,0.535,21,74,0.284,464,833,0.557,0.546,241,302,0.798,131,370,501,123,66,101,128,168,1232,OOR
Avery Bradley,PG,22,50,1435,192,478,0.402,40,126,0.317,152,352,0.432,0.444,37,49,0.755,30,81,111,104,64,19,72,129,461,OOR
Elton Brand,C,33,72,1527,226,478,0.473,0,1,0.0,226,477,0.474,0.473,66,93,0.71,130,300,430,70,50,90,57,192,518,OOR
Corey Brewer,SF,26,82,2003,375,883,0.425,91,307,0.296,284,576,0.493,0.476,149,216,0.69,55,180,235,124,118,23,102,154,990,OOR
Ronnie Brewer,SF,27,60,853,70,198,0.354,23,76,0.303,47,122,0.385,0.412,16,39,0.41,42,98,140,50,43,6,18,33,179,OOR
Aaron Brooks,PG,28,53,997,143,316,0.453,50,134,0.373,93,182,0.511,0.532,40,52,0.769,13,67,80,114,30,10,67,94,376,OOR
MarShon Brooks,SG,24,73,912,155,335,0.463,15,55,0.273,140,280,0.5,0.485,69,94,0.734,32,72,104,76,34,16,69,93,394,OOR
Kwame Brown,C,30,22,269,17,37,0.459,0,0,0.0,17,37,0.459,0.459,7,19,0.368,23,51,74,9,6,10,8,37,41,OOR
Shannon Brown,SG,27,59,1402,240,571,0.42,39,141,0.277,201,430,0.467,0.454,98,125,0.784,44,105,149,108,59,15,74,92,617,OOR
Kobe Bryant,SG,34,78,3013,738,1595,0.463,132,407,0.324,606,1188,0.51,0.504,525,626,0.839,66,367,433,469,106,25,287,173,2133,Candidate
Chase Budinger,SF,24,23,508,79,191,0.414,26,81,0.321,53,110,0.482,0.482,32,42,0.762,15,56,71,25,14,7,23,29,216,OOR
Alec Burks,SG,21,64,1137,163,388,0.42,33,92,0.359,130,296,0.439,0.463,92,129,0.713,37,108,145,92,35,13,74,114,451,OOR
Caron Butler,SF,32,78,1879,305,720,0.424,128,330,0.388,177,390,0.454,0.513,75,90,0.833,41,182,223,78,51,11,72,139,813,OOR
Jimmy Butler,SF,23,82,2134,239,512,0.467,40,105,0.381,199,407,0.489,0.506,187,233,0.803,136,192,328,115,78,31,62,97,705,OOR
Will Bynum,PG,30,65,1219,253,540,0.469,24,76,0.316,229,464,0.494,0.491,106,131,0.809,28,69,97,231,45,5,125,128,636,OOR
José Calderón,PG,31,73,2160,312,635,0.491,130,282,0.461,182,353,0.516,0.594,72,80,0.9,20,156,176,518,58,8,126,99,826,OOR
Marcus Camby,PF,38,24,250,17,53,0.321,0,0,0.0,17,53,0.321,0.321,8,19,0.421,24,56,80,14,7,14,15,28,42,OOR
DeMarre Carroll,SF,26,66,1111,149,324,0.46,20,70,0.286,129,254,0.508,0.491,75,98,0.765,87,101,188,61,58,24,34,119,393,OOR
Matt Carroll,SG,32,1,6,0,0,0.0,0,0,0.0,0,0,0.0,0.0,0,0,0.0,0,0,0,1,0,0,0,1,0,OOR
Vince Carter,SF,36,81,2093,372,855,0.435,162,399,0.406,210,456,0.461,0.53,182,223,0.816,58,276,334,194,74,44,106,226,1088,OOR
Omri Casspi,SF,24,43,503,63,160,0.394,25,76,0.329,38,84,0.452,0.472,22,41,0.537,20,94,114,28,25,12,22,45,173,OOR
Mario Chalmers,PG,26,77,2068,227,529,0.429,123,301,0.409,104,228,0.456,0.545,89,112,0.795,19,152,171,273,118,12,119,196,666,OOR
Tyson Chandler,C,30,66,2164,255,400,0.638,0,0,0.0,255,400,0.638,0.638,179,258,0.694,269,434,703,62,42,75,87,188,689,OOR
Wilson Chandler,PF,25,43,1079,210,455,0.462,52,126,0.413,158,329,0.48,0.519,88,111,0.793,45,173,218,58,45,12,60,119,560,OOR
Josh Childress,SF,29,14,100,6,21,0.286,1,3,0.333,5,18,0.278,0.31,1,2,0.5,6,9,15,5,2,2,0,3,14,OOR
Earl Clark,PF,25,59,1363,170,386,0.44,35,104,0.337,135,282,0.479,0.486,53,76,0.697,82,243,325,65,36,44,62,102,428,OOR
Victor Claver,SF,24,49,812,74,189,0.392,25,87,0.287,49,102,0.48,0.458,14,30,0.467,31,88,119,43,26,12,43,75,187,OOR
Norris Cole,PG,24,80,1590,179,425,0.421,35,98,0.357,144,327,0.44,0.462,52,80,0.65,18,112,130,164,57,7,104,155,445,OOR
Jason Collins,C,34,38,384,9,29,0.31,0,0,0.0,9,29,0.31,0.31,23,32,0.719,22,38,60,8,12,10,18,85,41,OOR
Darren Collison,PG,25,81,2372,341,724,0.471,48,136,0.353,293,588,0.498,0.504,242,275,0.88,31,188,219,415,100,8,173,139,972,OOR
Nick Collison,C,32,81,1583,176,296,0.595,0,4,0.0,176,292,0.603,0.595,60,78,0.769,123,210,333,121,51,30,69,197,412,OOR
Mike Conley,PG,25,80,2757,414,940,0.44,106,293,0.362,308,647,0.476,0.497,234,282,0.83,43,182,225,487,174,24,189,171,1168,OOR
Will Conroy,PG,30,4,20,0,9,0.0,0,3,0.0,0,6,0.0,0.0,1,2,0.5,1,0,1,0,0,0,0,1,1,OOR
Daequan Cook,SG,25,49,441,51,167,0.305,26,91,0.286,25,76,0.329,0.383,9,12,0.75,7,54,61,19,8,7,15,26,137,OOR
Chris Copeland,PF,28,56,862,182,380,0.479,59,140,0.421,123,240,0.513,0.557,63,83,0.759,34,85,119,27,16,12,50,104,486,OOR
DeMarcus Cousins,C,22,75,2289,482,1036,0.465,4,22,0.182,478,1014,0.471,0.467,312,423,0.738,222,524,746,199,108,55,225,269,1280,OOR
Jamal Crawford,SG,32,76,2230,445,1016,0.438,149,396,0.376,296,620,0.477,0.511,216,248,0.871,22,106,128,193,79,13,146,71,1255,OOR
Jordan Crawford,SG,24,70,1709,301,725,0.415,83,246,0.337,218,479,0.455,0.472,129,159,0.811,44,165,209,225,39,7,141,106,814,OOR
Jae Crowder,SF,22,78,1353,141,367,0.384,63,192,0.328,78,175,0.446,0.47,47,73,0.644,35,152,187,94,63,17,49,128,392,OOR
Dante Cunningham,PF,25,80,2010,314,671,0.468,0,6,0.0,314,665,0.472,0.468,67,103,0.65,142,266,408,67,84,38,56,153,695,OOR
Jared Cunningham,SG,21,8,26,6,14,0.429,2,3,0.667,4,11,0.364,0.5,2,2,1.0,1,2,3,1,1,0,2,3,16,OOR
Eddy Curry,C,30,2,25,4,8,0.5,0,0,0.0,4,8,0.5,0.5,1,4,0.25,2,2,4,0,0,0,3,7,9,OOR
Stephen Curry,PG,24,78,2983,626,1388,0.451,272,600,0.453,354,788,0.449,0.549,262,291,0.9,59,255,314,539,126,12,240,198,1786,OOR
Samuel Dalembert,C,31,47,765,137,253,0.542,1,1,1.0,136,252,0.54,0.543,38,55,0.691,105,171,276,21,17,53,51,90,313,OOR
Marquis Daniels,SF,32,59,1085,132,351,0.376,20,72,0.278,112,279,0.401,0.405,40,54,0.741,48,102,150,65,51,10,45,77,324,OOR
Anthony Davis,PF,19,64,1846,349,676,0.516,0,6,0.0,349,670,0.521,0.516,169,225,0.751,165,357,522,63,75,112,89,158,867,OOR
Ed Davis,C-PF,23,81,1631,260,482,0.539,0,0,0.0,260,482,0.539,0.539,103,167,0.617,152,308,460,63,38,85,63,191,623,OOR
Glen Davis,PF,27,34,1064,214,478,0.448,0,2,0.0,214,476,0.45,0.448,84,117,0.718,55,191,246,70,32,21,64,88,512,OOR
Austin Daye,SF,24,55,676,90,208,0.433,41,98,0.418,49,110,0.445,0.531,26,34,0.765,16,107,123,42,14,22,29,82,247,OOR
Nando De Colo,SG,25,72,920,105,241,0.436,31,82,0.378,74,159,0.465,0.5,35,44,0.795,23,115,138,138,41,6,81,87,276,OOR
Carlos Delfino,SF,30,67,1689,251,620,0.405,158,421,0.375,93,199,0.467,0.532,48,56,0.857,18,202,220,135,68,9,72,114,708,OOR
Luol Deng,SF,27,75,2903,466,1093,0.426,75,233,0.322,391,860,0.455,0.461,230,282,0.816,162,314,476,222,81,32,144,105,1237,OOR
Justin Dentmon,PG,27,2,4,0,2,0.0,0,0,0.0,0,2,0.0,0.0,0,0,0.0,0,0,0,0,0,0,0,0,0,OOR
DeMar DeRozan,SG,23,82,3013,548,1231,0.445,34,120,0.283,514,1111,0.463,0.459,355,427,0.831,48,272,320,204,76,24,151,173,1485,OOR
Boris Diaw,PF,30,75,1709,179,332,0.539,30,78,0.385,149,254,0.587,0.584,47,65,0.723,66,188,254,180,52,27,84,143,435,OOR
DeSagana Diop,C,31,22,226,8,27,0.296,0,1,0.0,8,26,0.308,0.296,0,1,0.0,10,41,51,13,5,16,8,19,16,OOR
Keyon Dooling,PG,32,7,82,10,21,0.476,5,12,0.417,5,9,0.556,0.595,6,7,0.857,0,1,1,8,1,0,5,8,31,OOR
Toney Douglas,PG,26,71,1289,188,466,0.403,82,216,0.38,106,250,0.424,0.491,76,84,0.905,34,104,138,151,71,3,81,145,534,OOR
Chris Douglas-Roberts,SG,26,6,63,5,14,0.357,0,4,0.0,5,10,0.5,0.357,7,10,0.7,0,5,5,4,2,0,1,4,17,OOR
Goran Dragić,PG,26,77,2581,401,906,0.443,88,276,0.319,313,630,0.497,0.491,244,326,0.748,60,178,238,569,124,26,212,214,1134,OOR
Andre Drummond,C,19,60,1243,208,342,0.608,1,2,0.5,207,340,0.609,0.61,59,159,0.371,169,288,457,30,59,95,57,144,476,OOR
Jared Dudley,SF,27,79,2170,313,669,0.468,106,271,0.391,207,398,0.52,0.547,129,162,0.796,79,166,245,203,75,8,101,128,861,OOR
Chris Duhon,PG,30,46,820,47,123,0.382,33,91,0.363,14,32,0.438,0.516,6,13,0.462,11,57,68,133,20,1,40,56,133,OOR
Tim Duncan,C,36,69,2078,490,976,0.502,2,7,0.286,488,969,0.504,0.503,245,300,0.817,124,562,686,184,50,183,147,117,1227,OOR
Mike Dunleavy,SF,32,75,1943,276,624,0.442,128,299,0.428,148,325,0.455,0.545,105,128,0.82,31,260,291,145,39,35,90,135,785,OOR
Kevin Durant,SF,24,81,3119,731,1433,0.51,139,334,0.416,592,1099,0.539,0.559,679,750,0.905,46,594,640,374,116,105,280,143,2280,Candidate
Devin Ebanks,SF,23,19,197,24,73,0.329,6,22,0.273,18,51,0.353,0.37,11,14,0.786,10,31,41,10,3,1,11,23,65,OOR
Wayne Ellington,SG,25,78,1661,226,529,0.427,94,240,0.392,132,289,0.457,0.516,68,75,0.907,25,141,166,104,45,3,57,81,614,OOR
Monta Ellis,SG,27,82,3076,597,1436,0.416,94,328,0.287,503,1108,0.454,0.448,289,374,0.773,45,271,316,496,169,36,254,164,1577,OOR
Kim English,SG,24,41,407,42,112,0.375,14,50,0.28,28,62,0.452,0.438,21,29,0.724,8,29,37,26,16,3,19,46,119,OOR
Jeremy Evans,PF,25,37,215,27,44,0.614,0,1,0.0,27,43,0.628,0.614,21,33,0.636,26,32,58,11,8,13,8,30,75,OOR
Reggie Evans,PF,32,80,1967,125,261,0.479,0,0,0.0,125,261,0.479,0.479,113,222,0.509,260,628,888,43,74,13,111,199,363,OOR
Tyreke Evans,SG,23,65,2016,366,765,0.478,45,133,0.338,321,632,0.508,0.508,210,271,0.775,56,231,287,229,90,27,128,133,987,OOR
Festus Ezeli,C,23,78,1120,74,169,0.438,0,0,0.0,74,169,0.438,0.438,43,81,0.531,141,172,313,22,23,74,63,157,191,OOR
Kenneth Faried,PF,23,80,2248,380,689,0.552,0,0,0.0,380,689,0.552,0.552,163,266,0.613,260,474,734,77,81,83,113,234,923,OOR
Derrick Favors,PF,21,77,1787,274,568,0.482,0,5,0.0,274,563,0.487,0.482,179,260,0.688,184,362,546,75,67,130,129,247,727,OOR
Raymond Felton,PG,28,68,2313,377,882,0.427,93,258,0.36,284,624,0.455,0.48,101,128,0.789,51,143,194,372,94,14,155,130,948,OOR
Landry Fields,SF,24,51,1037,102,223,0.457,2,14,0.143,100,209,0.478,0.462,34,53,0.642,59,149,208,60,32,8,42,63,240,OOR
Derek Fisher,SG-PG,38,33,575,55,161,0.342,30,80,0.375,25,81,0.309,0.435,35,38,0.921,2,35,37,47,19,3,30,55,175,OOR
Evan Fournier,SG,20,38,428,75,152,0.493,22,54,0.407,53,98,0.541,0.566,30,39,0.769,6,29,35,44,19,1,32,65,202,OOR
Randy Foye,SG,29,82,2249,293,738,0.397,178,434,0.41,115,304,0.378,0.518,118,144,0.819,17,110,127,167,66,27,92,190,882,OOR
Jimmer Fredette,SG,23,69,967,172,409,0.421,65,156,0.417,107,253,0.423,0.5,85,99,0.859,19,52,71,92,31,3,68,64,494,OOR
Joel Freeland,PF,25,51,477,58,142,0.408,0,0,0.0,58,142,0.408,0.408,18,27,0.667,40,79,119,13,13,11,19,67,134,OOR
Danilo Gallinari,SF,24,71,2309,364,871,0.418,135,362,0.373,229,509,0.45,0.495,286,348,0.822,65,302,367,176,64,36,111,130,1149,OOR
Francisco García,SG-SF,31,58,1029,118,300,0.393,67,179,0.374,51,121,0.421,0.505,18,21,0.857,8,83,91,63,46,38,32,88,321,OOR
Kevin Garnett,C,36,68,2022,422,850,0.496,2,16,0.125,420,834,0.504,0.498,158,201,0.786,75,455,530,159,78,62,110,154,1004,OOR
Diante Garrett,PG,24,19,149,16,49,0.327,3,15,0.2,13,34,0.382,0.357,5,10,0.5,5,10,15,31,10,0,16,5,40,OOR
Marc Gasol,C,28,80,2796,429,869,0.494,1,14,0.071,428,855,0.501,0.494,268,316,0.848,184,438,622,318,80,139,157,255,1127,OOR
Pau Gasol,PF,32,49,1655,270,579,0.466,8,28,0.286,262,551,0.475,0.473,125,178,0.702,111,310,421,200,24,61,104,93,673,OOR
Rudy Gay,SF,26,75,2687,521,1253,0.416,84,260,0.323,437,993,0.44,0.449,240,295,0.814,99,362,461,202,113,53,198,182,1366,OOR
Alonzo Gee,SF,25,82,2541,305,744,0.41,69,219,0.315,236,525,0.45,0.456,163,205,0.795,75,245,320,133,107,29,132,199,842,OOR
Mickaël Gelabale,SF,29,36,644,72,139,0.518,16,52,0.308,56,87,0.644,0.576,21,24,0.875,32,67,99,26,16,4,16,47,181,OOR
Paul George,SF,22,79,2972,493,1176,0.419,170,469,0.362,323,707,0.457,0.491,221,274,0.807,88,515,603,327,143,51,233,227,1377,OOR
Daniel Gibson,PG,26,46,919,84,247,0.34,56,163,0.344,28,84,0.333,0.453,26,37,0.703,5,55,60,82,30,4,31,89,250,OOR
Taj Gibson,PF,27,65,1459,214,441,0.485,0,4,0.0,214,437,0.49,0.485,89,131,0.679,125,220,345,61,27,90,76,166,517,OOR
Manu Ginóbili,SG,35,60,1393,229,539,0.425,83,235,0.353,146,304,0.48,0.502,164,206,0.796,30,171,201,274,80,13,132,114,705,OOR
Drew Gooden,C,31,16,151,20,61,0.328,1,5,0.2,19,56,0.339,0.336,11,16,0.688,13,18,31,6,5,6,9,21,52,OOR
Ben Gordon,SG,29,75,1560,310,760,0.408,113,292,0.387,197,468,0.421,0.482,107,127,0.843,18,112,130,141,35,16,136,134,840,OOR
Eric Gordon,SG,24,42,1264,235,584,0.402,56,173,0.324,179,411,0.436,0.45,187,222,0.842,10,67,77,137,45,8,117,75,713,OOR
Marcin Gortat,C,28,61,1876,295,566,0.521,0,3,0.0,295,563,0.524,0.521,90,138,0.652,128,388,516,75,40,98,99,127,680,OOR
Andrew Goudelock,SG,24,1,6,0,2,0.0,0,0,0.0,0,2,0.0,0.0,0,0,0.0,1,0,1,0,0,0,0,0,0,OOR
Danny Granger,SF,29,5,74,10,35,0.286,2,10,0.2,8,25,0.32,0.314,5,8,0.625,3,6,9,3,2,1,4,6,27,OOR
Aaron Gray,C,28,42,513,48,90,0.533,0,0,0.0,48,90,0.533,0.533,23,44,0.523,48,85,133,33,7,5,36,85,119,OOR
Danny Green,SG,25,80,2201,297,663,0.448,177,413,0.429,120,250,0.48,0.581,67,79,0.848,36,208,244,141,92,54,94,124,838,OOR
Draymond Green,SF,22,79,1061,84,257,0.327,14,67,0.209,70,190,0.368,0.354,45,55,0.818,58,202,260,53,42,25,51,159,227,OOR
Gerald Green,SF,27,60,1080,155,424,0.366,59,188,0.314,96,236,0.407,0.435,52,65,0.8,31,110,141,50,19,23,53,64,421,OOR
Jeff Green,PF,26,81,2252,376,806,0.467,70,182,0.385,306,624,0.49,0.51,214,265,0.808,55,263,318,128,56,68,132,175,1036,OOR
Willie Green,SG,31,72,1188,178,386,0.461,71,166,0.428,107,220,0.486,0.553,23,32,0.719,17,80,97,55,29,12,31,96,450,OOR
Blake Griffin,PF,23,80,2598,577,1072,0.538,5,28,0.179,572,1044,0.548,0.541,281,426,0.66,186,476,662,299,97,50,185,231,1440,OOR
Hamed Haddadi,C,27,30,322,35,82,0.427,0,0,0.0,35,82,0.427,0.427,14,27,0.519,43,68,111,12,6,27,31,60,84,OOR
Jordan Hamilton,SF,22,40,397,84,201,0.418,27,73,0.37,57,128,0.445,0.485,13,26,0.5,32,63,95,23,15,8,19,24,208,OOR
Richard Hamilton,SG,34,50,1088,204,475,0.429,16,52,0.308,188,423,0.444,0.446,66,77,0.857,16,67,83,119,24,5,84,93,490,OOR
Ben Hansbrough,PG,25,28,200,15,45,0.333,6,23,0.261,9,22,0.409,0.4,21,27,0.778,2,16,18,21,7,2,18,23,57,OOR
Tyler Hansbrough,PF,27,81,1366,176,407,0.432,0,3,0.0,176,404,0.436,0.432,216,300,0.72,161,212,373,36,29,18,78,152,568,OOR
James Harden,SG,23,78,2985,585,1337,0.438,179,486,0.368,406,851,0.477,0.504,674,792,0.851,62,317,379,455,142,38,295,178,2023,OOR
Maurice Harkless,SF,19,76,1974,260,564,0.461,32,117,0.274,228,447,0.51,0.489,73,128,0.57,122,213,335,50,88,62,69,144,625,OOR
Josh Harrellson,C,23,6,31,4,9,0.444,1,5,0.2,3,4,0.75,0.5,1,2,0.5,3,4,7,0,1,1,3,4,10,OOR
Al Harrington,C,32,10,119,20,57,0.351,8,30,0.267,12,27,0.444,0.421,3,4,0.75,6,21,27,10,4,1,7,18,51,OOR
Devin Harris,SG,29,58,1421,194,443,0.438,77,230,0.335,117,213,0.549,0.525,112,154,0.727,6,110,116,197,64,13,88,103,577,OOR
Terrel Harris,SG,25,20,137,4,27,0.148,0,8,0.0,4,19,0.211,0.148,7,10,0.7,4,22,26,9,2,3,17,17,15,OOR
Tobias Harris,SF-PF,20,55,1299,233,512,0.455,34,108,0.315,199,404,0.493,0.488,103,137,0.752,73,214,287,69,32,44,66,120,603,OOR
Udonis Haslem,PF,32,75,1414,129,251,0.514,0,0,0.0,129,251,0.514,0.514,32,45,0.711,97,307,404,38,30,15,45,173,290,OOR
Spencer Hawes,C,24,82,2233,376,811,0.464,31,87,0.356,345,724,0.477,0.483,122,157,0.777,173,417,590,183,24,113,131,233,905,OOR
Chuck Hayes,C,29,74,1209,84,190,0.442,0,1,0.0,84,189,0.444,0.442,30,48,0.625,113,186,299,112,31,18,44,114,198,OOR
Gordon Hayward,SF,22,72,2104,336,773,0.435,102,246,0.415,234,527,0.444,0.501,243,294,0.827,51,174,225,213,58,38,120,125,1017,OOR
Lazar Hayward,SF,26,4,31,2,10,0.2,0,4,0.0,2,6,0.333,0.2,6,6,1.0,0,4,4,3,2,0,0,3,10,OOR
Brendan Haywood,C,33,61,1162,93,216,0.431,0,1,0.0,93,215,0.433,0.431,30,66,0.455,125,165,290,29,16,49,50,125,216,OOR
Gerald Henderson,SG,25,68,2133,382,855,0.447,33,100,0.33,349,755,0.462,0.466,258,313,0.824,55,195,250,177,68,34,108,149,1055,OOR
Xavier Henry,SF,21,50,625,66,161,0.41,4,11,0.364,62,150,0.413,0.422,58,92,0.63,21,69,90,13,16,5,31,72,194,OOR
John Henson,PF,22,63,827,162,336,0.482,0,3,0.0,162,333,0.486,0.482,56,105,0.533,116,181,297,31,19,42,47,83,380,OOR
Roy Hibbert,C,26,79,2269,385,859,0.448,1,4,0.25,384,855,0.449,0.449,166,224,0.741,296,360,656,113,39,206,162,279,937,OOR
J.J. Hickson,C,24,80,2323,418,744,0.562,0,2,0.0,418,742,0.563,0.562,182,268,0.679,266,562,828,88,48,51,145,160,1018,OOR
Cory Higgins,SG,23,6,32,6,19,0.316,1,5,0.2,5,14,0.357,0.342,1,2,0.5,1,2,3,5,3,0,0,5,14,OOR
Nenê,PF,30,61,1659,285,594,0.48,0,1,0.0,285,593,0.481,0.48,196,269,0.729,101,306,407,177,55,37,139,171,766,OOR
George Hill,PG,26,76,2620,386,871,0.443,130,353,0.368,256,518,0.494,0.518,174,213,0.817,47,237,284,355,81,26,116,134,1076,OOR
Grant Hill,SF,40,29,437,38,98,0.388,3,11,0.273,35,87,0.402,0.403,14,24,0.583,6,43,49,26,11,7,25,39,93,OOR
Jordan Hill,PF,25,29,458,77,155,0.497,0,2,0.0,77,153,0.503,0.497,40,61,0.656,82,84,166,13,8,19,26,55,194,OOR
Kirk Hinrich,PG,32,60,1764,159,422,0.377,71,182,0.39,88,240,0.367,0.461,70,98,0.714,16,142,158,314,63,25,99,192,459,OOR
Jrue Holiday,PG,22,78,2926,555,1288,0.431,91,247,0.368,464,1041,0.446,0.466,182,242,0.752,89,240,329,625,123,32,292,170,1383,OOR
Justin Holiday,SG,23,9,142,16,48,0.333,4,16,0.25,12,32,0.375,0.375,6,8,0.75,0,14,14,15,3,6,9,7,42,OOR
Ryan Hollins,C,28,60,663,70,114,0.614,0,0,0.0,70,114,0.614,0.614,66,88,0.75,50,89,139,11,6,34,44,133,206,OOR
Tyler Honeycutt,SF,22,9,32,3,11,0.273,0,2,0.0,3,9,0.333,0.273,2,2,1.0,3,7,10,2,0,1,5,2,8,OOR
Al Horford,C,26,74,2756,576,1060,0.543,3,6,0.5,573,1054,0.544,0.545,134,208,0.644,195,562,757,240,78,78,147,163,1289,OOR
Dwight Howard,C,27,76,2722,470,813,0.578,1,6,0.167,469,807,0.581,0.579,355,721,0.492,251,694,945,108,84,186,225,291,1296,OOR
Josh Howard,SF,32,11,207,31,77,0.403,5,16,0.313,26,61,0.426,0.435,7,12,0.583,9,27,36,4,10,3,10,18,74,OOR
Juwan Howard,PF,39,7,51,10,19,0.526,0,0,0.0,10,19,0.526,0.526,1,1,1.0,0,8,8,6,0,0,4,9,21,OOR
Kris Humphries,PF,27,65,1191,139,310,0.448,0,2,0.0,139,308,0.451,0.448,97,123,0.789,126,239,365,32,16,33,57,127,375,OOR
Serge Ibaka,PF,23,80,2486,446,778,0.573,20,57,0.351,426,721,0.591,0.586,143,191,0.749,222,395,617,43,28,242,125,213,1055,OOR
Andre Iguodala,SG,29,80,2779,396,879,0.451,91,287,0.317,305,592,0.515,0.502,155,270,0.574,82,341,423,433,139,52,206,127,1038,OOR
Ersan İlyasova,PF,25,73,2012,371,803,0.462,95,214,0.444,276,589,0.469,0.521,125,157,0.796,154,366,520,117,68,36,75,185,962,OOR
Kyrie Irving,PG,20,59,2048,484,1070,0.452,109,279,0.391,375,791,0.474,0.503,248,290,0.855,34,182,216,350,89,21,191,146,1325,OOR
Royal Ivey,SG,31,53,698,62,144,0.431,37,88,0.42,25,56,0.446,0.559,9,16,0.563,16,41,57,32,23,3,20,73,170,OOR
Jarrett Jack,SG,29,79,2349,387,857,0.452,82,203,0.404,305,654,0.466,0.499,167,198,0.843,21,222,243,439,60,11,157,134,1023,OOR
Reggie Jackson,PG,22,70,993,149,325,0.458,24,104,0.231,125,221,0.566,0.495,52,62,0.839,21,145,166,122,29,13,53,84,374,OOR
Stephen Jackson,SF,34,55,1075,123,330,0.373,46,170,0.271,77,160,0.481,0.442,49,70,0.7,22,133,155,80,37,14,77,89,341,OOR
Bernard James,C,27,46,457,53,103,0.515,0,2,0.0,53,101,0.525,0.515,25,41,0.61,52,79,131,6,12,38,18,64,131,OOR
Damion James,SF,25,2,0,0,0,0.0,0,0,0.0,0,0,0.0,0.0,0,0,0.0,0,1,1,0,0,0,0,0,0,OOR
LeBron James,PF,28,76,2877,765,1354,0.565,103,254,0.406,662,1100,0.602,0.603,403,535,0.753,97,513,610,551,129,67,226,110,2036,MVP
Mike James,PG,37,45,862,101,271,0.373,48,125,0.384,53,146,0.363,0.461,23,29,0.793,9,63,72,139,26,3,55,95,273,OOR
Antawn Jamison,PF,36,76,1636,267,575,0.464,84,233,0.361,183,342,0.535,0.537,94,136,0.691,109,253,362,50,30,22,53,124,712,OOR
Al Jefferson,C,28,78,2578,611,1236,0.494,2,17,0.118,609,1219,0.5,0.495,167,217,0.77,156,564,720,164,80,89,105,170,1391,OOR
Richard Jefferson,SF,32,56,568,62,136,0.456,14,45,0.311,48,91,0.527,0.507,38,53,0.717,5,79,84,31,14,7,23,45,176,OOR
Jared Jeffries,PF,31,38,350,16,54,0.296,0,2,0.0,16,52,0.308,0.296,12,23,0.522,26,34,60,14,6,6,17,58,44,OOR
Charles Jenkins,SG-PG,23,59,441,49,121,0.405,1,2,0.5,48,119,0.403,0.409,12,22,0.545,8,24,32,44,15,2,21,22,111,OOR
John Jenkins,SG,21,61,902,131,294,0.446,53,138,0.384,78,156,0.5,0.536,59,70,0.843,17,77,94,56,12,10,40,37,374,OOR
Brandon Jennings,PG,23,80,2897,497,1247,0.399,173,461,0.375,324,786,0.412,0.468,230,281,0.819,59,187,246,521,125,10,203,155,1397,OOR
Jonas Jerebko,PF,25,49,892,142,316,0.449,25,83,0.301,117,233,0.502,0.489,68,88,0.773,68,117,185,43,38,8,42,90,377,OOR
Amir Johnson,PF,25,81,2325,336,606,0.554,5,13,0.385,331,593,0.558,0.559,136,187,0.727,227,384,611,122,81,110,117,301,813,OOR
Chris Johnson,C,27,30,284,48,75,0.64,0,0,0.0,48,75,0.64,0.64,21,34,0.618,20,40,60,8,7,28,13,49,117,OOR
Chris Johnson,SF,22,8,102,11,25,0.44,6,18,0.333,5,7,0.714,0.56,1,2,0.5,5,6,11,2,4,0,3,5,29,OOR
Ivan Johnson,PF,28,69,1035,185,356,0.52,1,13,0.077,184,343,0.536,0.521,81,131,0.618,76,190,266,46,56,14,71,131,452,OOR
James Johnson,SF,25,54,878,117,283,0.413,2,21,0.095,115,262,0.439,0.417,40,67,0.597,49,96,145,58,41,50,68,99,276,OOR
Joe Johnson,SG,31,72,2642,445,1052,0.423,148,395,0.375,297,657,0.452,0.493,132,161,0.82,53,165,218,253,49,14,123,99,1170,OOR
Orlando Johnson,SG,23,51,619,72,180,0.4,36,94,0.383,36,86,0.419,0.5,23,32,0.719,20,90,110,47,11,9,29,51,203,OOR
Wesley Johnson,SF,25,50,953,161,396,0.407,50,155,0.323,111,241,0.461,0.47,27,35,0.771,21,102,123,34,22,18,48,56,399,OOR
Darius Johnson-Odom,SG,23,4,6,0,4,0.0,0,1,0.0,0,3,0.0,0.0,0,0,0.0,1,3,4,1,0,0,0,0,0,OOR
Dahntay Jones,SF,32,78,1016,82,222,0.369,11,49,0.224,71,173,0.41,0.394,87,113,0.77,24,77,101,48,22,6,38,119,262,OOR
DeQuan Jones,SF,22,63,803,95,218,0.436,9,35,0.257,86,183,0.47,0.456,34,51,0.667,17,88,105,16,19,22,30,55,233,OOR
Dominique Jones,PG,24,29,338,40,109,0.367,1,9,0.111,39,100,0.39,0.372,35,53,0.66,18,27,45,83,14,2,38,29,116,OOR
James Jones,SF,32,38,221,21,61,0.344,16,53,0.302,5,8,0.625,0.475,2,4,0.5,0,22,22,13,2,6,3,16,60,OOR
Kevin Jones,PF,23,32,334,43,107,0.402,0,0,0.0,43,107,0.402,0.402,9,15,0.6,38,40,78,10,9,5,8,25,95,OOR
Perry Jones,SF,21,38,280,39,99,0.394,0,2,0.0,39,97,0.402,0.394,10,15,0.667,12,50,62,10,5,6,15,23,88,OOR
Solomon Jones,PF,28,2,26,0,1,0.0,0,0,0.0,0,1,0.0,0.0,0,0,0.0,1,2,3,0,0,1,3,3,0,OOR
Terrence Jones,PF,21,19,276,43,94,0.457,5,19,0.263,38,75,0.507,0.484,13,17,0.765,28,37,65,15,12,19,13,21,104,OOR
DeAndre Jordan,C,24,82,2010,314,488,0.643,0,0,0.0,314,488,0.643,0.643,96,249,0.386,210,384,594,28,48,112,100,192,724,OOR
Cory Joseph,PG,21,28,388,51,110,0.464,6,21,0.286,45,89,0.506,0.491,18,21,0.857,12,40,52,53,15,4,21,25,126,OOR
Kris Joseph,SF,24,10,54,2,14,0.143,0,3,0.0,2,11,0.182,0.143,5,8,0.625,1,6,7,1,3,0,2,3,9,OOR
Chris Kaman,C,30,66,1363,313,617,0.507,0,1,0.0,313,616,0.508,0.507,67,85,0.788,97,275,372,51,29,52,103,141,693,OOR
Enes Kanter,C,20,70,1078,206,379,0.544,1,1,1.0,205,378,0.542,0.545,93,117,0.795,135,169,304,31,28,32,101,116,506,OOR
Jason Kidd,SG,39,76,2043,152,409,0.372,114,325,0.351,38,84,0.452,0.511,40,48,0.833,50,273,323,249,125,25,76,125,458,OOR
Michael Kidd-Gilchrist,SF,19,78,2025,281,613,0.458,2,9,0.222,279,604,0.462,0.46,140,187,0.749,131,324,455,117,54,70,101,164,704,OOR
Andrei Kirilenko,SF,31,64,2034,284,560,0.507,35,120,0.292,249,440,0.566,0.538,188,250,0.752,102,260,362,177,96,62,119,82,791,OOR
Linas Kleiza,SF,28,20,376,48,144,0.333,20,66,0.303,28,78,0.359,0.403,32,38,0.842,10,42,52,16,4,2,14,45,148,OOR
Brandon Knight,PG,21,75,2365,357,878,0.407,120,327,0.367,237,551,0.43,0.475,165,225,0.733,54,193,247,303,58,8,205,157,999,OOR
Kyle Korver,SF,31,74,2259,277,601,0.461,189,414,0.457,88,187,0.471,0.618,67,78,0.859,23,270,293,146,70,37,70,170,810,OOR
Kosta Koufos,C,23,81,1817,295,508,0.581,0,1,0.0,295,507,0.582,0.581,58,104,0.558,211,351,562,32,44,103,53,246,648,OOR
Viacheslav Kravtsov,C,25,25,224,33,46,0.717,0,0,0.0,33,46,0.717,0.717,11,37,0.297,24,21,45,9,5,9,14,32,77,OOR
Doron Lamb,SG,21,47,577,60,163,0.368,14,37,0.378,46,126,0.365,0.411,20,34,0.588,8,38,46,32,13,0,26,52,154,OOR
Jeremy Lamb,SF,20,23,147,24,68,0.353,9,30,0.3,15,38,0.395,0.419,14,14,1.0,5,13,18,5,2,2,6,13,71,OOR
Carl Landry,PF,29,81,1876,325,602,0.54,1,3,0.333,324,599,0.541,0.541,223,273,0.817,180,303,483,65,35,31,115,190,874,OOR
Ty Lawson,PG,25,73,2513,448,971,0.461,85,232,0.366,363,739,0.491,0.505,235,311,0.756,36,162,198,501,107,8,182,135,1216,OOR
Courtney Lee,SG,27,78,1941,246,530,0.464,58,156,0.372,188,374,0.503,0.519,62,72,0.861,31,159,190,143,89,21,84,139,612,OOR
David Lee,PF,29,79,2907,602,1160,0.519,0,4,0.0,602,1156,0.521,0.519,255,320,0.797,218,668,886,279,67,22,207,246,1459,OOR
Malcolm Lee,SG,22,16,289,29,76,0.382,8,24,0.333,21,52,0.404,0.434,12,20,0.6,15,24,39,20,12,6,10,30,78,OOR
Kawhi Leonard,SF,21,58,1810,260,526,0.494,65,174,0.374,195,352,0.554,0.556,104,126,0.825,63,283,346,93,97,32,62,99,689,OOR
Meyers Leonard,C,20,69,1206,151,277,0.545,3,7,0.429,148,270,0.548,0.551,72,89,0.809,80,175,255,33,11,38,49,168,377,OOR
Jon Leuer,PF-C,23,28,187,25,52,0.481,0,3,0.0,25,49,0.51,0.481,6,13,0.462,13,24,37,8,6,0,8,21,56,OOR
Rashard Lewis,PF,33,55,792,103,249,0.414,51,131,0.389,52,118,0.441,0.516,28,45,0.622,19,102,121,30,21,14,33,67,285,OOR
DeAndre Liggins,SG,24,39,290,21,47,0.447,7,19,0.368,14,28,0.5,0.521,9,18,0.5,13,40,53,15,18,3,14,33,58,OOR
Damian Lillard,PG,22,82,3167,553,1288,0.429,185,503,0.368,368,785,0.469,0.501,271,321,0.844,42,215,257,531,74,19,243,172,1562,OOR
Jeremy Lin,PG,24,82,2640,396,897,0.441,87,257,0.339,309,640,0.483,0.49,216,275,0.785,32,215,247,497,134,29,236,205,1095,OOR
Shaun Livingston,PG,27,66,1455,166,346,0.48,0,4,0.0,166,342,0.485,0.48,85,98,0.867,31,127,158,215,48,31,76,127,417,OOR
Brook Lopez,C,24,74,2253,570,1094,0.521,0,1,0.0,570,1093,0.522,0.521,297,392,0.758,208,304,512,70,33,154,131,152,1437,OOR
Robin Lopez,C,24,82,2136,384,719,0.534,0,0,0.0,384,719,0.534,0.534,161,207,0.778,226,236,462,64,32,128,110,167,929,OOR
Kevin Love,PF,24,18,618,105,298,0.352,20,92,0.217,85,206,0.413,0.386,100,142,0.704,64,188,252,42,13,9,39,34,330,OOR
Kyle Lowry,PG,26,68,2020,250,623,0.401,101,279,0.362,149,344,0.433,0.482,190,239,0.795,56,265,321,435,94,24,157,218,791,OOR
John Lucas III,PG,30,63,827,129,334,0.386,57,151,0.377,72,183,0.393,0.472,18,25,0.72,8,57,65,105,23,1,26,50,333,OOR
Scott Machado,PG,22,6,21,3,6,0.5,0,1,0.0,3,5,0.6,0.5,2,2,1.0,0,1,1,6,2,0,8,0,8,OOR
Shelvin Mack,PG-SG,22,31,416,58,126,0.46,18,49,0.367,40,77,0.519,0.532,9,16,0.563,3,37,40,68,15,0,34,39,143,OOR
Corey Maggette,SF,33,18,257,27,76,0.355,5,21,0.238,22,55,0.4,0.388,36,48,0.75,5,20,25,19,6,2,17,42,95,OOR
Ian Mahinmi,C,26,80,1322,149,329,0.453,0,2,0.0,149,327,0.456,0.453,104,171,0.608,115,196,311,27,39,66,92,201,402,OOR
Shawn Marion,PF,34,67,2010,355,690,0.514,23,73,0.315,332,617,0.538,0.531,79,101,0.782,146,379,525,163,75,47,103,111,812,OOR
Kendall Marshall,PG,21,48,702,56,151,0.371,23,73,0.315,33,78,0.423,0.447,8,14,0.571,4,38,42,143,22,4,57,48,143,OOR
Cartier Martin,SF,28,41,694,96,252,0.381,58,146,0.397,38,106,0.358,0.496,20,28,0.714,11,89,100,20,19,6,32,58,270,OOR
Kenyon Martin,C,35,18,431,56,93,0.602,0,0,0.0,56,93,0.602,0.602,17,40,0.425,34,61,95,8,16,17,16,64,129,OOR
Kevin Martin,SG,29,77,2136,350,778,0.45,158,371,0.426,192,407,0.472,0.551,219,246,0.89,31,147,178,106,72,8,101,138,1077,OOR
Roger Mason,SG,32,69,1219,132,305,0.433,66,159,0.415,66,146,0.452,0.541,39,43,0.907,11,121,132,74,26,11,51,104,369,OOR
Wesley Matthews,SG,26,69,2403,352,808,0.436,169,425,0.398,183,383,0.478,0.54,149,187,0.797,35,156,191,174,90,18,109,172,1022,OOR
Jason Maxiell,PF,29,72,1789,204,457,0.446,0,0,0.0,204,457,0.446,0.446,90,145,0.621,135,274,409,54,32,95,81,172,498,OOR
Eric Maynor,PG-SG,25,64,963,106,281,0.377,34,96,0.354,72,185,0.389,0.438,45,62,0.726,9,37,46,182,22,1,79,55,291,OOR
O.J. Mayo,SG,25,82,2913,461,1026,0.449,142,349,0.407,319,677,0.471,0.519,191,233,0.82,36,255,291,361,93,23,210,195,1255,OOR
Luc Mbah a Moute,SF,26,58,1326,151,377,0.401,13,37,0.351,138,340,0.406,0.418,72,126,0.571,89,167,256,55,42,14,70,82,387,OOR
JaVale McGee,C,25,79,1433,303,527,0.575,1,1,1.0,302,526,0.574,0.576,110,186,0.591,158,223,381,24,30,157,90,184,717,OOR
Dominic McGuire,SF,27,26,387,24,56,0.429,0,0,0.0,24,56,0.429,0.429,3,10,0.3,19,59,78,20,13,11,12,39,51,OOR
Josh McRoberts,PF,25,67,1487,156,343,0.455,24,84,0.286,132,259,0.51,0.49,65,85,0.765,93,232,325,141,32,27,66,131,401,OOR
Jodie Meeks,SG,25,78,1663,205,530,0.387,122,342,0.357,83,188,0.441,0.502,86,96,0.896,37,134,171,69,58,5,52,103,618,OOR
Fab Melo,C,22,6,36,3,6,0.5,0,0,0.0,3,6,0.5,0.5,1,4,0.25,0,3,3,0,2,2,1,7,7,OOR
Khris Middleton,SG,21,27,475,62,141,0.44,14,45,0.311,48,96,0.5,0.489,27,32,0.844,4,46,50,28,15,4,11,53,165,OOR
C.J. Miles,SF,25,65,1364,255,614,0.415,126,328,0.384,129,286,0.451,0.518,93,107,0.869,24,150,174,63,49,17,69,138,729,OOR
Darko Miličić,C,27,1,5,0,1,0.0,0,0,0.0,0,1,0.0,0.0,0,0,0.0,0,1,1,0,0,0,2,1,0,OOR
Andre Miller,PG,36,82,2151,303,632,0.479,17,64,0.266,286,568,0.504,0.493,163,194,0.84,60,178,238,484,73,11,172,159,786,OOR
Darius Miller,SF,22,52,694,44,108,0.407,22,56,0.393,22,52,0.423,0.509,8,8,1.0,8,70,78,44,17,12,23,89,118,OOR
Mike Miller,SF,32,59,900,100,231,0.433,73,175,0.417,27,56,0.482,0.591,8,11,0.727,18,139,157,99,21,4,35,63,281,OOR
Quincy Miller,PF,20,7,26,4,12,0.333,0,1,0.0,4,11,0.364,0.333,1,2,0.5,1,1,2,3,1,0,1,3,9,OOR
Patty Mills,PG,24,58,656,113,241,0.469,52,130,0.4,61,111,0.55,0.577,16,19,0.842,9,41,50,62,26,4,39,55,294,OOR
Paul Millsap,PF,27,78,2375,429,875,0.49,13,39,0.333,416,836,0.498,0.498,264,356,0.742,177,377,554,201,102,80,138,232,1135,OOR
Nazr Mohammed,C,35,63,693,66,180,0.367,0,2,0.0,66,178,0.371,0.367,34,47,0.723,73,122,195,26,21,32,24,97,166,OOR
Greg Monroe,C,22,81,2687,514,1058,0.486,0,4,0.0,514,1054,0.488,0.486,270,392,0.689,236,541,777,281,105,55,234,190,1298,OOR
E'Twaun Moore,SG,23,75,1682,237,598,0.396,67,197,0.34,170,401,0.424,0.452,47,59,0.797,48,119,167,206,51,23,105,122,588,OOR
Darius Morris,PG,22,48,683,73,188,0.388,24,66,0.364,49,122,0.402,0.452,24,37,0.649,24,33,57,76,21,2,45,58,194,OOR
Marcus Morris,PF-SF,23,77,1524,222,526,0.422,86,233,0.369,136,293,0.464,0.504,66,117,0.564,80,197,277,62,45,20,77,160,596,OOR
Markieff Morris,PF,23,82,1837,266,653,0.407,45,134,0.336,221,519,0.426,0.442,93,127,0.732,131,265,396,108,77,64,104,209,670,OOR
Anthony Morrow,SG,27,41,383,64,145,0.441,16,43,0.372,48,102,0.471,0.497,20,22,0.909,11,19,30,13,13,1,8,43,164,OOR
Donatas Motiejūnas,PF,22,44,538,97,213,0.455,24,83,0.289,73,130,0.562,0.512,32,51,0.627,36,57,93,31,7,10,37,73,250,OOR
Arnett Moultrie,PF,22,47,542,78,134,0.582,0,0,0.0,78,134,0.582,0.582,18,28,0.643,76,69,145,10,17,10,19,43,174,OOR
Timofey Mozgov,C,26,41,366,44,87,0.506,0,2,0.0,44,85,0.518,0.506,20,26,0.769,50,57,107,9,6,18,25,57,108,OOR
Byron Mullens,PF,23,53,1428,217,563,0.385,66,208,0.317,151,355,0.425,0.444,64,99,0.646,71,266,337,81,34,32,74,110,564,OOR
Kevin Murphy,SG,22,17,52,7,28,0.25,1,5,0.2,6,23,0.261,0.268,0,0,0.0,0,4,4,2,1,0,3,4,15,OOR
Troy Murphy,PF,32,14,256,22,61,0.361,11,35,0.314,11,26,0.423,0.451,10,11,0.909,7,42,49,7,10,6,7,29,65,OOR
Steve Nash,PG,38,50,1627,236,475,0.497,57,130,0.438,179,345,0.519,0.557,107,116,0.922,26,116,142,333,30,5,126,70,636,OOR
Gary Neal,SG,28,68,1484,246,597,0.412,89,251,0.355,157,346,0.454,0.487,64,74,0.865,13,130,143,129,30,2,69,93,645,OOR
Jameer Nelson,PG,30,56,1977,306,780,0.392,121,355,0.341,185,425,0.435,0.47,89,102,0.873,23,186,209,413,71,6,154,161,822,OOR
Andrew Nicholson,PF,23,75,1249,256,486,0.527,0,0,0.0,256,486,0.527,0.527,75,94,0.798,69,189,258,44,24,32,79,133,587,OOR
Joakim Noah,C,27,66,2426,303,630,0.481,0,5,0.0,303,625,0.485,0.481,178,237,0.751,260,473,733,262,78,141,176,185,784,OOR
Steve Novak,SF,29,81,1641,178,430,0.414,149,351,0.425,29,79,0.367,0.587,30,33,0.909,17,135,152,35,28,8,12,97,535,OOR
Dirk Nowitzki,PF,34,53,1661,343,728,0.471,65,157,0.414,278,571,0.487,0.516,166,193,0.86,37,326,363,132,38,37,70,93,917,OOR
Jermaine O'Neal,C,34,55,1029,179,371,0.482,0,0,0.0,179,371,0.482,0.482,96,115,0.835,82,211,293,42,19,78,73,126,454,OOR
Kyle O'Quinn,C,22,57,638,101,197,0.513,0,1,0.0,101,196,0.515,0.513,30,45,0.667,65,144,209,52,11,26,37,107,232,OOR
Lamar Odom,PF,33,82,1616,146,366,0.399,18,90,0.2,128,276,0.464,0.423,20,42,0.476,117,363,480,142,69,58,86,214,330,OOR
Tim Ohlbrecht,C,24,3,12,1,3,0.333,0,0,0.0,1,3,0.333,0.333,1,1,1.0,0,1,1,1,1,0,4,1,3,OOR
Emeka Okafor,C,30,79,2052,328,687,0.477,0,0,0.0,328,687,0.477,0.477,109,191,0.571,199,493,692,93,45,77,107,145,765,OOR
Daniel Orton,C,22,13,104,12,26,0.462,0,0,0.0,12,26,0.462,0.462,9,17,0.529,13,13,26,4,4,3,4,13,33,OOR
Travis Outlaw,SF,28,38,444,74,177,0.418,14,50,0.28,60,127,0.472,0.458,38,52,0.731,17,44,61,21,11,8,19,35,200,OOR
Zaza Pachulia,C,28,52,1134,114,241,0.473,0,3,0.0,114,238,0.479,0.473,78,103,0.757,132,204,336,79,35,12,70,128,306,OOR
Jannero Pargo,PG,33,32,507,78,212,0.368,39,116,0.336,39,96,0.406,0.46,12,13,0.923,10,25,35,67,18,3,41,42,207,OOR
Jeremy Pargo,PG-SG,26,39,655,99,250,0.396,25,74,0.338,74,176,0.42,0.446,42,62,0.677,8,41,49,92,13,2,50,46,265,OOR
Tony Parker,PG,30,66,2174,519,995,0.522,24,68,0.353,495,927,0.534,0.534,279,330,0.845,18,180,198,499,54,6,170,92,1341,OOR
Chandler Parsons,SF,24,76,2758,456,939,0.486,152,395,0.385,304,544,0.559,0.567,113,155,0.729,79,325,404,269,75,32,147,148,1177,OOR
Patrick Patterson,PF,23,71,1775,319,623,0.512,51,132,0.386,268,491,0.546,0.553,48,63,0.762,113,224,337,81,31,40,61,138,737,OOR
Chris Paul,PG,27,70,2335,412,856,0.481,76,232,0.328,336,624,0.538,0.526,286,323,0.885,53,209,262,678,169,10,159,143,1186,Candidate
Sasha Pavlović,SG,29,39,528,42,119,0.353,18,60,0.3,24,59,0.407,0.429,1,6,0.167,7,49,56,32,24,5,14,59,103,OOR
Nikola Peković,C,27,62,1959,385,741,0.52,0,0,0.0,385,741,0.52,0.52,241,324,0.744,230,315,545,53,43,50,101,143,1011,OOR
Kendrick Perkins,C,28,78,1954,143,313,0.457,0,1,0.0,143,312,0.458,0.457,44,72,0.611,110,356,466,111,43,83,109,227,330,OOR
Johan Petro,C,27,31,352,48,110,0.436,1,4,0.25,47,106,0.443,0.441,11,12,0.917,33,79,112,16,10,9,24,48,108,OOR
Paul Pierce,SF,35,77,2575,476,1092,0.436,145,382,0.38,331,710,0.466,0.502,333,423,0.787,45,442,487,370,84,30,214,210,1430,OOR
Mickaël Piétrus,SF,30,19,386,34,98,0.347,20,64,0.313,14,34,0.412,0.449,12,18,0.667,5,31,36,9,12,6,16,33,100,OOR
Dexter Pittman,C,24,11,32,4,11,0.364,0,0,0.0,4,11,0.364,0.364,0,3,0.0,7,5,12,0,0,0,3,8,8,OOR
Miles Plumlee,C,24,14,55,5,21,0.238,0,0,0.0,5,21,0.238,0.238,3,4,0.75,12,10,22,2,0,3,3,5,13,OOR
Quincy Pondexter,SF,24,59,1243,128,299,0.428,60,152,0.395,68,147,0.463,0.528,59,75,0.787,43,89,132,61,35,6,42,95,375,OOR
A.J. Price,PG,26,57,1278,161,413,0.39,70,200,0.35,91,213,0.427,0.475,49,62,0.79,20,94,114,205,33,3,64,73,441,OOR
Ronnie Price,PG,29,39,510,39,120,0.325,10,39,0.256,29,81,0.358,0.367,17,24,0.708,13,31,44,73,26,3,34,61,105,OOR
Pablo Prigioni,PG,35,78,1263,100,220,0.455,53,134,0.396,47,86,0.547,0.575,22,25,0.88,41,102,143,236,69,2,86,127,275,OOR
Tayshaun Prince,SF,32,82,2631,359,820,0.438,38,94,0.404,321,726,0.442,0.461,96,130,0.738,72,292,364,196,48,25,89,86,852,OOR
Joel Przybilla,C,33,12,68,1,4,0.25,0,0,0.0,1,4,0.25,0.25,0,2,0.0,5,16,21,4,1,2,4,10,2,OOR
Chris Quinn,SG,29,7,78,4,16,0.25,0,5,0.0,4,11,0.364,0.25,2,2,1.0,1,1,2,9,3,0,6,4,10,OOR
Vladimir Radmanović,PF,32,25,144,13,43,0.302,5,27,0.185,8,16,0.5,0.36,2,3,0.667,10,18,28,8,8,4,7,29,33,OOR
Anthony Randolph,PF,23,39,329,56,114,0.491,0,8,0.0,56,106,0.528,0.491,31,45,0.689,29,66,95,12,19,21,37,41,143,OOR
Shavlik Randolph,PF,29,16,198,28,48,0.583,0,0,0.0,28,48,0.583,0.583,11,27,0.407,28,42,70,4,8,7,10,38,67,OOR
Zach Randolph,PF,31,76,2607,471,1024,0.46,2,23,0.087,469,1001,0.469,0.461,225,300,0.75,310,544,854,108,61,31,150,180,1169,OOR
J.J. Redick,SG,28,78,2379,382,880,0.434,165,451,0.366,217,429,0.506,0.528,171,190,0.9,17,154,171,296,38,9,138,117,1100,OOR
Jason Richardson,SG,32,33,936,135,336,0.402,57,167,0.341,78,169,0.462,0.487,20,33,0.606,19,108,127,51,40,15,26,57,347,OOR
Quentin Richardson,SF,32,1,29,1,11,0.091,1,4,0.25,0,7,0.0,0.136,2,2,1.0,5,5,10,1,0,0,2,1,5,OOR
Luke Ridnour,SG,31,82,2474,367,811,0.453,66,212,0.311,301,599,0.503,0.493,139,164,0.848,41,165,206,311,82,15,130,187,939,OOR
Austin Rivers,SG,20,61,1418,145,390,0.372,28,86,0.326,117,304,0.385,0.408,59,108,0.546,16,93,109,127,26,9,74,122,377,OOR
Brian Roberts,PG,27,78,1324,213,511,0.417,59,153,0.386,154,358,0.43,0.475,70,77,0.909,17,80,97,219,37,3,71,108,555,OOR
Nate Robinson,PG,28,82,2086,399,921,0.433,141,348,0.405,258,573,0.45,0.51,135,169,0.799,29,155,184,358,85,10,144,207,1074,OOR
Thomas Robinson,PF,21,70,1056,138,321,0.43,0,1,0.0,138,320,0.431,0.43,57,109,0.523,122,193,315,46,41,26,88,124,333,OOR
Rajon Rondo,PG,26,38,1423,225,465,0.484,12,50,0.24,213,415,0.513,0.497,60,93,0.645,43,169,212,420,70,9,148,96,522,OOR
Terrence Ross,SG,21,73,1239,186,457,0.407,65,196,0.332,121,261,0.464,0.478,30,42,0.714,35,109,144,53,43,14,48,122,467,OOR
Brandon Roy,SG,28,5,122,11,35,0.314,0,9,0.0,11,26,0.423,0.314,7,10,0.7,3,11,14,23,3,0,7,5,29,OOR
Ricky Rubio,PG,22,57,1691,185,514,0.36,27,92,0.293,158,422,0.374,0.386,211,264,0.799,44,185,229,418,137,5,172,143,608,OOR
Brandon Rush,SF,27,2,25,6,9,0.667,0,2,0.0,6,7,0.857,0.667,2,3,0.667,0,1,1,2,0,0,3,5,14,OOR
Robert Sacre,C,23,32,203,18,48,0.375,0,0,0.0,18,48,0.375,0.375,7,11,0.636,9,25,34,6,0,10,10,38,43,OOR
John Salmons,SF,33,76,2278,244,612,0.399,99,267,0.371,145,345,0.42,0.48,85,110,0.773,33,174,207,226,51,25,85,143,672,OOR
Samardo Samuels,C,24,18,196,22,60,0.367,0,1,0.0,22,59,0.373,0.367,14,24,0.583,10,18,28,8,3,3,6,30,58,OOR
Larry Sanders,C,24,71,1937,306,605,0.506,0,2,0.0,306,603,0.507,0.506,84,136,0.618,224,448,672,83,53,201,87,233,696,OOR
Luis Scola,PF,32,82,2184,432,915,0.472,3,16,0.188,429,899,0.477,0.474,181,230,0.787,158,383,541,182,67,35,126,257,1048,OOR
Mike Scott,PF,24,40,376,70,147,0.476,0,1,0.0,70,146,0.479,0.476,43,56,0.768,39,71,110,12,4,2,21,32,183,OOR
Thabo Sefolosha,SG,28,81,2229,224,466,0.481,108,258,0.419,116,208,0.558,0.597,57,69,0.826,58,259,317,125,103,44,64,177,613,OOR
Josh Selby,PG,21,10,59,6,22,0.273,1,6,0.167,5,16,0.313,0.295,7,11,0.636,0,5,5,4,2,0,7,7,20,OOR
Kevin Séraphin,C,23,79,1721,330,716,0.461,0,0,0.0,330,716,0.461,0.461,61,88,0.693,107,239,346,57,24,59,130,211,721,OOR
Ramon Sessions,SG,26,61,1652,276,676,0.408,33,107,0.308,243,569,0.427,0.433,291,347,0.839,27,142,169,230,48,7,104,91,876,OOR
Tornike Shengelia,SF,21,19,93,10,23,0.435,1,2,0.5,9,21,0.429,0.457,9,16,0.563,9,14,23,3,3,1,11,11,30,OOR
Iman Shumpert,SG,22,45,996,109,275,0.396,51,127,0.402,58,148,0.392,0.489,36,47,0.766,31,105,136,75,43,7,37,99,305,OOR
Alexey Shved,SG,24,77,1840,236,635,0.372,85,288,0.295,151,347,0.435,0.439,108,150,0.72,41,134,175,286,54,27,147,117,665,OOR
Henry Sims,C,22,2,5,2,3,0.667,0,0,0.0,2,3,0.667,0.667,0,0,0.0,2,0,2,0,0,0,1,1,4,OOR
Kyle Singler,SF,24,82,2293,275,642,0.428,70,200,0.35,205,442,0.464,0.483,100,124,0.806,109,221,330,77,57,37,98,217,720,OOR
Chris Singleton,PF,23,57,924,92,241,0.382,7,36,0.194,85,205,0.415,0.396,40,70,0.571,51,133,184,37,38,24,45,124,231,OOR
Donald Sloan,SG-PG,25,23,263,27,78,0.346,7,19,0.368,20,59,0.339,0.391,20,25,0.8,3,25,28,38,5,0,14,17,81,OOR
Greg Smith,C,22,70,1110,170,274,0.62,0,1,0.0,170,273,0.623,0.62,81,130,0.623,111,210,321,25,18,40,41,175,421,OOR
Ish Smith,PG,24,52,516,56,159,0.352,8,27,0.296,48,132,0.364,0.377,3,7,0.429,12,49,61,87,21,9,37,26,123,OOR
J.R. Smith,SG,27,80,2678,527,1249,0.422,155,436,0.356,372,813,0.458,0.484,237,311,0.762,64,361,425,218,100,24,134,226,1446,OOR
Jason Smith,C,26,51,876,167,341,0.49,0,4,0.0,167,337,0.496,0.49,86,102,0.843,64,122,186,34,15,45,55,123,420,OOR
Josh Smith,PF,27,76,2683,550,1182,0.465,61,201,0.303,489,981,0.498,0.491,166,321,0.517,133,506,639,321,94,136,226,175,1327,OOR
Nolan Smith,PG,24,40,288,42,114,0.368,6,28,0.214,36,86,0.419,0.395,20,28,0.714,7,20,27,35,7,1,29,26,110,OOR
Marreese Speights,C,25,79,1300,260,584,0.445,3,10,0.3,257,574,0.448,0.448,135,175,0.771,146,240,386,47,24,53,80,175,658,OOR
Tiago Splitter,PF,28,81,1997,315,563,0.56,0,2,0.0,315,561,0.561,0.56,208,285,0.73,144,371,515,130,63,64,100,161,838,OOR
Jerry Stackhouse,SF,38,37,544,66,172,0.384,30,89,0.337,36,83,0.434,0.471,20,23,0.87,5,28,33,35,7,4,24,31,182,OOR
Lance Stephenson,SG,22,78,2278,275,598,0.46,62,188,0.33,213,410,0.52,0.512,75,115,0.652,47,257,304,223,81,16,109,162,687,OOR
DeShawn Stevenson,SG,31,56,1158,98,262,0.374,76,209,0.364,22,53,0.415,0.519,12,23,0.522,18,104,122,52,29,6,23,69,284,OOR
Greg Stiemsma,C,27,76,1209,127,278,0.457,0,0,0.0,127,278,0.457,0.457,53,69,0.768,61,200,261,30,44,90,59,184,307,OOR
Julyan Stone,PG,24,4,28,2,2,1.0,0,0,0.0,2,2,1.0,1.0,3,4,0.75,2,1,3,2,1,0,2,4,7,OOR
Amar'e Stoudemire,PF,30,29,682,154,267,0.577,0,0,0.0,154,267,0.577,0.577,105,130,0.808,60,85,145,13,10,21,50,89,413,OOR
Rodney Stuckey,SG,26,76,2171,304,748,0.406,55,182,0.302,249,566,0.44,0.443,213,272,0.783,43,169,212,270,51,17,134,127,876,OOR
Jared Sullinger,PF,20,45,892,111,225,0.493,1,5,0.2,110,220,0.5,0.496,47,63,0.746,92,172,264,35,22,22,29,154,270,OOR
DaJuan Summers,PF,25,2,7,1,4,0.25,0,0,0.0,1,4,0.25,0.25,0,0,0.0,0,2,2,1,0,0,0,0,2,OOR
Jeff Taylor,SF,23,77,1507,172,399,0.431,53,154,0.344,119,245,0.486,0.497,75,103,0.728,51,99,150,63,47,15,48,136,472,OOR
Tyshawn Taylor,PG,22,38,221,32,87,0.368,6,13,0.462,26,74,0.351,0.402,15,27,0.556,2,16,18,21,13,0,25,25,85,OOR
Jeff Teague,PG,24,80,2628,439,974,0.451,89,248,0.359,350,726,0.482,0.496,199,226,0.881,25,155,180,579,117,28,230,181,1166,OOR
Marquis Teague,PG,19,48,392,43,113,0.381,4,23,0.174,39,90,0.433,0.398,9,16,0.563,3,41,44,63,9,7,35,47,99,OOR
Mirza Teletović,PF,27,53,499,71,185,0.384,37,108,0.343,34,77,0.442,0.484,9,11,0.818,33,62,95,23,13,8,20,53,188,OOR
Sebastian Telfair,PG,27,59,980,112,309,0.362,53,150,0.353,59,159,0.371,0.448,54,69,0.783,13,71,84,153,37,11,64,104,331,OOR
Garrett Temple,SG,26,51,1156,105,258,0.407,26,80,0.325,79,178,0.444,0.457,26,37,0.703,29,94,123,115,50,17,61,94,262,OOR
Jason Terry,SG,35,79,2124,281,648,0.434,123,331,0.372,158,317,0.498,0.529,114,131,0.87,19,140,159,198,66,11,102,110,799,OOR
Hasheem Thabeet,C,25,66,770,64,106,0.604,0,0,0.0,64,106,0.604,0.604,32,53,0.604,69,126,195,11,30,60,41,148,160,OOR
Isaiah Thomas,PG,23,79,2122,366,832,0.44,115,321,0.358,251,511,0.491,0.509,253,287,0.882,29,132,161,316,67,3,140,167,1100,OOR
Kurt Thomas,PF,40,39,392,45,83,0.542,1,1,1.0,44,82,0.537,0.548,6,13,0.462,24,65,89,21,10,16,8,52,97,OOR
Lance Thomas,SF,24,59,646,53,106,0.5,0,0,0.0,53,106,0.5,0.5,43,59,0.729,44,71,115,17,11,7,14,78,149,OOR
Malcolm Thomas,PF,24,12,57,5,10,0.5,0,0,0.0,5,10,0.5,0.5,5,8,0.625,5,11,16,4,2,2,3,8,15,OOR
Tyrus Thomas,PF,26,26,360,48,136,0.353,3,8,0.375,45,128,0.352,0.364,26,31,0.839,16,44,60,19,14,15,17,51,125,OOR
Jason Thompson,PF,26,82,2285,374,745,0.502,0,3,0.0,374,742,0.504,0.502,143,206,0.694,172,377,549,84,48,61,101,227,891,OOR
Klay Thompson,SG,22,82,2936,508,1205,0.422,211,526,0.401,297,679,0.437,0.509,132,157,0.841,32,274,306,183,86,45,157,237,1359,OOR
Tristan Thompson,PF,21,82,2564,390,799,0.488,0,3,0.0,390,796,0.49,0.488,177,291,0.608,306,467,773,108,60,71,123,234,957,OOR
Marcus Thornton,SG,25,72,1726,332,774,0.429,141,379,0.372,191,395,0.484,0.52,111,126,0.881,50,131,181,91,61,4,68,105,916,OOR
Jamaal Tinsley,PG,34,66,1221,86,234,0.368,39,127,0.307,47,107,0.439,0.451,18,26,0.692,17,98,115,290,64,14,106,106,229,OOR
Anthony Tolliver,SF,27,62,963,82,216,0.38,45,133,0.338,37,83,0.446,0.484,44,51,0.863,31,124,155,32,15,12,36,66,253,OOR
P.J. Tucker,SG,27,79,1910,210,444,0.473,22,70,0.314,188,374,0.503,0.498,64,86,0.744,132,218,350,109,62,19,67,145,506,OOR
Ronny Turiaf,C,30,65,701,49,97,0.505,0,0,0.0,49,97,0.505,0.505,23,63,0.365,45,107,152,35,19,35,29,80,121,OOR
Hedo Türkoğlu,SF,33,11,189,14,53,0.264,1,24,0.042,13,29,0.448,0.274,3,6,0.5,4,22,26,23,7,1,12,11,32,OOR
Evan Turner,SF,24,82,2892,441,1053,0.419,58,159,0.365,383,894,0.428,0.446,154,208,0.74,56,461,517,354,71,17,187,197,1094,OOR
Jeremy Tyler,C,21,21,68,9,24,0.375,0,0,0.0,9,24,0.375,0.375,4,6,0.667,6,14,20,1,1,2,6,10,22,OOR
Ekpe Udoh,C,25,76,1312,117,269,0.435,0,1,0.0,117,268,0.437,0.435,89,119,0.748,113,138,251,43,39,85,43,139,323,OOR
Beno Udrih,SG-PG,30,66,1457,210,476,0.441,34,102,0.333,176,374,0.471,0.477,84,103,0.816,34,107,141,302,41,3,108,90,538,OOR
Jonas Valančiūnas,C,20,62,1482,204,366,0.557,0,0,0.0,204,366,0.557,0.557,146,185,0.789,121,251,372,45,17,78,94,188,554,OOR
Anderson Varejão,C,30,25,901,138,289,0.478,0,5,0.0,138,284,0.486,0.478,77,102,0.755,138,223,361,84,37,14,44,68,353,OOR
Jarvis Varnado,PF,24,13,58,3,7,0.429,0,0,0.0,3,7,0.429,0.429,2,4,0.5,2,7,9,3,1,2,6,10,8,OOR
Greivis Vásquez,PG,26,78,2685,438,1012,0.433,83,243,0.342,355,769,0.462,0.474,124,154,0.805,43,294,337,704,66,6,247,190,1083,OOR
Jan Veselý,PF,22,51,601,57,114,0.5,0,1,0.0,57,113,0.504,0.5,12,39,0.308,43,79,122,28,15,17,27,107,126,OOR
Charlie Villanueva,PF,28,69,1092,175,464,0.377,90,259,0.347,85,205,0.415,0.474,27,49,0.551,49,192,241,54,31,39,39,96,467,OOR
Nikola Vučević,C,22,77,2559,461,889,0.519,0,3,0.0,461,886,0.52,0.519,86,126,0.683,273,644,917,143,61,79,141,218,1008,OOR
Dwyane Wade,SG,31,69,2391,569,1093,0.521,17,66,0.258,552,1027,0.537,0.528,308,425,0.725,86,258,344,352,128,56,194,140,1463,OOR
Dion Waiters,SG,21,61,1756,336,815,0.412,63,203,0.31,273,612,0.446,0.451,159,213,0.746,22,127,149,183,59,16,121,113,894,OOR
Kemba Walker,PG,22,82,2859,526,1244,0.423,107,332,0.322,419,912,0.459,0.466,296,371,0.798,60,223,283,471,160,31,200,153,1455,OOR
John Wall,PG,22,49,1602,324,735,0.441,12,45,0.267,312,690,0.452,0.449,246,306,0.804,35,161,196,373,65,37,157,117,906,OOR
Gerald Wallace,SF,30,69,2076,182,458,0.397,46,163,0.282,136,295,0.461,0.448,121,190,0.637,69,250,319,181,97,46,110,118,531,OOR
Rasheed Wallace,C,38,21,296,55,142,0.387,22,69,0.319,33,73,0.452,0.465,14,20,0.7,11,72,83,6,13,15,10,40,146,OOR
Luke Walton,PF,32,50,857,71,181,0.392,20,67,0.299,51,114,0.447,0.448,10,20,0.5,38,107,145,166,42,13,60,98,172,OOR
Hakim Warrick,PF,30,28,489,67,165,0.406,0,3,0.0,67,162,0.414,0.406,60,88,0.682,21,68,89,25,13,6,29,37,194,OOR
C.J. Watson,PG,28,80,1521,192,459,0.418,88,214,0.411,104,245,0.424,0.514,71,91,0.78,38,107,145,161,66,12,69,123,543,OOR
Earl Watson,PG,33,48,829,37,120,0.308,5,28,0.179,32,92,0.348,0.329,17,25,0.68,23,64,87,190,40,8,69,94,96,OOR
Maalik Wayns,PG,21,27,202,26,88,0.295,7,31,0.226,19,57,0.333,0.335,17,19,0.895,1,6,7,27,6,0,15,26,76,OOR
Martell Webster,SF,26,76,2200,281,636,0.442,139,329,0.422,142,307,0.463,0.551,168,198,0.848,53,241,294,143,49,17,90,166,869,OOR
David West,PF,32,73,2435,502,1009,0.498,4,19,0.211,498,990,0.503,0.5,242,315,0.768,145,418,563,213,74,69,157,149,1250,OOR
Russell Westbrook,PG,24,82,2861,673,1535,0.438,97,300,0.323,576,1235,0.466,0.47,460,575,0.8,111,317,428,607,145,24,273,189,1903,OOR
D.J. White,PF,26,12,86,12,23,0.522,0,0,0.0,12,23,0.522,0.522,5,9,0.556,4,9,13,4,1,6,2,5,29,OOR
James White,SF,30,57,435,50,116,0.431,14,41,0.341,36,75,0.48,0.491,11,19,0.579,5,43,48,29,13,4,17,44,125,OOR
Chris Wilcox,C,30,61,830,110,153,0.719,0,1,0.0,110,152,0.724,0.719,39,58,0.672,55,125,180,22,32,28,34,125,259,OOR
Damien Wilkins,SG,33,61,1095,145,316,0.459,17,51,0.333,128,265,0.483,0.486,81,109,0.743,32,73,105,91,37,18,49,98,388,OOR
Deron Williams,PG,28,78,2842,495,1124,0.44,169,447,0.378,326,677,0.482,0.516,317,369,0.859,29,203,232,604,75,30,218,194,1476,OOR
Derrick Williams,PF,21,78,1916,338,786,0.43,65,196,0.332,273,590,0.463,0.471,192,272,0.706,96,334,430,46,44,37,101,127,933,OOR
Lou Williams,SG,26,39,1119,187,443,0.422,72,196,0.367,115,247,0.466,0.503,105,121,0.868,8,72,80,139,44,10,74,55,551,OOR
Marvin Williams,SF,26,73,1727,199,470,0.423,54,166,0.325,145,304,0.477,0.481,77,99,0.778,55,208,263,77,37,38,60,98,529,OOR
Mo Williams,PG,30,46,1418,229,533,0.43,59,154,0.383,170,379,0.449,0.485,75,85,0.882,24,86,110,285,46,9,125,105,592,OOR
Reggie Williams,SF,26,40,380,57,132,0.432,22,72,0.306,35,60,0.583,0.515,10,21,0.476,8,43,51,39,12,1,19,19,146,OOR
Terrence Williams,SF,25,24,318,48,97,0.495,5,15,0.333,43,82,0.524,0.521,9,21,0.429,4,40,44,38,11,2,22,13,110,OOR
Metta World Peace,SF,33,75,2530,332,824,0.403,141,412,0.342,191,412,0.464,0.488,124,169,0.734,101,271,372,112,122,42,98,198,929,OOR
Brandan Wright,C,25,64,1149,241,404,0.597,0,3,0.0,241,401,0.601,0.597,59,96,0.615,85,175,260,38,26,76,34,78,541,OOR
Chris Wright,SG,23,3,4,1,2,0.5,0,0,0.0,1,2,0.5,0.5,0,0,0.0,0,0,0,0,0,0,1,0,2,OOR
Dorell Wright,SF,27,79,1783,237,599,0.396,135,361,0.374,102,238,0.429,0.508,120,141,0.851,42,260,302,150,62,35,64,98,729,OOR
Tony Wroten,SG,19,35,272,33,86,0.384,4,16,0.25,29,70,0.414,0.407,21,29,0.724,13,15,28,43,8,4,29,34,91,OOR
Nick Young,SG,27,59,1411,224,542,0.413,75,210,0.357,149,332,0.449,0.482,105,128,0.82,24,106,130,84,36,14,50,84,628,OOR
Sam Young,SG,27,56,693,58,148,0.392,16,52,0.308,42,96,0.438,0.446,23,43,0.535,26,97,123,42,15,8,33,62,155,OOR
Thaddeus Young,PF,24,76,2629,509,958,0.531,1,8,0.125,508,950,0.535,0.532,108,188,0.574,182,389,571,125,133,55,90,191,1127,OOR
Luke Zeller,C,25,16,58,9,26,0.346,1,5,0.2,8,21,0.381,0.365,0,0,0.0,1,9,10,3,0,0,0,5,19,OOR
Tyler Zeller,C,23,77,2033,245,559,0.438,0,4,0.0,245,555,0.441,0.438,120,157,0.764,159,279,438,96,35,70,95,251,610,OOR
