Player,Pos,Age,G,MP,FG,FGA,FG%,3P,3PA,3P%,2P,2PA,2P%,eFG%,FT,FTA,FT%,ORB,DRB,TRB,AST,STL,BLK,TOV,PF,PTS,Status
Quincy Acy,SF,23,63,847,66,141,0.468,4,15,0.267,62,126,0.492,0.482,35,53,0.66,72,144,216,28,23,26,30,122,171,OOR
Steven Adams,C,20,81,1197,93,185,0.503,0,0,0.0,93,185,0.503,0.503,79,136,0.581,142,190,332,43,40,57,71,203,265,OOR
Jeff Adrien,PF,27,53,961,143,275,0.52,0,0,0.0,143,275,0.52,0.52,76,119,0.639,102,204,306,38,24,36,39,108,362,OOR
Arron Afflalo,SG,28,73,2552,464,1011,0.459,128,300,0.427,336,711,0.473,0.522,274,336,0.815,32,230,262,248,35,3,146,136,1330,OOR
Alexis Ajinça,C,25,56,951,136,249,0.546,0,1,0.0,136,248,0.548,0.546,56,67,0.836,94,183,277,40,23,46,63,187,328,OOR
Cole Aldrich,C,25,46,330,33,61,0.541,0,0,0.0,33,61,0.541,0.541,26,30,0.867,37,92,129,14,8,30,18,40,92,OOR
LaMarcus Aldridge,PF,28,69,2498,652,1423,0.458,3,15,0.2,649,1408,0.461,0.459,296,360,0.822,166,599,765,178,63,68,123,147,1603,OOR
Lavoy Allen,PF,24,65,1072,134,300,0.447,2,13,0.154,132,287,0.46,0.45,33,50,0.66,119,192,311,71,24,33,44,126,303,OOR
Ray Allen,SG,38,73,1936,240,543,0.442,116,309,0.375,124,234,0.53,0.549,105,116,0.905,23,182,205,143,54,8,84,115,701,OOR
Tony Allen,SG,32,55,1278,204,413,0.494,11,47,0.234,193,366,0.527,0.507,76,121,0.628,79,129,208,94,90,19,90,121,495,OOR
Al-Farouq Aminu,SF,23,80,2045,234,494,0.474,13,48,0.271,221,446,0.496,0.487,91,137,0.664,129,367,496,114,82,38,88,147,572,OOR
Lou Amundson,PF,31,19,185,16,32,0.5,0,0,0.0,16,32,0.5,0.5,6,24,0.25,28,27,55,6,9,11,14,49,38,OOR
Chris Andersen,C,35,72,1396,177,275,0.644,3,12,0.25,174,263,0.662,0.649,120,169,0.71,129,250,379,19,32,97,53,162,477,OOR
Alan Anderson,SF,31,78,1773,194,485,0.4,84,248,0.339,110,237,0.464,0.487,92,118,0.78,40,135,175,81,48,11,62,147,564,OOR
James Anderson,SG,24,80,2309,309,717,0.431,115,351,0.328,194,366,0.53,0.511,77,106,0.726,59,241,300,149,74,28,106,154,810,OOR
Ryan Anderson,PF,25,22,795,155,354,0.438,67,164,0.409,88,190,0.463,0.532,59,62,0.952,66,76,142,17,10,7,20,47,436,OOR
Giannis Antetokounmpo,SF,19,77,1897,173,418,0.414,41,118,0.347,132,300,0.44,0.463,138,202,0.683,78,261,339,150,60,61,122,173,525,OOR
Carmelo Anthony,PF,29,77,2982,743,1643,0.452,167,415,0.402,576,1228,0.469,0.503,459,541,0.848,145,477,622,242,95,51,198,224,2112,OOR
Joel Anthony,C,31,33,186,12,32,0.375,0,0,0.0,12,32,0.375,0.375,4,8,0.5,15,23,38,2,3,12,3,17,28,OOR
Pero Antić,C,31,50,925,123,294,0.418,56,171,0.327,67,123,0.545,0.514,50,66,0.758,57,152,209,58,19,12,55,126,352,OOR
Trevor Ariza,SF,28,77,2723,389,853,0.456,180,442,0.407,209,411,0.509,0.562,149,193,0.772,99,376,475,191,126,20,132,179,1107,OOR
Hilton Armstrong,C,29,15,97,9,19,0.474,0,0,0.0,9,19,0.474,0.474,7,16,0.438,19,28,47,5,4,4,6,11,25,OOR
Darrell Arthur,SF,25,68,1161,162,410,0.395,24,64,0.375,138,346,0.399,0.424,53,62,0.855,52,158,210,61,39,47,58,185,401,OOR
Ömer Aşık,C,27,48,968,101,190,0.532,0,0,0.0,101,190,0.532,0.532,78,126,0.619,101,277,378,25,14,37,59,92,280,OOR
D.J. Augustin,PG,26,71,1939,298,718,0.415,133,332,0.401,165,386,0.427,0.508,201,227,0.885,15,115,130,313,53,3,125,147,930,OOR
Gustavo Ayón,C,28,26,429,52,102,0.51,0,0,0.0,52,102,0.51,0.51,8,20,0.4,42,83,125,28,25,10,29,47,112,OOR
Jeff Ayres,PF,26,73,952,101,174,0.58,0,0,0.0,101,174,0.58,0.58,38,55,0.691,89,169,258,60,13,25,63,146,240,OOR
Chris Babb,SG,23,14,132,8,30,0.267,6,27,0.222,2,3,0.667,0.367,0,0,0.0,4,13,17,3,6,0,3,13,22,OOR
Luke Babbitt,PF,24,27,473,60,154,0.39,36,95,0.379,24,59,0.407,0.506,14,18,0.778,18,70,88,29,7,11,15,52,170,OOR
Leandro Barbosa,PG,31,20,368,56,131,0.427,7,25,0.28,49,106,0.462,0.454,31,39,0.795,5,32,37,32,7,4,19,30,150,OOR
J.J. Barea,PG,29,79,1471,254,656,0.387,73,231,0.316,181,425,0.426,0.443,79,100,0.79,16,138,154,303,26,0,125,129,660,OOR
Andrea Bargnani,C,28,42,1257,222,502,0.442,30,108,0.278,192,394,0.487,0.472,84,102,0.824,69,153,222,45,14,52,58,100,558,OOR
Harrison Barnes,SF,21,78,2204,271,679,0.399,66,190,0.347,205,489,0.419,0.448,130,181,0.718,66,245,311,116,65,20,84,158,738,OOR
Matt Barnes,SF,33,63,1735,231,527,0.438,97,283,0.343,134,244,0.549,0.53,66,90,0.733,60,232,292,125,56,28,85,185,625,OOR
Will Barton,SG,23,41,387,65,156,0.417,10,33,0.303,55,123,0.447,0.449,26,32,0.813,16,58,74,33,9,7,18,31,166,OOR
Brandon Bass,PF,28,82,2266,352,725,0.486,2,6,0.333,350,719,0.487,0.487,205,239,0.858,161,309,470,87,36,71,102,190,911,OOR
Shane Battier,SF,35,73,1468,105,275,0.382,73,210,0.348,32,65,0.492,0.515,15,23,0.652,34,104,138,63,50,39,21,124,298,OOR
Nicolas Batum,SF,25,82,2956,381,819,0.465,145,402,0.361,236,417,0.566,0.554,163,203,0.803,116,495,611,420,75,57,208,156,1070,OOR
Jerryd Bayless,PG,25,72,1686,248,617,0.402,76,212,0.358,172,405,0.425,0.464,94,118,0.797,22,123,145,194,60,9,82,161,666,OOR
Aron Baynes,C,27,53,491,71,163,0.436,0,0,0.0,71,163,0.436,0.436,19,21,0.905,57,88,145,34,2,5,36,77,161,OOR
Kent Bazemore,SG,24,67,911,147,343,0.429,43,128,0.336,104,215,0.484,0.491,66,109,0.606,10,107,117,91,43,13,79,102,403,OOR
Bradley Beal,SG,20,73,2530,481,1149,0.419,138,343,0.402,343,806,0.426,0.479,149,189,0.788,54,219,273,243,71,18,128,153,1249,OOR
Michael Beasley,SF,25,55,831,177,355,0.499,21,54,0.389,156,301,0.518,0.528,61,79,0.772,31,141,172,42,23,21,57,93,436,OOR
Marco Belinelli,SF,27,80,2016,337,695,0.485,126,293,0.43,211,402,0.525,0.576,111,131,0.847,18,208,226,179,50,7,95,130,911,OOR
Anthony Bennett,PF,20,52,663,80,225,0.356,13,53,0.245,67,172,0.39,0.384,44,69,0.638,49,106,155,17,21,8,47,93,217,OOR
Patrick Beverley,PG,25,56,1751,199,481,0.414,92,255,0.361,107,226,0.473,0.509,83,102,0.814,72,124,196,151,77,23,66,174,573,OOR
Andris Biedriņš,C,27,6,45,1,1,1.0,0,0,0.0,1,1,1.0,1.0,1,6,0.167,2,15,17,0,0,0,2,6,3,OOR
Chauncey Billups,SG,37,19,309,24,79,0.304,14,48,0.292,10,31,0.323,0.392,10,12,0.833,4,24,28,42,8,1,25,25,72,OOR
Bismack Biyombo,C,21,77,1072,88,144,0.611,0,0,0.0,88,144,0.611,0.611,46,89,0.517,105,261,366,8,7,86,40,124,222,OOR
DeJuan Blair,PF,24,78,1214,210,393,0.534,0,2,0.0,210,391,0.537,0.534,77,121,0.636,139,229,368,70,60,21,77,192,497,OOR
Steve Blake,PG,33,55,1498,133,353,0.377,79,210,0.376,54,143,0.378,0.489,33,43,0.767,13,146,159,307,54,8,102,85,378,OOR
Andray Blatche,PF,27,73,1618,321,674,0.476,15,54,0.278,306,620,0.494,0.487,164,221,0.742,120,270,390,112,75,38,110,166,821,OOR
Eric Bledsoe,PG,24,43,1416,265,556,0.477,50,140,0.357,215,416,0.517,0.522,183,237,0.772,27,175,202,235,69,14,143,99,763,OOR
Vander Blue,SG,21,3,15,2,4,0.5,0,1,0.0,2,3,0.667,0.5,1,5,0.2,0,3,3,1,0,0,2,1,5,OOR
Keith Bogans,SG,33,6,55,3,6,0.5,3,6,0.5,0,0,0.0,0.75,3,3,1.0,0,3,3,3,1,0,1,2,12,OOR
Andrew Bogut,C,29,67,1769,235,375,0.627,0,0,0.0,235,375,0.627,0.627,22,64,0.344,182,489,671,112,47,121,97,210,492,OOR
Matt Bonner,PF,33,61,690,73,164,0.445,42,98,0.429,31,66,0.47,0.573,9,12,0.75,16,114,130,31,15,11,16,49,197,OOR
Trevor Booker,PF,26,72,1553,222,403,0.551,0,2,0.0,222,401,0.554,0.551,47,76,0.618,149,230,379,64,41,45,58,131,491,OOR
Carlos Boozer,PF,32,76,2141,447,980,0.456,0,2,0.0,447,978,0.457,0.456,148,193,0.767,137,495,632,118,53,22,154,216,1042,OOR
Chris Bosh,C,29,79,2531,492,953,0.516,74,218,0.339,418,735,0.569,0.555,223,272,0.82,98,424,522,87,80,78,125,192,1281,OOR
Avery Bradley,SG,23,60,1855,361,825,0.438,79,200,0.395,282,625,0.451,0.485,90,112,0.804,48,178,226,85,63,11,96,145,891,OOR
Elton Brand,C,34,73,1414,179,332,0.539,0,2,0.0,179,330,0.542,0.539,61,94,0.649,97,264,361,74,40,88,60,192,419,OOR
Corey Brewer,SF,27,81,2609,388,807,0.481,59,211,0.28,329,596,0.552,0.517,163,227,0.718,63,144,207,135,151,30,105,210,998,OOR
Ronnie Brewer,SF,28,24,160,3,15,0.2,1,8,0.125,2,7,0.286,0.233,0,2,0.0,2,12,14,10,6,1,2,4,7,OOR
Aaron Brooks,PG,29,72,1557,233,581,0.401,96,248,0.387,137,333,0.411,0.484,83,95,0.874,43,97,140,233,52,13,117,146,645,OOR
MarShon Brooks,SG,25,35,316,57,125,0.456,13,25,0.52,44,100,0.44,0.508,32,44,0.727,10,44,54,25,14,4,24,21,159,OOR
Lorenzo Brown,PG,23,26,224,26,86,0.302,3,30,0.1,23,56,0.411,0.32,9,13,0.692,8,20,28,41,13,3,16,19,64,OOR
Shannon Brown,SG,28,29,251,24,66,0.364,0,2,0.0,24,64,0.375,0.364,15,21,0.714,7,21,28,9,13,0,18,24,63,OOR
Kobe Bryant,SG,35,6,177,31,73,0.425,3,16,0.188,28,57,0.491,0.445,18,21,0.857,2,24,26,38,7,1,34,9,83,OOR
Chase Budinger,SF,25,41,751,100,254,0.394,42,120,0.35,58,134,0.433,0.476,32,39,0.821,19,84,103,31,19,2,24,58,274,OOR
Reggie Bullock,SF,22,43,395,43,121,0.355,22,73,0.301,21,48,0.438,0.446,7,9,0.778,11,43,54,12,9,1,13,26,115,OOR
Trey Burke,PG,21,70,2262,341,897,0.38,111,336,0.33,230,561,0.41,0.442,102,113,0.903,37,171,208,396,42,6,131,145,895,OOR
Alec Burks,SG,22,78,2193,380,831,0.457,50,143,0.35,330,688,0.48,0.487,279,373,0.748,59,198,257,212,69,14,149,190,1089,OOR
Caron Butler,SF,33,56,1419,213,540,0.394,98,249,0.394,115,291,0.395,0.485,63,75,0.84,21,208,229,82,47,17,60,120,587,OOR
Jimmy Butler,SG,24,67,2591,275,693,0.397,68,240,0.283,207,453,0.457,0.446,260,338,0.769,87,243,330,175,127,36,102,106,878,OOR
Rasual Butler,SG,34,50,378,51,110,0.464,26,62,0.419,25,48,0.521,0.582,8,14,0.571,6,35,41,17,7,9,11,30,136,OOR
Dwight Buycks,PG,24,14,146,15,48,0.313,5,17,0.294,10,31,0.323,0.365,8,9,0.889,4,19,23,10,8,0,10,11,43,OOR
Andrew Bynum,C,26,26,516,94,225,0.418,0,0,0.0,94,225,0.418,0.418,37,49,0.755,53,92,145,29,6,29,34,31,225,OOR
Will Bynum,PG,31,56,1054,184,430,0.428,20,62,0.323,164,368,0.446,0.451,97,121,0.802,24,75,99,216,39,7,103,121,485,OOR
Nick Calathes,SG,24,71,1173,142,311,0.457,19,61,0.311,123,250,0.492,0.487,44,72,0.611,23,114,137,207,66,8,101,117,347,OOR
José Calderón,PG,32,81,2468,341,748,0.456,191,425,0.449,150,323,0.464,0.584,52,63,0.825,29,163,192,377,69,11,103,136,925,OOR
Kentavious Caldwell-Pope,SG,20,80,1583,182,460,0.396,59,185,0.319,123,275,0.447,0.46,47,61,0.77,38,118,156,55,75,12,28,145,470,OOR
Isaiah Canaan,PG,22,22,252,31,87,0.356,18,55,0.327,13,32,0.406,0.46,21,29,0.724,7,17,24,22,8,4,21,25,101,OOR
DeMarre Carroll,SF,27,73,2341,302,642,0.47,97,268,0.362,205,374,0.548,0.546,109,141,0.773,107,296,403,134,108,21,79,188,810,OOR
Vince Carter,SG,37,81,1973,330,811,0.407,146,371,0.394,184,440,0.418,0.497,161,196,0.821,67,217,284,212,61,35,108,209,967,OOR
Michael Carter-Williams,PG,22,70,2414,427,1054,0.405,55,208,0.264,372,846,0.44,0.431,258,367,0.703,101,336,437,441,130,43,247,213,1167,OOR
Omri Casspi,PF,25,71,1283,173,410,0.422,61,176,0.347,112,234,0.479,0.496,83,122,0.68,55,205,260,88,44,14,72,100,490,OOR
Mario Chalmers,PG,27,73,2178,254,560,0.454,87,226,0.385,167,334,0.5,0.531,121,163,0.742,41,173,214,357,119,16,162,210,716,OOR
Tyson Chandler,C,31,55,1662,191,322,0.593,0,1,0.0,191,321,0.595,0.593,98,155,0.632,159,370,529,59,36,63,71,145,480,OOR
Wilson Chandler,SF,26,62,1927,307,738,0.416,122,351,0.348,185,387,0.478,0.499,110,152,0.724,58,236,294,114,46,31,79,193,846,OOR
Josh Childress,SF,30,4,24,0,0,0.0,0,0,0.0,0,0,0.0,0.0,0,0,0.0,0,3,3,2,1,0,1,1,0,OOR
Dionte Christmas,SF,27,31,198,22,62,0.355,9,31,0.29,13,31,0.419,0.427,18,24,0.75,13,25,38,8,2,3,6,19,71,OOR
Earl Clark,PF,26,54,768,97,261,0.372,41,122,0.336,56,139,0.403,0.45,22,34,0.647,22,121,143,18,17,25,31,67,257,OOR
Ian Clark,SG,22,23,172,26,67,0.388,11,31,0.355,15,36,0.417,0.47,5,7,0.714,3,16,19,15,8,2,14,24,68,OOR
Victor Claver,SF,25,21,184,17,42,0.405,3,18,0.167,14,24,0.583,0.44,10,11,0.909,9,30,39,12,3,3,11,16,47,OOR
Norris Cole,PG,25,82,2014,207,500,0.414,60,174,0.345,147,326,0.451,0.474,53,68,0.779,17,143,160,248,77,5,127,156,527,OOR
Jason Collins,C,35,22,172,11,24,0.458,0,3,0.0,11,21,0.524,0.458,3,4,0.75,7,12,19,4,8,1,7,30,25,OOR
Darren Collison,PG,26,80,2069,324,694,0.467,71,189,0.376,253,505,0.501,0.518,192,224,0.857,47,141,188,297,93,15,132,150,911,OOR
Nick Collison,PF,33,81,1353,134,241,0.556,4,17,0.235,130,224,0.58,0.564,66,93,0.71,116,177,293,104,30,28,71,187,338,OOR
Mike Conley,PG,26,73,2446,463,1030,0.45,105,291,0.361,358,739,0.484,0.5,225,276,0.815,41,172,213,441,110,13,150,141,1256,OOR
Chris Copeland,SF,29,41,265,55,117,0.47,33,79,0.418,22,38,0.579,0.611,10,14,0.714,7,25,32,18,3,7,14,38,153,OOR
DeMarcus Cousins,C,23,71,2298,591,1191,0.496,0,7,0.0,591,1184,0.499,0.496,432,595,0.726,218,613,831,207,109,91,251,270,1614,OOR
Robert Covington,SF,23,7,34,6,14,0.429,4,11,0.364,2,3,0.667,0.571,0,0,0.0,2,3,5,0,2,0,1,3,16,OOR
Allen Crabbe,SG,21,15,100,12,33,0.364,6,14,0.429,6,19,0.316,0.455,3,4,0.75,1,8,9,6,2,1,3,10,33,OOR
Jamal Crawford,SG,33,69,2094,421,1011,0.416,161,446,0.361,260,565,0.46,0.496,279,322,0.866,34,124,158,223,59,12,135,120,1282,OOR
Jordan Crawford,SG-PG,25,81,1859,327,788,0.415,90,285,0.316,237,503,0.471,0.472,146,169,0.864,28,155,183,281,47,5,134,120,890,OOR
Jae Crowder,SF,23,78,1254,130,296,0.439,50,151,0.331,80,145,0.552,0.524,46,61,0.754,46,148,194,60,59,21,41,100,356,OOR
Dante Cunningham,PF,26,81,1635,236,509,0.464,0,5,0.0,236,504,0.468,0.464,38,67,0.567,112,218,330,83,62,58,42,146,510,OOR
Jared Cunningham,SG,22,13,80,6,21,0.286,1,7,0.143,5,14,0.357,0.31,13,16,0.813,1,5,6,8,3,0,2,16,26,OOR
Seth Curry,PG,23,2,13,1,3,0.333,1,1,1.0,0,2,0.0,0.5,0,0,0.0,0,1,1,0,2,0,0,0,3,OOR
Stephen Curry,PG,25,78,2846,652,1383,0.471,261,615,0.424,391,768,0.509,0.566,308,348,0.885,46,288,334,666,128,14,294,194,1873,OOR
Samuel Dalembert,C,32,80,1614,214,377,0.568,0,1,0.0,214,376,0.569,0.568,101,137,0.737,200,341,541,38,41,94,90,210,529,OOR
Troy Daniels,SG,22,5,75,15,31,0.484,12,25,0.48,3,6,0.5,0.677,0,0,0.0,0,4,4,5,0,0,3,6,42,OOR
Gigi Datome,SF,26,34,238,34,97,0.351,7,39,0.179,27,58,0.466,0.387,8,10,0.8,14,32,46,11,6,1,11,20,83,OOR
Brandon Davies,PF,22,51,575,54,128,0.422,2,10,0.2,52,118,0.441,0.43,34,53,0.642,38,71,109,28,24,8,35,92,144,OOR
Anthony Davis,PF,20,67,2358,522,1005,0.519,2,9,0.222,520,996,0.522,0.52,348,440,0.791,207,466,673,105,89,189,109,200,1394,OOR
Ed Davis,PF,24,63,956,155,290,0.534,0,0,0.0,155,290,0.534,0.534,47,89,0.528,92,168,260,27,17,43,40,114,357,OOR
Glen Davis,PF,28,68,1662,271,593,0.457,4,11,0.364,267,582,0.459,0.46,95,137,0.693,108,243,351,77,58,29,76,159,641,OOR
Austin Daye,SF,25,22,148,24,68,0.353,12,37,0.324,12,31,0.387,0.441,6,10,0.6,5,22,27,8,4,4,5,18,66,OOR
Nando De Colo,SF,26,47,494,64,153,0.418,18,53,0.34,46,100,0.46,0.477,31,35,0.886,14,59,73,65,22,6,35,48,177,OOR
Dewayne Dedmon,C,24,31,390,38,83,0.458,0,0,0.0,38,83,0.458,0.458,21,32,0.656,38,89,127,5,7,22,18,66,97,OOR
Matthew Dellavedova,SG,23,72,1271,122,296,0.412,57,155,0.368,65,141,0.461,0.508,38,48,0.792,29,94,123,187,33,5,60,121,339,OOR
Luol Deng,SF,28,63,2213,371,860,0.431,57,189,0.302,314,671,0.468,0.465,212,268,0.791,99,262,361,183,62,9,114,111,1011,OOR
DeMar DeRozan,SG,24,79,3017,604,1407,0.429,64,210,0.305,540,1197,0.451,0.452,519,630,0.824,51,292,343,313,86,28,176,197,1791,OOR
Boris Diaw,PF,31,79,1974,302,580,0.521,45,112,0.402,257,468,0.549,0.559,68,92,0.739,74,252,326,222,44,32,121,140,717,OOR
Gorgui Dieng,C,24,60,818,113,227,0.498,1,1,1.0,112,226,0.496,0.5,59,93,0.634,103,197,300,39,30,50,54,108,286,OOR
Toney Douglas,PG,27,51,675,73,190,0.384,31,102,0.304,42,88,0.477,0.466,25,34,0.735,18,69,87,68,19,5,34,81,202,OOR
Chris Douglas-Roberts,SF,27,49,1016,111,252,0.44,51,132,0.386,60,120,0.5,0.542,66,82,0.805,16,103,119,51,29,16,36,61,339,OOR
Goran Dragić,SG,27,76,2668,552,1093,0.505,122,299,0.408,430,794,0.542,0.561,316,416,0.76,69,176,245,447,104,22,213,206,1542,OOR
Andre Drummond,C,20,81,2619,479,769,0.623,0,2,0.0,479,767,0.625,0.623,137,328,0.418,440,631,1071,35,101,131,110,273,1095,OOR
Jared Dudley,SF,28,74,1729,196,447,0.438,81,225,0.36,115,222,0.518,0.529,38,58,0.655,36,124,160,104,41,10,56,146,511,OOR
Tim Duncan,C,37,74,2158,444,906,0.49,0,5,0.0,444,901,0.493,0.49,231,316,0.731,158,563,721,220,43,139,159,134,1119,OOR
Mike Dunleavy,SF,33,82,2584,333,774,0.43,123,324,0.38,210,450,0.467,0.51,140,164,0.854,46,299,345,186,64,46,108,163,929,OOR
Kevin Durant,SF,25,81,3122,849,1688,0.503,192,491,0.391,657,1197,0.549,0.56,703,805,0.873,58,540,598,445,103,59,285,174,2593,MVP
Shane Edwards,SF,26,2,12,1,3,0.333,0,0,0.0,1,3,0.333,0.333,0,0,0.0,1,1,2,0,0,0,1,1,2,OOR
Wayne Ellington,SG,26,45,393,55,126,0.437,25,59,0.424,30,67,0.448,0.536,10,11,0.909,8,35,43,19,16,2,11,33,145,OOR
Monta Ellis,SG,28,82,3023,576,1278,0.451,69,209,0.33,507,1069,0.474,0.478,339,430,0.788,38,257,295,471,141,23,264,197,1560,OOR
Melvin Ely,C,35,2,27,3,6,0.5,0,0,0.0,3,6,0.5,0.5,0,0,0.0,0,1,1,0,0,1,0,5,6,OOR
Jeremy Evans,SF,26,66,1209,175,332,0.527,0,2,0.0,175,330,0.53,0.527,51,75,0.68,120,190,310,44,42,46,40,139,401,OOR
Reggie Evans,PF,33,54,899,71,150,0.473,0,0,0.0,71,150,0.473,0.473,72,130,0.554,115,219,334,21,37,3,58,119,214,OOR
Tyreke Evans,SF,24,72,2028,391,897,0.436,21,95,0.221,370,802,0.461,0.448,239,310,0.771,76,265,341,363,84,21,175,155,1042,OOR
Kenneth Faried,PF,24,80,2178,447,820,0.545,0,3,0.0,447,817,0.547,0.545,202,311,0.65,238,446,684,96,70,69,135,193,1096,OOR
Jordan Farmar,PG,27,41,912,151,364,0.415,70,160,0.438,81,204,0.397,0.511,44,59,0.746,20,84,104,199,38,8,95,65,416,OOR
Vítor Luiz Faverani,C,25,37,488,64,147,0.435,12,40,0.3,52,107,0.486,0.476,24,37,0.649,42,86,128,16,14,27,41,74,164,OOR
Derrick Favors,PF,22,73,2201,390,747,0.522,0,1,0.0,390,746,0.523,0.522,190,284,0.669,199,438,637,91,75,108,129,236,970,OOR
Carrick Felix,SG,23,7,38,7,14,0.5,2,5,0.4,5,9,0.556,0.571,3,4,0.75,1,5,6,4,0,0,4,4,19,OOR
Raymond Felton,PG,29,65,2017,240,608,0.395,62,195,0.318,178,413,0.431,0.446,88,122,0.721,54,143,197,365,78,27,129,157,630,OOR
Landry Fields,SF,25,30,322,27,67,0.403,0,5,0.0,27,62,0.435,0.403,14,22,0.636,15,44,59,20,10,3,11,25,68,OOR
Derek Fisher,SG,39,81,1428,141,361,0.391,88,229,0.384,53,132,0.402,0.512,55,71,0.775,12,110,122,117,70,3,49,157,425,OOR
Evan Fournier,SG,21,76,1503,228,544,0.419,89,237,0.376,139,307,0.453,0.501,93,123,0.756,34,168,202,112,34,7,100,179,638,OOR
Randy Foye,SG,30,81,2485,361,875,0.413,189,498,0.38,172,377,0.456,0.521,157,185,0.849,36,196,232,287,67,39,145,205,1068,OOR
Jamaal Franklin,SG,22,21,161,16,39,0.41,5,11,0.455,11,28,0.393,0.474,2,2,1.0,4,19,23,6,4,2,11,23,39,OOR
Jimmer Fredette,SG,24,49,519,107,227,0.471,40,84,0.476,67,143,0.469,0.559,19,21,0.905,8,44,52,64,14,3,48,35,273,OOR
Joel Freeland,C,26,52,727,77,162,0.475,0,2,0.0,77,160,0.481,0.475,20,29,0.69,88,120,208,36,10,22,32,95,174,OOR
Channing Frye,PF,30,82,2312,336,778,0.432,160,432,0.37,176,346,0.509,0.535,78,95,0.821,73,343,416,98,60,63,89,245,910,OOR
Francisco García,SF,32,55,1083,118,294,0.401,69,193,0.358,49,101,0.485,0.519,10,19,0.526,21,101,122,63,27,33,30,120,315,OOR
Kevin Garnett,C,37,54,1109,157,356,0.441,0,3,0.0,157,353,0.445,0.441,38,47,0.809,60,298,358,82,43,40,69,123,352,OOR
Diante Garrett,PG,25,71,1048,101,265,0.381,36,96,0.375,65,169,0.385,0.449,10,12,0.833,11,86,97,120,41,5,75,75,248,OOR
Marc Gasol,C,29,59,1970,336,711,0.473,2,11,0.182,334,700,0.477,0.474,185,241,0.768,84,340,424,215,59,76,111,150,859,OOR
Pau Gasol,C,33,60,1884,425,885,0.48,4,14,0.286,421,871,0.483,0.482,187,254,0.736,124,456,580,201,27,92,141,124,1041,OOR
Rudy Gay,SF,27,73,2531,537,1179,0.455,65,197,0.33,472,982,0.481,0.483,318,387,0.822,113,324,437,209,95,56,224,171,1457,OOR
Alonzo Gee,SF,26,65,1020,98,236,0.415,19,58,0.328,79,178,0.444,0.456,43,61,0.705,35,114,149,47,39,15,44,96,258,OOR
Paul George,SF,23,80,2898,577,1362,0.424,182,500,0.364,395,862,0.458,0.49,401,464,0.864,64,478,542,283,151,22,224,198,1737,OOR
Taj Gibson,PF,28,82,2351,429,896,0.479,0,7,0.0,429,889,0.483,0.479,211,281,0.751,200,358,558,91,41,112,150,207,1069,OOR
Manu Ginóbili,SG,36,68,1550,294,627,0.469,90,258,0.349,204,369,0.553,0.541,160,188,0.851,30,172,202,293,70,17,139,128,838,OOR
Rudy Gobert,C,21,45,434,36,74,0.486,0,0,0.0,36,74,0.486,0.486,32,65,0.492,51,104,155,7,8,41,32,57,104,OOR
Ryan Gomes,SF,31,5,34,3,8,0.375,0,2,0.0,3,6,0.5,0.375,0,0,0.0,0,4,4,1,0,0,1,5,6,OOR
Drew Gooden,C,32,22,395,76,143,0.531,7,17,0.412,69,126,0.548,0.556,24,27,0.889,37,77,114,15,10,7,17,53,183,OOR
Archie Goodwin,SG,19,52,533,76,167,0.455,5,36,0.139,71,131,0.542,0.47,37,55,0.673,25,62,87,20,20,11,44,45,194,OOR
Ben Gordon,SG,30,19,279,37,108,0.343,8,29,0.276,29,79,0.367,0.38,17,21,0.81,3,24,27,21,10,2,21,18,99,OOR
Eric Gordon,SG,25,64,2057,356,817,0.436,101,258,0.391,255,559,0.456,0.498,175,223,0.785,30,135,165,208,74,12,134,114,988,OOR
Marcin Gortat,C,29,81,2655,455,840,0.542,1,1,1.0,454,839,0.541,0.542,157,229,0.686,202,565,767,138,41,121,126,201,1068,OOR
Danny Granger,SF,30,41,847,116,307,0.378,43,128,0.336,73,179,0.408,0.448,63,67,0.94,31,102,133,41,12,17,46,62,338,OOR
Aaron Gray,C,29,37,355,27,61,0.443,0,1,0.0,27,60,0.45,0.443,11,20,0.55,42,69,111,22,10,8,31,64,65,OOR
Danny Green,SG,26,68,1651,218,505,0.432,132,318,0.415,86,187,0.46,0.562,50,63,0.794,25,204,229,104,65,61,76,107,618,OOR
Draymond Green,SF,23,82,1797,187,459,0.407,55,165,0.333,132,294,0.449,0.467,82,123,0.667,86,323,409,152,102,72,91,231,511,OOR
Gerald Green,SG,28,82,2330,448,1006,0.445,204,510,0.4,244,496,0.492,0.547,195,230,0.848,48,227,275,122,70,42,145,220,1295,OOR
Jeff Green,SF,27,82,2805,482,1171,0.412,135,396,0.341,347,775,0.448,0.469,283,356,0.795,54,326,380,138,57,47,165,180,1382,OOR
Willie Green,SG,32,55,869,102,271,0.376,41,121,0.339,61,150,0.407,0.452,28,34,0.824,12,66,78,50,22,11,34,96,273,OOR
Blake Griffin,PF,24,80,2863,718,1359,0.528,12,44,0.273,706,1315,0.537,0.533,482,674,0.715,192,565,757,309,92,51,224,265,1930,Candidate
Jorge Gutiérrez,PG,25,15,244,25,54,0.463,3,12,0.25,22,42,0.524,0.491,9,12,0.75,3,19,22,30,10,1,14,37,62,OOR
Jordan Hamilton,SF,23,60,1019,147,376,0.391,70,198,0.354,77,178,0.433,0.484,40,51,0.784,32,162,194,52,44,20,46,67,404,OOR
Justin Hamilton,C,23,8,72,9,20,0.45,3,9,0.333,6,11,0.545,0.525,5,5,1.0,4,3,7,0,5,0,4,8,26,OOR
Tyler Hansbrough,PF,28,64,978,93,196,0.474,0,2,0.0,93,194,0.479,0.474,126,185,0.681,120,167,287,17,28,19,47,132,312,OOR
Tim Hardaway Jr.,SG,21,81,1875,294,687,0.428,130,358,0.363,164,329,0.498,0.523,106,128,0.828,19,102,121,66,44,7,47,144,824,OOR
James Harden,SG,24,73,2777,549,1205,0.456,177,483,0.366,372,722,0.515,0.529,576,665,0.866,61,283,344,446,115,29,265,177,1851,Candidate
Maurice Harkless,SF,20,80,1950,224,483,0.464,59,154,0.383,165,329,0.502,0.525,85,143,0.594,69,195,264,80,97,50,86,140,592,OOR
Josh Harrellson,C,24,32,317,38,82,0.463,12,31,0.387,26,51,0.51,0.537,5,7,0.714,30,46,76,15,6,15,10,44,93,OOR
Al Harrington,PF,33,34,511,82,207,0.396,34,100,0.34,48,107,0.449,0.478,27,35,0.771,15,65,80,28,14,0,34,72,225,OOR
Devin Harris,PG,30,40,818,96,254,0.378,31,101,0.307,65,153,0.425,0.439,92,115,0.8,8,77,85,178,28,2,59,72,315,OOR
Elias Harris,SF,24,2,11,0,1,0.0,0,0,0.0,0,1,0.0,0.0,0,0,0.0,1,0,1,1,1,0,0,0,0,OOR
Manny Harris,SG,24,9,180,28,70,0.4,7,20,0.35,21,50,0.42,0.45,10,12,0.833,7,27,34,11,4,1,9,10,73,OOR
Mike Harris,PF,30,20,225,29,61,0.475,0,2,0.0,29,59,0.492,0.475,26,27,0.963,15,18,33,5,16,7,11,36,84,OOR
Tobias Harris,PF,21,61,1850,332,716,0.464,32,126,0.254,300,590,0.508,0.486,197,244,0.807,88,336,424,82,41,24,78,143,893,OOR
Udonis Haslem,PF,33,46,653,74,146,0.507,0,0,0.0,74,146,0.507,0.507,25,44,0.568,42,133,175,13,11,15,24,79,173,OOR
Spencer Hawes,C,25,80,2470,403,883,0.456,128,308,0.416,275,575,0.478,0.529,119,152,0.783,131,529,660,240,44,94,173,237,1053,OOR
Chuck Hayes,C,30,61,754,56,130,0.431,0,1,0.0,56,129,0.434,0.431,20,25,0.8,69,141,210,35,34,12,33,95,132,OOR
Gordon Hayward,SF,23,77,2800,426,1032,0.413,85,280,0.304,341,752,0.453,0.454,311,381,0.816,62,329,391,400,110,40,212,155,1248,OOR
Gerald Henderson,SG,26,77,2461,403,930,0.433,40,115,0.348,363,815,0.445,0.455,235,309,0.761,31,279,310,199,51,32,113,159,1081,OOR
Xavier Henry,SF,22,43,908,144,345,0.417,28,81,0.346,116,264,0.439,0.458,116,177,0.655,25,89,114,51,44,7,57,79,432,OOR
John Henson,PF,23,70,1856,344,639,0.538,0,1,0.0,344,638,0.539,0.538,91,177,0.514,171,326,497,113,41,116,114,185,779,OOR
Roy Hibbert,C,27,81,2409,331,754,0.439,2,5,0.4,329,749,0.439,0.44,207,269,0.77,202,336,538,91,29,182,148,269,871,OOR
J.J. Hickson,PF,25,69,1859,332,654,0.508,0,8,0.0,332,646,0.514,0.508,150,290,0.517,206,426,632,96,47,51,128,177,814,OOR
Nenê,PF,31,53,1560,299,594,0.503,1,5,0.2,298,589,0.506,0.504,155,266,0.583,65,229,294,153,64,47,117,164,754,OOR
George Hill,PG,27,76,2434,272,616,0.442,95,260,0.365,177,356,0.497,0.519,142,176,0.807,53,230,283,265,75,23,92,158,781,OOR
Jordan Hill,PF,26,72,1500,286,521,0.549,0,1,0.0,286,520,0.55,0.549,124,181,0.685,194,341,535,54,29,64,75,172,696,OOR
Solomon Hill,SF,22,28,226,17,40,0.425,7,23,0.304,10,17,0.588,0.513,6,7,0.857,9,32,41,12,5,2,13,19,47,OOR
Kirk Hinrich,PG,33,73,2116,243,619,0.393,85,242,0.351,158,377,0.419,0.461,95,125,0.76,31,161,192,286,80,26,120,203,666,OOR
Jrue Holiday,PG,23,34,1143,203,454,0.447,30,77,0.39,173,377,0.459,0.48,51,63,0.81,28,114,142,268,56,12,105,92,487,OOR
Ryan Hollins,PF,29,61,482,53,72,0.736,0,0,0.0,53,72,0.736,0.736,35,56,0.625,31,59,90,8,9,31,29,87,141,OOR
Scotty Hopson,SG,24,2,7,0,4,0.0,0,2,0.0,0,2,0.0,0.0,1,2,0.5,0,0,0,1,1,0,0,0,1,OOR
Al Horford,C,27,29,958,238,420,0.567,4,11,0.364,234,409,0.572,0.571,58,85,0.682,66,178,244,76,27,44,64,56,538,OOR
Dwight Howard,C,28,71,2396,473,800,0.591,2,7,0.286,471,793,0.594,0.593,349,638,0.547,231,635,866,131,60,128,229,240,1297,OOR
Robbie Hummel,SF,24,53,655,67,177,0.379,32,89,0.36,35,88,0.398,0.469,15,16,0.938,35,97,132,23,16,2,10,57,181,OOR
Kris Humphries,PF,28,69,1376,231,461,0.501,0,2,0.0,231,459,0.503,0.501,117,144,0.813,127,282,409,67,31,61,64,136,579,OOR
Serge Ibaka,PF,24,81,2666,524,978,0.536,23,60,0.383,501,918,0.546,0.548,156,199,0.784,224,485,709,85,39,219,123,233,1227,OOR
Andre Iguodala,SF,30,63,2040,220,458,0.48,62,175,0.354,158,283,0.558,0.548,86,132,0.652,53,240,293,263,95,18,100,103,588,OOR
Ersan İlyasova,PF,26,55,1478,237,579,0.409,37,131,0.282,200,448,0.446,0.441,107,130,0.823,107,235,342,72,46,8,61,135,618,OOR
Kyrie Irving,PG,21,71,2496,532,1237,0.43,123,344,0.358,409,893,0.458,0.48,291,338,0.861,52,207,259,433,108,23,190,163,1478,OOR
Royal Ivey,SG,32,2,5,0,2,0.0,0,1,0.0,0,1,0.0,0.0,0,0,0.0,0,1,1,0,0,0,0,1,0,OOR
Jarrett Jack,PG,30,80,2252,286,698,0.41,63,185,0.341,223,513,0.435,0.455,125,149,0.839,22,201,223,324,56,22,133,133,760,OOR
Reggie Jackson,PG,23,80,2277,403,916,0.44,83,245,0.339,320,671,0.477,0.485,158,177,0.893,43,270,313,331,85,9,168,142,1047,OOR
Stephen Jackson,SF,35,9,107,6,26,0.231,1,14,0.071,5,12,0.417,0.25,2,4,0.5,2,8,10,5,6,1,6,11,15,OOR
Bernard James,C,28,30,146,11,23,0.478,0,1,0.0,11,22,0.5,0.478,6,11,0.545,15,27,42,3,3,8,10,24,28,OOR
Damion James,SF,26,5,50,2,9,0.222,0,2,0.0,2,7,0.286,0.222,2,2,1.0,1,11,12,3,0,1,1,3,6,OOR
LeBron James,PF,29,77,2902,767,1353,0.567,116,306,0.379,651,1047,0.622,0.61,439,585,0.75,81,452,533,488,121,26,270,126,2089,Candidate
Mike James,PG,38,11,77,5,21,0.238,1,5,0.2,4,16,0.25,0.262,0,2,0.0,0,7,7,17,2,0,5,11,11,OOR
Antawn Jamison,PF,37,22,248,29,92,0.315,8,41,0.195,21,51,0.412,0.359,18,25,0.72,9,46,55,7,9,3,7,29,84,OOR
Othyus Jeffers,SG,28,6,47,3,6,0.5,0,2,0.0,3,4,0.75,0.5,3,4,0.75,1,8,9,1,0,0,1,3,9,OOR
Al Jefferson,C,29,73,2553,700,1376,0.509,3,15,0.2,697,1361,0.512,0.51,191,277,0.69,156,636,792,155,67,79,124,176,1594,OOR
Richard Jefferson,SF,33,82,2213,294,654,0.45,123,301,0.409,171,353,0.484,0.544,120,162,0.741,18,201,219,130,56,14,94,168,831,OOR
John Jenkins,SG,22,13,158,16,42,0.381,4,18,0.222,12,24,0.5,0.429,4,4,1.0,3,19,22,11,1,1,11,11,40,OOR
Brandon Jennings,PG,24,80,2728,423,1135,0.373,154,457,0.337,269,678,0.397,0.441,241,321,0.751,59,185,244,609,101,8,215,157,1241,OOR
Jonas Jerebko,PF,26,64,741,98,208,0.471,31,74,0.419,67,134,0.5,0.546,43,59,0.729,51,124,175,39,21,6,43,85,270,OOR
Amir Johnson,PF,26,77,2214,344,612,0.562,20,66,0.303,324,546,0.593,0.578,91,143,0.636,172,333,505,115,56,88,123,271,799,OOR
Chris Johnson,SF,23,40,789,85,214,0.397,43,127,0.339,42,87,0.483,0.498,37,43,0.86,31,66,97,31,27,4,22,63,250,OOR
James Johnson,SF,26,52,956,143,308,0.464,22,87,0.253,121,221,0.548,0.5,76,90,0.844,60,106,166,111,42,57,66,102,384,OOR
Joe Johnson,SG,32,79,2575,462,1018,0.454,162,404,0.401,300,614,0.489,0.533,159,195,0.815,48,222,270,216,47,10,120,129,1245,OOR
Orlando Johnson,SG,24,45,392,36,113,0.319,9,47,0.191,27,66,0.409,0.358,19,26,0.731,9,46,55,20,6,2,15,26,100,OOR
Wesley Johnson,SF,26,79,2240,277,651,0.425,100,271,0.369,177,380,0.466,0.502,61,77,0.792,70,278,348,124,86,77,90,207,715,OOR
Darius Johnson-Odom,SG,24,3,15,0,7,0.0,0,3,0.0,0,4,0.0,0.0,0,2,0.0,0,2,2,1,1,0,2,3,0,OOR
James Jones,SF,33,20,236,31,68,0.456,28,54,0.519,3,14,0.214,0.662,7,11,0.636,2,21,23,9,3,4,4,6,97,OOR
Perry Jones,PF,22,62,764,83,181,0.459,22,61,0.361,61,120,0.508,0.519,28,42,0.667,28,86,114,26,14,19,21,62,216,OOR
Solomon Jones,PF,29,11,85,6,17,0.353,0,0,0.0,6,17,0.353,0.353,2,4,0.5,8,8,16,2,2,2,2,12,14,OOR
Terrence Jones,PF,22,76,2078,386,712,0.542,31,101,0.307,355,611,0.581,0.564,118,195,0.605,162,366,528,87,53,99,71,139,921,OOR
DeAndre Jordan,C,25,82,2870,348,515,0.676,0,0,0.0,348,515,0.676,0.676,160,374,0.428,331,783,1114,74,80,203,123,264,856,OOR
Cory Joseph,SG,22,68,936,126,265,0.475,12,38,0.316,114,227,0.502,0.498,79,96,0.823,32,75,107,114,35,14,43,84,343,OOR
Chris Kaman,C,31,39,736,176,346,0.509,0,3,0.0,176,343,0.513,0.509,52,68,0.765,54,175,229,58,11,40,74,93,404,OOR
Enes Kanter,C,21,80,2138,419,853,0.491,0,1,0.0,419,852,0.492,0.491,149,204,0.73,222,376,598,75,28,42,144,230,987,OOR
Sergey Karasev,SF,20,22,156,12,35,0.343,4,19,0.211,8,16,0.5,0.4,9,10,0.9,0,16,16,6,3,1,11,22,37,OOR
Ryan Kelly,PF,22,59,1312,157,371,0.423,48,142,0.338,109,229,0.476,0.488,110,135,0.815,42,177,219,95,32,45,47,147,472,OOR
Michael Kidd-Gilchrist,SF,20,62,1502,167,353,0.473,1,9,0.111,166,344,0.483,0.475,113,184,0.614,109,215,324,52,43,39,60,145,448,OOR
Andrei Kirilenko,PF,32,45,857,82,160,0.513,1,5,0.2,81,155,0.523,0.516,61,119,0.513,55,91,146,72,40,19,54,65,226,OOR
Brandon Knight,PG,22,72,2400,461,1092,0.422,110,338,0.325,351,754,0.466,0.473,259,323,0.802,46,209,255,352,69,17,188,146,1291,OOR
Kyle Korver,SG,32,71,2408,289,609,0.475,185,392,0.472,104,217,0.479,0.626,87,94,0.926,22,260,282,208,70,24,102,147,850,OOR
Kosta Koufos,C,24,80,1349,227,459,0.495,0,0,0.0,227,459,0.495,0.495,60,93,0.645,160,258,418,39,32,71,67,182,514,OOR
Viacheslav Kravtsov,C,26,20,59,8,15,0.533,0,0,0.0,8,15,0.533,0.533,4,8,0.5,9,8,17,1,0,1,6,7,20,OOR
Ognjen Kuzmić,C,23,21,92,5,13,0.385,0,0,0.0,5,13,0.385,0.385,5,11,0.455,10,11,21,2,3,4,10,17,15,OOR
Doron Lamb,SG,22,53,695,63,160,0.394,36,90,0.4,27,70,0.386,0.506,29,36,0.806,8,41,49,43,11,1,27,54,191,OOR
Jeremy Lamb,SG,21,78,1538,263,609,0.432,88,247,0.356,175,362,0.483,0.504,51,64,0.797,27,162,189,115,56,26,61,143,665,OOR
Carl Landry,PF,30,18,233,31,60,0.517,0,0,0.0,31,60,0.517,0.517,14,17,0.824,15,42,57,5,3,1,9,34,76,OOR
Shane Larkin,PG,21,48,489,52,137,0.38,12,38,0.316,40,99,0.404,0.423,16,25,0.64,11,31,42,71,26,1,39,46,132,OOR
Ty Lawson,PG,26,62,2222,347,806,0.431,72,202,0.356,275,604,0.455,0.475,324,406,0.798,40,175,215,543,100,10,200,113,1090,OOR
Ricky Ledo,SG,21,11,33,6,17,0.353,3,8,0.375,3,9,0.333,0.441,4,4,1.0,0,2,2,2,1,0,2,2,19,OOR
Courtney Lee,SG,28,79,1973,295,614,0.48,72,194,0.371,223,420,0.531,0.539,99,112,0.884,29,158,187,115,65,28,73,127,761,OOR
David Lee,PF,30,69,2288,513,981,0.523,0,1,0.0,513,980,0.523,0.523,231,296,0.78,182,461,643,147,48,26,152,206,1257,OOR
Alex Len,C,20,42,362,33,78,0.423,0,0,0.0,33,78,0.423,0.423,20,31,0.645,39,60,99,4,4,18,26,68,86,OOR
Kawhi Leonard,SF,22,66,1923,337,645,0.522,69,182,0.379,268,463,0.579,0.576,101,126,0.802,76,336,412,133,114,50,80,127,844,OOR
Meyers Leonard,C,21,40,355,41,91,0.451,0,6,0.0,41,85,0.482,0.451,16,21,0.762,26,85,111,18,7,5,15,76,98,OOR
Jon Leuer,PF,24,49,642,121,246,0.492,23,49,0.469,98,197,0.497,0.539,37,47,0.787,37,121,158,20,18,13,27,63,302,OOR
Rashard Lewis,SF,34,60,971,98,236,0.415,46,134,0.343,52,102,0.51,0.513,26,33,0.788,24,86,110,57,53,8,35,90,268,OOR
DeAndre Liggins,SG,25,1,1,1,1,1.0,0,0,0.0,1,1,1.0,1.0,0,0,0.0,1,0,1,0,0,0,0,0,2,OOR
Damian Lillard,PG,23,82,2937,553,1304,0.424,218,554,0.394,335,750,0.447,0.508,371,426,0.871,35,253,288,457,64,22,193,197,1695,OOR
Jeremy Lin,PG,25,71,2054,295,662,0.446,82,229,0.358,213,433,0.492,0.508,218,265,0.823,34,153,187,294,68,27,176,166,890,OOR
Shaun Livingston,PG,28,76,1974,235,487,0.483,1,6,0.167,234,481,0.486,0.484,158,191,0.827,67,179,246,245,93,31,105,172,629,OOR
Brook Lopez,C,25,17,533,129,229,0.563,0,1,0.0,129,228,0.566,0.563,94,115,0.817,39,63,102,16,9,30,28,52,352,OOR
Robin Lopez,C,25,82,2603,355,644,0.551,0,1,0.0,355,643,0.552,0.551,198,242,0.818,326,374,700,73,25,139,84,196,908,OOR
Kevin Love,PF,25,77,2797,650,1421,0.457,190,505,0.376,460,916,0.502,0.524,520,633,0.821,224,739,963,341,59,35,196,136,2010,OOR
Kyle Lowry,PG,27,79,2862,457,1080,0.423,190,500,0.38,267,580,0.46,0.511,313,385,0.813,88,281,369,586,121,15,194,267,1417,OOR
John Lucas III,PG,31,42,591,62,190,0.326,25,84,0.298,37,106,0.349,0.392,10,16,0.625,12,27,39,42,14,0,22,41,159,OOR
Shelvin Mack,PG,23,73,1490,209,501,0.417,62,184,0.337,147,317,0.464,0.479,64,74,0.865,21,139,160,271,50,2,89,100,544,OOR
Ian Mahinmi,C,27,77,1248,91,189,0.481,0,1,0.0,91,188,0.484,0.481,90,145,0.621,107,150,257,24,41,72,58,207,272,OOR
Shawn Marion,SF,35,76,2409,341,708,0.482,58,162,0.358,283,546,0.518,0.523,51,65,0.785,132,365,497,124,90,37,95,125,791,OOR
Kendall Marshall,PG,22,54,1564,170,419,0.406,71,178,0.399,99,241,0.411,0.49,19,36,0.528,15,140,155,477,48,4,150,76,430,OOR
Cartier Martin,SF,29,59,870,111,264,0.42,59,151,0.391,52,113,0.46,0.532,48,65,0.738,13,97,110,33,27,7,34,71,329,OOR
Kenyon Martin,PF,36,32,633,63,123,0.512,0,1,0.0,63,122,0.516,0.512,11,19,0.579,36,98,134,50,25,27,26,85,137,OOR
Kevin Martin,SG,30,68,2177,440,1023,0.43,115,297,0.387,325,726,0.448,0.486,303,340,0.891,34,169,203,121,66,6,106,123,1298,OOR
Roger Mason,SG,33,25,260,25,67,0.373,17,48,0.354,8,19,0.421,0.5,7,7,1.0,1,21,22,19,6,1,9,26,74,OOR
Wesley Matthews,SG,27,82,2780,445,1009,0.441,201,511,0.393,244,498,0.49,0.541,252,301,0.837,51,238,289,197,76,14,110,176,1343,OOR
Jason Maxiell,PF,30,34,488,47,105,0.448,0,0,0.0,47,105,0.448,0.448,15,31,0.484,28,58,86,9,8,20,14,47,109,OOR
Eric Maynor,PG,26,31,327,32,101,0.317,12,37,0.324,20,64,0.313,0.376,6,11,0.545,9,30,39,52,9,3,29,17,82,OOR
O.J. Mayo,SG,26,52,1346,224,550,0.407,84,227,0.37,140,323,0.433,0.484,76,88,0.864,24,100,124,113,28,13,95,111,608,OOR
Luc Mbah a Moute,PF-SF,27,64,1003,87,193,0.451,4,17,0.235,83,176,0.472,0.461,46,67,0.687,56,90,146,36,30,14,40,68,224,OOR
Ray McCallum,PG,22,45,897,113,300,0.377,22,59,0.373,91,241,0.378,0.413,32,43,0.744,18,61,79,120,22,9,39,69,280,OOR
CJ McCollum,SG,22,38,476,74,178,0.416,30,80,0.375,44,98,0.449,0.5,23,34,0.676,7,41,48,27,14,2,35,53,201,OOR
JaVale McGee,C,26,5,79,17,38,0.447,0,0,0.0,17,38,0.447,0.447,1,1,1.0,10,7,17,2,1,7,8,16,35,OOR
Ben McLemore,SG,20,82,2187,255,679,0.376,95,297,0.32,160,382,0.419,0.446,115,143,0.804,53,182,235,82,45,18,96,201,720,OOR
Josh McRoberts,PF,26,78,2360,247,566,0.436,105,291,0.361,142,275,0.516,0.529,62,85,0.729,85,288,373,333,58,46,83,189,661,OOR
Jodie Meeks,SG,26,77,2556,413,892,0.463,162,404,0.401,251,488,0.514,0.554,221,258,0.857,30,164,194,138,111,4,111,119,1209,OOR
Gal Mekel,PG,25,31,292,30,86,0.349,5,20,0.25,25,66,0.379,0.378,8,12,0.667,5,22,27,63,4,1,31,31,73,OOR
Khris Middleton,SF,22,82,2460,376,854,0.44,120,290,0.414,256,564,0.454,0.511,118,137,0.861,60,250,310,169,83,20,123,243,990,OOR
C.J. Miles,SG,26,51,984,178,409,0.435,83,211,0.393,95,198,0.48,0.537,64,75,0.853,18,85,103,52,46,15,44,103,503,OOR
Andre Miller,SG,37,58,982,106,231,0.459,11,21,0.524,95,210,0.452,0.483,60,77,0.779,28,102,130,197,34,9,61,75,283,OOR
Darius Miller,SF,23,45,723,73,166,0.44,25,77,0.325,48,89,0.539,0.515,29,36,0.806,9,43,52,43,24,9,22,88,200,OOR
Mike Miller,SF,33,82,1707,213,443,0.481,107,233,0.459,106,210,0.505,0.602,46,56,0.821,30,177,207,130,26,5,77,95,579,OOR
Quincy Miller,PF,21,52,789,94,256,0.367,30,94,0.319,64,162,0.395,0.426,39,55,0.709,36,111,147,26,22,32,48,70,257,OOR
Patty Mills,PG,25,81,1527,309,666,0.464,135,318,0.425,174,348,0.5,0.565,73,82,0.89,34,135,169,149,68,9,63,114,826,OOR
Paul Millsap,PF,28,74,2482,483,1047,0.461,76,212,0.358,407,835,0.487,0.498,286,391,0.731,154,473,627,232,129,78,185,210,1328,OOR
Tony Mitchell,PF,21,21,79,5,12,0.417,1,1,1.0,4,11,0.364,0.458,11,19,0.579,15,11,26,2,6,3,4,9,22,OOR
Tony Mitchell,SF,24,3,10,3,5,0.6,0,1,0.0,3,4,0.75,0.6,0,0,0.0,1,0,1,1,1,0,0,0,6,OOR
Nazr Mohammed,C,36,80,562,54,126,0.429,0,0,0.0,54,126,0.429,0.429,16,30,0.533,66,109,175,20,14,30,37,77,124,OOR
Greg Monroe,PF,23,82,2690,504,1015,0.497,0,1,0.0,504,1014,0.497,0.497,241,367,0.657,256,504,760,171,91,47,166,205,1249,OOR
E'Twaun Moore,SG,24,79,1506,195,456,0.428,57,161,0.354,138,295,0.468,0.49,52,68,0.765,29,107,136,112,60,13,55,106,499,OOR
Darius Morris,PG,23,27,313,39,96,0.406,12,38,0.316,27,58,0.466,0.469,17,26,0.654,7,19,26,44,13,0,27,33,107,OOR
Marcus Morris,SF,24,82,1800,288,651,0.442,99,260,0.381,189,391,0.483,0.518,121,159,0.761,84,235,319,88,72,18,95,157,796,OOR
Markieff Morris,PF,24,81,2153,411,845,0.486,34,108,0.315,377,737,0.512,0.507,259,327,0.792,139,346,485,144,68,51,147,232,1115,OOR
Anthony Morrow,SG,28,76,1426,238,520,0.458,88,195,0.451,150,325,0.462,0.542,72,87,0.828,29,111,140,59,38,12,51,102,636,OOR
Donatas Motiejūnas,PF,23,62,952,131,296,0.443,21,84,0.25,110,212,0.519,0.478,58,96,0.604,60,165,225,34,20,21,49,132,341,OOR
Arnett Moultrie,PF,23,12,187,16,38,0.421,0,0,0.0,16,38,0.421,0.421,4,5,0.8,11,24,35,2,8,4,7,22,36,OOR
Timofey Mozgov,C,27,82,1770,285,545,0.523,4,24,0.167,281,521,0.539,0.527,196,260,0.754,171,357,528,62,27,100,122,213,770,OOR
Shabazz Muhammad,SG,21,37,290,57,124,0.46,3,11,0.273,54,113,0.478,0.472,26,40,0.65,24,29,53,6,8,1,16,24,143,OOR
Byron Mullens,C,24,45,414,73,165,0.442,33,89,0.371,40,76,0.526,0.542,10,20,0.5,24,68,92,14,15,11,27,64,189,OOR
Erik Murphy,C,23,24,62,3,13,0.231,0,3,0.0,3,10,0.3,0.231,0,0,0.0,2,6,8,2,0,4,2,7,6,OOR
Toure' Murry,PG,24,51,373,56,129,0.434,5,12,0.417,51,117,0.436,0.453,23,39,0.59,13,31,44,49,19,1,34,46,140,OOR
Mike Muscala,PF,22,20,215,31,73,0.425,0,3,0.0,31,70,0.443,0.425,14,14,1.0,17,35,52,7,3,10,12,29,76,OOR
Hamady N'Diaye,C,27,14,74,3,9,0.333,0,0,0.0,3,9,0.333,0.333,0,1,0.0,5,13,18,3,0,4,3,15,6,OOR
Steve Nash,PG,39,15,313,36,94,0.383,8,24,0.333,28,70,0.4,0.426,22,24,0.917,4,25,29,86,7,2,31,18,102,OOR
Gary Neal,SG,29,52,1114,193,471,0.41,68,180,0.378,125,291,0.43,0.482,94,105,0.895,10,80,90,83,18,0,64,65,548,OOR
Nemanja Nedović,SG,22,24,142,8,39,0.205,3,18,0.167,5,21,0.238,0.244,7,8,0.875,3,12,15,13,0,1,13,13,26,OOR
Jameer Nelson,PG,31,68,2179,294,747,0.394,136,391,0.348,158,356,0.444,0.485,96,112,0.857,29,202,231,476,52,5,166,146,820,OOR
Andrew Nicholson,PF,24,76,1174,180,420,0.429,28,89,0.315,152,331,0.459,0.462,47,57,0.825,53,202,255,25,18,23,51,150,435,OOR
Joakim Noah,C,28,80,2820,380,800,0.475,0,2,0.0,380,798,0.476,0.475,247,335,0.737,282,618,900,431,99,121,194,245,1007,Candidate
Steve Novak,PF,30,54,540,60,146,0.411,52,122,0.426,8,24,0.333,0.589,6,6,1.0,8,50,58,13,12,4,5,44,178,OOR
Dirk Nowitzki,PF,35,80,2628,633,1273,0.497,131,329,0.398,502,944,0.532,0.549,338,376,0.899,40,458,498,216,73,45,117,165,1735,OOR
James Nunnally,SF,23,13,165,15,46,0.326,8,25,0.32,7,21,0.333,0.413,6,9,0.667,1,18,19,8,6,2,7,11,44,OOR
Jermaine O'Neal,PF,35,44,883,125,248,0.504,0,0,0.0,125,248,0.504,0.504,99,132,0.75,85,157,242,25,14,40,52,102,349,OOR
Kyle O'Quinn,C,23,69,1188,186,371,0.501,0,3,0.0,186,368,0.505,0.501,57,83,0.687,100,264,364,78,39,88,78,165,429,OOR
Greg Oden,C,26,23,212,27,49,0.551,0,0,0.0,27,49,0.551,0.551,13,23,0.565,23,31,54,1,7,13,12,52,67,OOR
Victor Oladipo,PG,21,80,2487,392,936,0.419,74,226,0.327,318,710,0.448,0.458,248,318,0.78,43,286,329,327,129,37,256,210,1106,OOR
Kelly Olynyk,C,22,70,1400,234,502,0.466,40,114,0.351,194,388,0.5,0.506,99,122,0.811,140,225,365,109,35,27,106,227,607,OOR
Arinze Onuaku,PF,26,5,30,1,5,0.2,0,0,0.0,1,5,0.2,0.2,1,2,0.5,2,6,8,3,0,0,1,3,3,OOR
Daniel Orton,C,23,22,251,21,47,0.447,0,0,0.0,21,47,0.447,0.447,23,30,0.767,16,45,61,15,6,16,18,38,65,OOR
Travis Outlaw,SF,29,63,1065,130,326,0.399,41,117,0.35,89,209,0.426,0.462,42,52,0.808,36,132,168,48,20,19,26,94,343,OOR
Zaza Pachulia,C,29,53,1325,149,349,0.427,0,1,0.0,149,348,0.428,0.427,110,130,0.846,141,192,333,136,45,14,92,124,408,OOR
Jannero Pargo,PG,34,29,242,52,118,0.441,24,60,0.4,28,58,0.483,0.542,8,11,0.727,1,19,20,52,14,1,26,17,136,OOR
Tony Parker,PG,31,68,1997,456,914,0.499,25,67,0.373,431,847,0.509,0.513,197,243,0.811,17,138,155,388,36,9,151,86,1134,OOR
Chandler Parsons,SF,25,74,2783,466,987,0.472,130,351,0.37,336,636,0.528,0.538,164,221,0.742,69,340,409,298,88,29,144,168,1226,OOR
Patrick Patterson,PF,24,65,1533,225,489,0.46,55,151,0.364,170,338,0.503,0.516,50,71,0.704,117,225,342,78,55,37,65,159,555,OOR
Chris Paul,PG,28,62,2171,406,870,0.467,78,212,0.368,328,658,0.498,0.511,295,345,0.855,38,230,268,663,154,4,145,157,1185,OOR
Nikola Peković,C,28,54,1663,379,701,0.541,0,0,0.0,379,701,0.541,0.541,186,249,0.747,206,262,468,50,30,23,84,129,944,OOR
Kendrick Perkins,C,29,62,1207,87,193,0.451,0,1,0.0,87,192,0.453,0.451,37,67,0.552,82,223,305,67,26,32,90,177,211,OOR
Paul Pierce,SF,36,75,2098,321,712,0.451,112,300,0.373,209,412,0.507,0.529,256,310,0.826,26,322,348,178,86,31,153,190,1010,OOR
Dexter Pittman,C,25,2,3,0,1,0.0,0,0,0.0,0,1,0.0,0.0,0,2,0.0,3,0,3,0,0,0,0,0,0,OOR
Mason Plumlee,C,23,70,1275,199,302,0.659,0,3,0.0,199,299,0.666,0.659,122,195,0.626,99,209,308,60,49,55,77,171,520,OOR
Miles Plumlee,C,25,80,1964,286,553,0.517,0,0,0.0,286,553,0.517,0.517,74,132,0.561,198,428,626,43,50,90,111,185,646,OOR
Quincy Pondexter,SG,25,15,270,31,79,0.392,11,34,0.324,20,45,0.444,0.462,21,26,0.808,10,16,26,20,5,1,15,18,94,OOR
Otto Porter,SF,20,37,319,33,91,0.363,4,21,0.19,29,70,0.414,0.385,8,12,0.667,21,36,57,10,8,1,14,26,78,OOR
Josh Powell,PF,31,1,19,2,6,0.333,0,0,0.0,2,6,0.333,0.333,0,0,0.0,0,5,5,0,0,1,1,1,4,OOR
Phil Pressey,PG,22,75,1132,78,253,0.308,28,106,0.264,50,147,0.34,0.364,29,45,0.644,20,85,105,241,68,5,87,97,213,OOR
A.J. Price,SG,27,28,99,19,46,0.413,6,22,0.273,13,24,0.542,0.478,0,2,0.0,1,9,10,13,1,0,7,5,44,OOR
Ronnie Price,SG,30,31,377,28,92,0.304,9,43,0.209,19,49,0.388,0.353,9,13,0.692,8,35,43,66,25,2,26,50,74,OOR
Pablo Prigioni,PG,36,66,1283,88,191,0.461,65,140,0.464,23,51,0.451,0.631,11,12,0.917,36,93,129,228,67,2,60,132,252,OOR
Tayshaun Prince,SF,33,76,1948,200,492,0.407,20,69,0.29,180,423,0.426,0.427,34,60,0.567,32,202,234,119,39,19,41,63,454,OOR
Miroslav Raduljica,C,26,48,465,68,126,0.54,0,0,0.0,68,126,0.54,0.54,45,55,0.818,54,54,108,23,7,13,28,84,181,OOR
Anthony Randolph,PF,24,43,527,68,176,0.386,18,61,0.295,50,115,0.435,0.438,52,69,0.754,20,102,122,32,26,19,39,64,206,OOR
Shavlik Randolph,PF,30,14,95,7,14,0.5,0,0,0.0,7,14,0.5,0.5,6,11,0.545,7,18,25,1,3,1,5,15,20,OOR
Zach Randolph,PF,32,79,2705,560,1198,0.467,2,20,0.1,558,1178,0.474,0.468,250,337,0.742,265,530,795,200,54,23,183,210,1372,OOR
J.J. Redick,SG,29,35,987,181,398,0.455,73,185,0.395,108,213,0.507,0.546,97,106,0.915,9,65,74,78,28,3,42,65,532,OOR
Glen Rice Jr.,SG,23,11,109,11,37,0.297,5,17,0.294,6,20,0.3,0.365,5,7,0.714,4,16,20,7,6,1,9,7,32,OOR
Luke Ridnour,PG,32,61,1141,126,327,0.385,37,108,0.343,89,219,0.406,0.442,17,26,0.654,23,74,97,176,32,8,66,92,306,OOR
Austin Rivers,PG,21,69,1339,192,474,0.405,36,99,0.364,156,375,0.416,0.443,110,173,0.636,26,103,129,160,45,9,77,134,530,OOR
Andre Roberson,SG,22,40,399,33,68,0.485,2,13,0.154,31,55,0.564,0.5,7,10,0.7,36,58,94,15,19,10,19,74,75,OOR
Brian Roberts,PG,28,72,1667,244,581,0.42,64,178,0.36,180,403,0.447,0.475,125,133,0.94,17,119,136,234,43,7,95,132,677,OOR
Nate Robinson,PG,29,44,866,164,383,0.428,58,154,0.377,106,229,0.463,0.504,71,85,0.835,21,60,81,112,36,4,58,92,457,OOR
Thomas Robinson,PF,22,70,873,141,293,0.481,0,1,0.0,141,292,0.483,0.481,57,101,0.564,105,202,307,34,23,20,57,131,339,OOR
Rajon Rondo,PG,27,30,998,141,350,0.403,26,90,0.289,115,260,0.442,0.44,42,67,0.627,22,142,164,294,40,2,99,65,350,OOR
Derrick Rose,PG,25,10,311,58,164,0.354,16,47,0.34,42,117,0.359,0.402,27,32,0.844,9,23,32,43,5,1,34,15,159,OOR
Terrence Ross,SG,22,81,2159,318,751,0.423,161,408,0.395,157,343,0.458,0.531,82,98,0.837,43,209,252,79,64,27,88,183,879,OOR
Ricky Rubio,PG,23,82,2638,255,670,0.381,44,133,0.331,211,537,0.393,0.413,227,283,0.802,61,281,342,704,191,11,221,218,781,OOR
Brandon Rush,SG,28,38,418,30,90,0.333,16,47,0.34,14,43,0.326,0.422,3,5,0.6,5,39,44,24,5,9,20,31,79,OOR
Robert Sacre,C,24,65,1089,143,300,0.477,0,0,0.0,143,300,0.477,0.477,64,94,0.681,82,172,254,51,24,47,44,134,350,OOR
John Salmons,SG-SF,34,78,1726,150,413,0.363,63,163,0.387,87,250,0.348,0.439,40,52,0.769,20,143,163,147,47,19,54,124,403,OOR
Larry Sanders,C,25,23,584,76,162,0.469,0,1,0.0,76,161,0.472,0.469,26,55,0.473,60,105,165,19,18,40,26,74,178,OOR
Dennis Schröder,PG,20,49,641,72,188,0.383,10,42,0.238,62,146,0.425,0.41,29,43,0.674,5,55,60,93,17,0,61,54,183,OOR
Luis Scola,PF,33,82,1399,263,560,0.47,1,7,0.143,262,553,0.474,0.471,99,136,0.728,86,305,391,81,26,16,108,164,626,OOR
Mike Scott,PF,25,80,1482,301,628,0.479,62,200,0.31,239,428,0.558,0.529,103,132,0.78,62,222,284,75,30,7,79,121,767,OOR
Thabo Sefolosha,SG,29,61,1584,141,340,0.415,48,152,0.316,93,188,0.495,0.485,53,69,0.768,50,170,220,94,79,17,55,90,383,OOR
Kevin Séraphin,C,24,53,578,111,220,0.505,0,0,0.0,111,220,0.505,0.505,27,31,0.871,53,75,128,17,3,26,41,103,249,OOR
Ramon Sessions,PG,27,83,2214,330,769,0.429,35,124,0.282,295,645,0.457,0.452,326,404,0.807,38,165,203,340,49,9,148,90,1021,OOR
Mustafa Shakur,PG,29,3,11,0,3,0.0,0,1,0.0,0,2,0.0,0.0,1,2,0.5,0,0,0,4,0,0,2,2,1,OOR
Tornike Shengelia,SF,22,26,154,13,28,0.464,0,6,0.0,13,22,0.591,0.464,3,8,0.375,4,12,16,14,3,1,12,18,29,OOR
Iman Shumpert,SG,23,74,1962,183,484,0.378,76,228,0.333,107,256,0.418,0.457,53,71,0.746,81,227,308,129,92,13,79,209,495,OOR
Alexey Shved,SG,25,63,664,76,237,0.321,30,102,0.294,46,135,0.341,0.384,68,90,0.756,21,60,81,68,26,16,48,36,250,OOR
Henry Sims,C,23,46,875,130,274,0.474,0,1,0.0,130,273,0.476,0.474,90,121,0.744,104,133,237,52,28,20,41,116,350,OOR
Kyle Singler,SF,25,82,2337,269,602,0.447,94,246,0.382,175,356,0.492,0.525,152,184,0.826,116,187,303,75,61,38,79,211,784,OOR
Chris Singleton,SF,24,25,250,25,67,0.373,7,19,0.368,18,48,0.375,0.425,18,25,0.72,18,37,55,6,9,3,17,25,75,OOR
Peyton Siva,SG,23,24,224,18,57,0.316,7,25,0.28,11,32,0.344,0.377,11,15,0.733,2,12,14,34,9,1,18,27,54,OOR
Donald Sloan,SG,26,48,392,44,117,0.376,10,42,0.238,34,75,0.453,0.419,12,20,0.6,4,40,44,50,10,1,22,19,110,OOR
Chris Smith,PG,26,2,2,0,0,0.0,0,0,0.0,0,0,0.0,0.0,0,0,0.0,0,0,0,0,0,0,0,0,0,OOR
Greg Smith,C,23,11,100,18,28,0.643,0,0,0.0,18,28,0.643,0.643,2,5,0.4,11,16,27,0,1,2,5,17,38,OOR
Ish Smith,PG,25,70,1006,119,281,0.423,1,23,0.043,118,258,0.457,0.425,22,39,0.564,31,98,129,179,49,13,65,66,261,OOR
J.R. Smith,SF,28,74,2421,396,955,0.415,189,480,0.394,207,475,0.436,0.514,90,138,0.652,35,261,296,219,65,20,108,196,1071,OOR
Jason Smith,PF,27,31,830,131,282,0.465,0,0,0.0,131,282,0.465,0.465,39,50,0.78,51,130,181,29,11,29,28,100,301,OOR
Josh Smith,SF,28,77,2730,517,1233,0.419,70,265,0.264,447,968,0.462,0.448,160,301,0.532,102,418,520,252,105,110,199,197,1264,OOR
Tony Snell,SG,22,77,1231,129,336,0.384,57,178,0.32,72,158,0.456,0.469,31,41,0.756,19,105,124,68,29,15,44,84,346,OOR
James Southerland,SF,23,4,30,5,15,0.333,3,6,0.5,2,9,0.222,0.433,1,2,0.5,0,8,8,0,1,2,1,3,14,OOR
Marreese Speights,C,26,79,982,195,442,0.441,8,31,0.258,187,411,0.455,0.45,110,134,0.821,101,189,290,32,10,34,66,148,508,OOR
Tiago Splitter,C,29,59,1271,181,346,0.523,0,3,0.0,181,343,0.528,0.523,121,173,0.699,123,240,363,90,29,31,75,117,483,OOR
D.J. Stephens,SG,23,3,15,3,7,0.429,0,0,0.0,3,7,0.429,0.429,1,1,1.0,1,4,5,0,0,0,0,0,7,OOR
Lance Stephenson,SG,23,78,2752,427,870,0.491,86,244,0.352,341,626,0.545,0.54,140,197,0.711,95,463,558,359,54,7,210,195,1080,OOR
Greg Stiemsma,C,28,55,1007,70,122,0.574,0,1,0.0,70,121,0.579,0.574,19,32,0.594,72,154,226,36,35,57,44,169,159,OOR
Julyan Stone,SG,25,21,120,7,17,0.412,2,8,0.25,5,9,0.556,0.471,2,3,0.667,2,18,20,12,3,0,5,13,18,OOR
Amar'e Stoudemire,C,31,65,1466,311,558,0.557,0,0,0.0,311,558,0.557,0.557,150,203,0.739,112,208,320,34,23,37,91,159,772,OOR
Rodney Stuckey,SG,27,73,1950,372,853,0.436,24,88,0.273,348,765,0.455,0.45,244,292,0.836,39,130,169,152,54,10,125,131,1012,OOR
Jared Sullinger,PF,21,74,2041,384,899,0.427,56,208,0.269,328,691,0.475,0.458,158,203,0.778,241,360,601,118,35,49,119,251,982,OOR
Jeff Taylor,SF,24,26,629,82,218,0.376,18,67,0.269,64,151,0.424,0.417,26,47,0.553,15,45,60,22,13,5,25,62,208,OOR
Tyshawn Taylor,PG,23,23,270,31,91,0.341,3,12,0.25,28,79,0.354,0.357,24,30,0.8,3,12,15,36,12,1,31,29,89,OOR
Jeff Teague,PG,25,79,2542,456,1040,0.438,74,225,0.329,382,815,0.469,0.474,318,376,0.846,34,174,208,528,89,17,232,158,1304,OOR
Marquis Teague,SG,20,40,443,38,119,0.319,5,18,0.278,33,101,0.327,0.34,26,35,0.743,1,39,40,58,10,5,39,46,107,OOR
Mirza Teletović,SF,28,72,1396,221,529,0.418,136,349,0.39,85,180,0.472,0.546,44,62,0.71,60,206,266,57,29,23,54,143,622,OOR
Garrett Temple,SG,27,75,638,51,141,0.362,6,29,0.207,45,112,0.402,0.383,30,43,0.698,21,47,68,72,35,11,42,72,138,OOR
Jason Terry,PG,36,35,570,55,152,0.362,39,103,0.379,16,49,0.327,0.49,10,15,0.667,4,33,37,56,13,0,27,48,159,OOR
Hasheem Thabeet,C,26,23,192,13,23,0.565,0,0,0.0,13,23,0.565,0.565,1,5,0.2,9,31,40,1,4,9,14,47,27,OOR
Adonis Thomas,SF,20,6,37,6,14,0.429,1,5,0.2,5,9,0.556,0.464,1,1,1.0,0,3,3,3,0,0,1,6,14,OOR
Isaiah Thomas,PG,24,72,2497,496,1096,0.453,127,364,0.349,369,732,0.504,0.51,346,407,0.85,47,163,210,454,93,8,213,185,1465,OOR
Lance Thomas,SF,25,5,42,2,9,0.222,0,0,0.0,2,9,0.222,0.222,2,4,0.5,2,5,7,3,0,0,2,4,6,OOR
Malcolm Thomas,PF,25,8,63,7,16,0.438,1,4,0.25,6,12,0.5,0.469,0,2,0.0,5,16,21,2,0,3,9,5,15,OOR
Hollis Thompson,SF,22,77,1742,171,372,0.46,67,167,0.401,104,205,0.507,0.55,52,73,0.712,73,174,247,73,53,12,60,144,461,OOR
Jason Thompson,PF,27,82,2007,251,496,0.506,0,0,0.0,251,496,0.506,0.506,84,145,0.579,153,374,527,53,32,56,95,251,586,OOR
Klay Thompson,SG,23,81,2868,559,1259,0.444,223,535,0.417,336,724,0.464,0.533,147,185,0.795,38,211,249,181,74,37,135,234,1488,OOR
Tristan Thompson,PF,22,82,2594,363,761,0.477,0,1,0.0,363,760,0.478,0.477,235,339,0.693,269,485,754,72,42,35,108,188,961,OOR
Marcus Thornton,SG,26,72,1741,252,639,0.394,109,316,0.345,143,323,0.443,0.48,90,112,0.804,57,141,198,77,58,11,67,110,703,OOR
Jamaal Tinsley,PG,35,8,110,4,20,0.2,1,15,0.067,3,5,0.6,0.225,0,0,0.0,2,9,11,23,2,0,9,10,9,OOR
Anthony Tolliver,PF,28,64,1298,129,307,0.42,102,247,0.413,27,60,0.45,0.586,33,41,0.805,33,135,168,42,19,15,23,82,393,OOR
P.J. Tucker,SF,28,81,2490,265,615,0.431,74,191,0.387,191,424,0.45,0.491,156,201,0.776,161,368,529,141,110,23,102,204,760,OOR
Ronny Turiaf,C,31,31,606,64,107,0.598,0,0,0.0,64,107,0.598,0.598,21,50,0.42,55,119,174,24,8,50,24,65,149,OOR
Hedo Türkoğlu,SF,34,38,392,42,109,0.385,22,50,0.44,20,59,0.339,0.486,9,18,0.5,11,78,89,33,19,10,16,50,115,OOR
Evan Turner,SF,25,81,2457,434,1021,0.425,50,156,0.321,384,865,0.444,0.45,213,262,0.813,62,346,408,262,67,7,189,195,1131,OOR
Jeremy Tyler,C,22,41,398,60,116,0.517,0,0,0.0,60,116,0.517,0.517,26,48,0.542,38,71,109,8,6,20,26,70,146,OOR
Ekpe Udoh,PF,26,42,804,57,143,0.399,0,0,0.0,57,143,0.399,0.399,30,47,0.638,61,87,148,31,15,44,38,96,144,OOR
Beno Udrih,SG,31,41,643,78,178,0.438,19,42,0.452,59,136,0.434,0.492,25,30,0.833,10,49,59,116,23,4,47,50,200,OOR
Jonas Valančiūnas,C,21,81,2282,359,676,0.531,0,1,0.0,359,675,0.532,0.531,198,260,0.762,226,488,714,57,24,71,136,249,916,OOR
Anderson Varejão,C,31,65,1800,227,459,0.495,0,7,0.0,227,452,0.502,0.495,92,135,0.681,187,442,629,140,69,39,72,164,546,OOR
Jarvis Varnado,PF,25,24,339,36,60,0.6,0,0,0.0,36,60,0.6,0.6,27,52,0.519,19,44,63,13,10,29,10,62,99,OOR
Greivis Vásquez,PG,27,79,1779,277,658,0.421,109,289,0.377,168,369,0.455,0.504,95,108,0.88,20,153,173,323,31,5,128,143,758,OOR
Jan Veselý,PF,23,54,776,89,173,0.514,0,0,0.0,89,173,0.514,0.514,19,56,0.339,81,110,191,21,53,35,36,121,197,OOR
Charlie Villanueva,PF,29,20,180,35,92,0.38,14,56,0.25,21,36,0.583,0.457,8,14,0.571,6,28,34,6,4,5,7,16,92,OOR
Nikola Vučević,C,23,57,1812,353,696,0.507,0,0,0.0,353,696,0.507,0.507,105,137,0.766,185,441,626,104,60,47,112,169,811,OOR
Sasha Vujačić,SG,29,2,10,2,5,0.4,1,2,0.5,1,3,0.333,0.5,0,0,0.0,0,3,3,0,1,0,3,1,5,OOR
Dwyane Wade,SG,32,54,1775,415,761,0.545,9,32,0.281,406,729,0.557,0.551,189,258,0.733,60,181,241,252,79,29,161,106,1028,OOR
Dion Waiters,SG,22,70,2072,430,993,0.433,92,250,0.368,338,743,0.455,0.479,161,235,0.685,32,163,195,209,63,17,154,153,1113,OOR
Kemba Walker,PG,23,73,2614,449,1143,0.393,109,327,0.333,340,816,0.417,0.441,282,337,0.837,39,267,306,447,86,32,169,128,1289,OOR
John Wall,PG,23,82,2980,579,1337,0.433,108,308,0.351,471,1029,0.458,0.473,317,394,0.805,38,295,333,721,149,40,295,219,1583,OOR
Gerald Wallace,SF,31,58,1416,116,230,0.504,19,64,0.297,97,166,0.584,0.546,47,101,0.465,36,176,212,143,73,14,97,79,298,OOR
Casper Ware,PG,24,9,116,18,42,0.429,7,21,0.333,11,21,0.524,0.512,5,6,0.833,0,9,9,10,8,0,5,11,48,OOR
C.J. Watson,PG,29,63,1193,146,334,0.437,53,145,0.366,93,189,0.492,0.516,69,88,0.784,19,82,101,107,60,8,60,66,414,OOR
Earl Watson,PG,34,24,161,3,11,0.273,2,7,0.286,1,4,0.25,0.364,4,4,1.0,5,10,15,28,5,1,17,33,12,OOR
Maalik Wayns,PG,22,2,9,1,2,0.5,0,0,0.0,1,2,0.5,0.5,0,0,0.0,0,2,2,2,2,0,0,4,2,OOR
Martell Webster,SF,27,78,2157,254,587,0.433,146,372,0.392,108,215,0.502,0.557,105,125,0.84,38,184,222,97,41,15,58,150,759,OOR
David West,PF,33,80,2472,458,939,0.488,4,15,0.267,454,924,0.491,0.49,198,251,0.789,120,422,542,223,61,74,133,186,1118,OOR
Russell Westbrook,PG,25,46,1412,346,791,0.437,68,214,0.318,278,577,0.482,0.48,242,293,0.826,55,208,263,319,88,7,177,104,1002,OOR
D.J. White,PF,27,2,10,0,1,0.0,0,0,0.0,0,1,0.0,0.0,0,0,0.0,0,2,2,0,1,0,0,1,0,OOR
Royce White,PF,22,3,9,0,1,0.0,0,0,0.0,0,1,0.0,0.0,0,0,0.0,0,0,0,0,0,0,0,2,0,OOR
Deron Williams,PG,29,64,2059,322,716,0.45,98,268,0.366,224,448,0.5,0.518,173,216,0.801,15,153,168,392,93,13,143,148,915,OOR
Derrick Williams,SF-PF,22,78,1820,206,482,0.427,26,99,0.263,180,383,0.47,0.454,186,259,0.718,71,252,323,56,48,20,76,114,624,OOR
Elliot Williams,SG,24,67,1157,140,337,0.415,37,125,0.296,103,212,0.486,0.47,87,119,0.731,30,100,130,72,35,3,68,126,404,OOR
Lou Williams,PG,27,60,1445,197,493,0.4,79,231,0.342,118,262,0.45,0.48,152,179,0.849,10,114,124,210,45,4,92,65,625,OOR
Marvin Williams,PF,27,66,1674,231,526,0.439,84,234,0.359,147,292,0.503,0.519,57,73,0.781,82,252,334,78,54,31,53,151,603,OOR
Mo Williams,PG,31,74,1834,280,672,0.417,83,225,0.369,197,447,0.441,0.478,78,89,0.876,42,111,153,321,55,10,149,197,721,OOR
Reggie Williams,SF,27,3,17,5,9,0.556,1,3,0.333,4,6,0.667,0.611,0,0,0.0,0,0,0,1,1,0,2,1,11,OOR
Shawne Williams,PF,27,36,751,73,192,0.38,42,129,0.326,31,63,0.492,0.49,14,20,0.7,25,142,167,30,19,30,21,93,202,OOR
Jeff Withey,C,23,58,684,69,129,0.535,0,1,0.0,69,128,0.539,0.535,52,73,0.712,49,101,150,26,15,50,20,73,190,OOR
Nate Wolters,PG,22,58,1309,170,389,0.437,18,62,0.29,152,327,0.465,0.46,59,90,0.656,33,116,149,187,35,15,57,67,417,OOR
Metta World Peace,SF,34,29,388,56,141,0.397,17,54,0.315,39,87,0.448,0.457,10,16,0.625,18,41,59,17,24,8,19,44,139,OOR
Brandan Wright,C,26,58,1077,224,331,0.677,0,0,0.0,224,331,0.677,0.677,77,106,0.726,102,142,244,31,32,55,35,94,525,OOR
Chris Wright,SF,25,8,126,21,35,0.6,0,1,0.0,21,34,0.618,0.6,6,15,0.4,10,10,20,5,7,5,5,17,48,OOR
Dorell Wright,SF,28,68,984,111,297,0.374,69,202,0.342,42,95,0.442,0.49,52,69,0.754,29,162,191,64,23,16,39,62,343,OOR
Tony Wroten,PG,20,72,1765,345,808,0.427,40,188,0.213,305,620,0.492,0.452,209,326,0.641,69,159,228,217,78,16,204,151,939,OOR
Nick Young,SG,28,64,1810,387,889,0.435,135,350,0.386,252,539,0.468,0.511,235,285,0.825,29,137,166,95,46,12,95,156,1144,OOR
Thaddeus Young,PF,25,79,2718,582,1283,0.454,90,292,0.308,492,991,0.496,0.489,163,229,0.712,166,310,476,182,167,36,165,213,1417,OOR
Cody Zeller,C,21,82,1416,172,404,0.426,0,1,0.0,172,403,0.427,0.426,146,200,0.73,118,235,353,92,40,41,87,170,490,OOR
Tyler Zeller,C,24,70,1049,156,290,0.538,0,1,0.0,156,289,0.54,0.538,87,121,0.719,103,179,282,36,18,38,60,137,399,OOR
