Player,Pos,Age,G,MP,FG,FGA,FG%,3P,3PA,3P%,2P,2PA,2P%,eFG%,FT,FTA,FT%,ORB,DRB,TRB,AST,STL,BLK,TOV,PF,PTS,Status
Álex Abrines,SG,24,75,1134,115,291,0.395,84,221,0.38,31,70,0.443,0.54,39,46,0.848,26,88,114,28,38,8,25,124,353,OOR
Quincy Acy,PF,27,70,1359,130,365,0.356,102,292,0.349,28,73,0.384,0.496,49,60,0.817,40,217,257,57,33,29,60,149,411,OOR
Steven Adams,C,24,76,2487,448,712,0.629,0,2,0.0,448,710,0.631,0.629,160,286,0.559,384,301,685,88,92,78,128,215,1056,OOR
Bam Adebayo,C,20,69,1368,174,340,0.512,0,7,0.0,174,333,0.523,0.512,129,179,0.721,118,263,381,101,32,41,66,138,477,OOR
Arron Afflalo,SG,32,53,682,65,162,0.401,27,70,0.386,38,92,0.413,0.485,22,26,0.846,4,62,66,30,4,9,21,56,179,OOR
Cole Aldrich,C,29,21,49,5,15,0.333,0,0,0.0,5,15,0.333,0.333,2,6,0.333,3,12,15,3,2,1,1,11,12,OOR
LaMarcus Aldridge,C,32,75,2509,687,1347,0.51,27,92,0.293,660,1255,0.526,0.52,334,399,0.837,246,389,635,152,43,90,111,161,1735,OOR
Jarrett Allen,C,19,72,1441,234,397,0.589,5,15,0.333,229,382,0.599,0.596,114,147,0.776,144,244,388,49,28,88,82,147,587,OOR
Kadeem Allen,PG,25,18,107,6,22,0.273,0,11,0.0,6,11,0.545,0.273,7,9,0.778,4,7,11,12,3,2,9,15,19,OOR
Tony Allen,SF,36,22,273,44,91,0.484,4,12,0.333,40,79,0.506,0.505,11,21,0.524,20,27,47,9,11,3,19,49,103,OOR
Al-Farouq Aminu,PF,27,69,2072,230,582,0.395,125,339,0.369,105,243,0.432,0.503,59,80,0.738,97,428,525,84,79,40,79,136,644,OOR
Justin Anderson,SF,24,38,519,87,202,0.431,34,103,0.33,53,99,0.535,0.515,28,38,0.737,25,68,93,25,15,7,16,54,236,OOR
Kyle Anderson,SF,24,74,1978,231,438,0.527,19,57,0.333,212,381,0.556,0.549,104,146,0.712,84,312,396,202,115,60,94,114,585,OOR
Ryan Anderson,PF,29,66,1725,207,480,0.431,131,339,0.386,76,141,0.539,0.568,72,93,0.774,94,237,331,60,24,21,42,126,617,OOR
Ike Anigbogu,C,19,11,30,4,9,0.444,0,0,0.0,4,9,0.444,0.444,5,6,0.833,5,4,9,0,1,3,2,1,13,OOR
Giannis Antetokounmpo,PF,23,75,2756,742,1402,0.529,43,140,0.307,699,1262,0.554,0.545,487,641,0.76,156,597,753,361,109,106,223,231,2014,OOR
Carmelo Anthony,PF,33,78,2501,472,1168,0.404,169,474,0.357,303,694,0.437,0.476,148,193,0.767,67,386,453,103,47,49,99,197,1261,OOR
OG Anunoby,SF,20,74,1481,163,346,0.471,73,197,0.371,90,149,0.604,0.577,39,62,0.629,44,140,184,55,52,14,45,130,438,OOR
Ryan Arcidiacono,PG,23,24,304,17,41,0.415,9,31,0.29,8,10,0.8,0.524,5,6,0.833,1,24,25,35,13,0,13,18,48,OOR
Trevor Ariza,SF,32,67,2269,268,651,0.412,170,462,0.368,98,189,0.519,0.542,76,89,0.854,33,261,294,105,98,13,52,132,782,OOR
Darrell Arthur,PF,29,19,141,22,47,0.468,8,23,0.348,14,24,0.583,0.553,2,3,0.667,3,12,15,9,8,3,15,22,54,OOR
Jamel Artis,SG,25,15,279,31,79,0.392,8,29,0.276,23,50,0.46,0.443,7,12,0.583,4,34,38,18,2,3,8,11,77,OOR
Ömer Aşık,C,31,18,182,9,22,0.409,0,0,0.0,9,22,0.409,0.409,4,13,0.308,9,38,47,3,2,4,9,20,22,OOR
D.J. Augustin,PG,30,75,1760,244,540,0.452,114,272,0.419,130,268,0.485,0.557,164,189,0.868,30,130,160,287,54,0,123,94,766,OOR
Luke Babbitt,SF,28,50,715,91,215,0.423,60,156,0.385,31,59,0.525,0.563,17,22,0.773,7,89,96,31,8,7,19,54,259,OOR
Dwayne Bacon,SG,22,53,713,72,192,0.375,11,43,0.256,61,149,0.409,0.404,20,25,0.8,4,120,124,38,16,2,23,46,175,OOR
Ron Baker,SG,24,29,385,20,59,0.339,11,33,0.333,9,26,0.346,0.432,20,26,0.769,5,25,30,47,26,6,18,33,71,OOR
Wade Baldwin,PG,21,7,80,14,21,0.667,4,5,0.8,10,16,0.625,0.762,6,10,0.6,1,7,8,5,2,1,4,12,38,OOR
Lonzo Ball,PG,20,52,1780,203,564,0.36,90,295,0.305,113,269,0.42,0.44,32,71,0.451,69,291,360,376,88,43,136,117,528,OOR
J.J. Barea,PG,33,69,1603,303,690,0.439,115,313,0.367,188,377,0.499,0.522,80,102,0.784,15,186,201,434,35,3,143,83,801,OOR
Harrison Barnes,PF,25,77,2634,537,1208,0.445,119,333,0.357,418,875,0.478,0.494,259,313,0.827,77,391,468,152,49,14,118,94,1452,OOR
Will Barton,SG,27,81,2683,465,1028,0.452,156,422,0.37,309,606,0.51,0.528,182,226,0.805,70,339,409,331,82,52,149,168,1268,OOR
Nicolas Batum,SG,29,64,1981,270,650,0.415,92,274,0.336,178,376,0.473,0.486,108,130,0.831,57,249,306,349,65,23,131,72,740,OOR
Jerryd Bayless,SG,29,39,925,109,262,0.416,54,146,0.37,55,116,0.474,0.519,35,44,0.795,15,65,80,54,23,6,46,91,307,OOR
Aron Baynes,C,31,81,1485,210,446,0.471,3,21,0.143,207,425,0.487,0.474,59,78,0.756,130,304,434,93,22,51,80,200,482,OOR
Kent Bazemore,SG,28,65,1789,284,676,0.42,108,274,0.394,176,402,0.438,0.5,160,201,0.796,25,223,248,228,100,45,157,147,836,OOR
Bradley Beal,SG,24,82,2977,683,1484,0.46,199,530,0.375,484,954,0.507,0.527,292,369,0.791,61,302,363,373,96,36,214,160,1857,OOR
Malik Beasley,SG,21,62,583,73,178,0.41,28,82,0.341,45,96,0.469,0.489,22,33,0.667,14,57,71,31,15,7,24,36,196,OOR
Michael Beasley,PF,29,74,1653,409,807,0.507,34,86,0.395,375,721,0.52,0.528,124,159,0.78,97,317,414,123,36,43,143,145,976,OOR
Marco Belinelli,SG,31,80,1947,337,764,0.441,149,395,0.377,188,369,0.509,0.539,148,163,0.908,20,131,151,148,66,12,94,91,971,OOR
Jordan Bell,C,23,57,809,116,185,0.627,0,4,0.0,116,181,0.641,0.627,30,44,0.682,60,147,207,102,35,56,51,92,262,OOR
DeAndre' Bembry,SF,23,26,455,53,128,0.414,11,30,0.367,42,98,0.429,0.457,19,33,0.576,8,64,72,49,21,12,47,38,136,OOR
Dragan Bender,PF,20,82,2069,187,484,0.386,118,322,0.366,69,162,0.426,0.508,39,51,0.765,40,321,361,130,22,53,112,166,531,OOR
Dāvis Bertāns,PF,25,77,1086,161,366,0.44,94,252,0.373,67,114,0.588,0.568,40,49,0.816,18,135,153,74,26,28,36,93,456,OOR
Patrick Beverley,SG,29,11,334,48,119,0.403,24,60,0.4,24,59,0.407,0.504,14,17,0.824,16,29,45,32,19,5,25,34,134,OOR
Khem Birch,C,25,42,578,68,126,0.54,0,0,0.0,68,126,0.54,0.54,42,61,0.689,70,110,180,34,15,21,21,56,178,OOR
Jabari Bird,SG,23,13,115,15,26,0.577,3,7,0.429,12,19,0.632,0.635,6,13,0.462,6,13,19,8,3,1,8,7,39,OOR
Bismack Biyombo,C,25,82,1495,183,352,0.52,0,1,0.0,183,351,0.521,0.52,102,157,0.65,144,324,468,66,21,95,84,158,468,OOR
Nemanja Bjelica,PF,29,67,1371,171,371,0.461,76,183,0.415,95,188,0.505,0.563,36,45,0.8,53,221,274,86,50,16,52,141,454,OOR
Tarik Black,C,26,51,536,75,127,0.591,1,11,0.091,74,116,0.638,0.594,29,63,0.46,63,100,163,13,21,30,35,107,180,OOR
Antonio Blakeney,SG,21,19,314,53,143,0.371,15,52,0.288,38,91,0.418,0.423,30,39,0.769,4,29,33,20,7,1,11,19,151,OOR
Eric Bledsoe,PG,28,74,2322,468,989,0.473,125,360,0.347,343,629,0.545,0.536,252,317,0.795,51,233,284,370,149,42,216,185,1313,OOR
Vander Blue,SG,25,5,45,1,5,0.2,0,2,0.0,1,3,0.333,0.2,1,2,0.5,0,1,1,3,1,0,3,2,3,OOR
Bogdan Bogdanović,SG,25,78,2175,344,772,0.446,129,329,0.392,215,443,0.485,0.529,100,119,0.84,31,192,223,258,72,16,125,172,917,OOR
Bojan Bogdanović,SF,28,80,2464,404,852,0.474,155,386,0.402,249,466,0.534,0.565,178,205,0.868,30,240,270,119,55,8,106,129,1141,OOR
Andrew Bogut,C,33,24,216,17,25,0.68,0,0,0.0,17,25,0.68,0.68,2,2,1.0,26,52,78,15,4,13,19,40,36,OOR
Joel Bolomboy,PF,24,6,38,3,6,0.5,0,1,0.0,3,5,0.6,0.5,3,6,0.5,6,4,10,0,2,0,2,3,9,OOR
Devin Booker,SG,21,54,1865,455,1054,0.432,147,384,0.383,308,670,0.46,0.501,289,329,0.878,26,218,244,253,47,14,194,168,1346,OOR
Trevor Booker,PF,30,68,1158,177,343,0.516,8,33,0.242,169,310,0.545,0.528,66,93,0.71,117,201,318,82,28,21,59,119,428,OOR
Chris Boucher,PF,25,1,1,0,1,0.0,0,1,0.0,0,0,0.0,0.0,0,0,0.0,0,1,1,0,0,0,0,0,0,OOR
Avery Bradley,SG,27,46,1433,259,625,0.414,75,203,0.369,184,422,0.436,0.474,63,82,0.768,22,94,116,94,51,8,101,92,656,OOR
Tony Bradley,C,20,9,29,3,11,0.273,0,1,0.0,3,10,0.3,0.273,2,2,1.0,4,7,11,1,0,0,0,1,8,OOR
Corey Brewer,SF-SG,31,72,1208,142,316,0.449,31,110,0.282,111,206,0.539,0.498,65,90,0.722,43,111,154,65,79,14,49,139,380,OOR
Malcolm Brogdon,PG,25,48,1436,244,503,0.485,62,161,0.385,182,342,0.532,0.547,75,85,0.882,23,133,156,152,41,13,66,128,625,OOR
Aaron Brooks,PG,33,32,189,28,69,0.406,11,31,0.355,17,38,0.447,0.486,8,11,0.727,7,10,17,20,6,0,11,28,75,OOR
Dillon Brooks,SF,22,82,2350,340,772,0.44,94,264,0.356,246,508,0.484,0.501,124,166,0.747,49,208,257,135,73,17,124,233,898,OOR
MarShon Brooks,SG,29,7,193,51,102,0.5,19,32,0.594,32,70,0.457,0.593,20,23,0.87,8,13,21,25,11,3,16,6,141,OOR
Anthony Brown,SF,25,1,4,1,1,1.0,1,1,1.0,0,0,0.0,1.5,0,0,0.0,0,0,0,1,0,0,0,0,3,OOR
Bobby Brown,PG,33,20,115,19,58,0.328,11,40,0.275,8,18,0.444,0.422,1,2,0.5,0,7,7,11,4,0,9,6,50,OOR
Jaylen Brown,SG,21,70,2152,373,803,0.465,121,306,0.395,252,497,0.507,0.54,150,233,0.644,66,280,346,114,70,26,124,181,1017,OOR
Lorenzo Brown,PG,27,14,139,14,34,0.412,2,12,0.167,12,22,0.545,0.441,2,2,1.0,1,14,15,13,5,0,3,7,32,OOR
Markel Brown,SG,26,4,31,2,7,0.286,1,5,0.2,1,2,0.5,0.357,0,0,0.0,1,4,5,2,0,0,2,6,5,OOR
Sterling Brown,SG,22,54,776,82,205,0.4,32,91,0.352,50,114,0.439,0.478,21,24,0.875,27,116,143,25,31,13,25,80,217,OOR
Nicolás Brussino,SF,24,4,10,0,2,0.0,0,2,0.0,0,0,0.0,0.0,0,0,0.0,0,3,3,0,0,0,0,0,0,OOR
Thomas Bryant,C,20,15,72,8,21,0.381,1,10,0.1,7,11,0.636,0.405,5,9,0.556,3,14,17,6,1,2,2,6,22,OOR
Reggie Bullock,SF,26,62,1732,267,546,0.489,125,281,0.445,142,265,0.536,0.603,39,49,0.796,27,127,154,95,47,13,47,70,698,OOR
Trey Burke,PG,25,36,785,193,384,0.503,38,105,0.362,155,279,0.556,0.552,37,57,0.649,13,58,71,170,24,4,43,43,461,OOR
Alec Burks,SG,26,64,1059,170,414,0.411,47,142,0.331,123,272,0.452,0.467,107,124,0.863,19,173,192,67,37,8,60,75,494,OOR
Jimmy Butler,SG,28,59,2164,437,921,0.474,70,200,0.35,367,721,0.509,0.512,363,425,0.854,79,235,314,288,116,24,108,78,1307,OOR
Dwight Buycks,PG,28,29,427,82,198,0.414,15,45,0.333,67,153,0.438,0.452,36,41,0.878,12,29,41,59,19,2,39,39,215,OOR
Bruno Caboclo,SF,22,12,107,9,31,0.29,3,17,0.176,6,14,0.429,0.339,5,6,0.833,7,15,22,4,3,4,4,8,26,OOR
José Calderón,PG,36,57,914,93,185,0.503,45,97,0.464,48,88,0.545,0.624,24,30,0.8,14,70,84,117,27,2,41,81,255,OOR
Kentavious Caldwell-Pope,SG,24,74,2458,340,798,0.426,159,415,0.383,181,383,0.473,0.526,153,194,0.789,60,327,387,162,106,16,97,145,992,OOR
Isaiah Canaan,PG-SG,26,20,422,52,137,0.38,22,66,0.333,30,71,0.423,0.46,46,51,0.902,6,39,45,76,16,1,29,36,172,OOR
Clint Capela,C,23,74,2034,441,676,0.652,0,1,0.0,441,675,0.653,0.652,144,257,0.56,241,561,802,68,58,137,103,185,1026,OOR
DeMarre Carroll,PF,31,73,2180,325,785,0.414,145,391,0.371,180,394,0.457,0.506,188,246,0.764,105,374,479,147,59,30,103,165,983,OOR
Vince Carter,SF,41,58,1026,114,283,0.403,57,165,0.345,57,118,0.483,0.504,28,37,0.757,18,130,148,69,42,26,36,96,313,OOR
Michael Carter-Williams,PG,26,52,835,76,229,0.332,14,59,0.237,62,170,0.365,0.362,73,89,0.82,37,101,138,116,44,23,52,99,239,OOR
Alex Caruso,PG,23,37,562,50,116,0.431,13,43,0.302,37,73,0.507,0.487,21,30,0.7,15,50,65,75,23,10,42,52,134,OOR
Omri Casspi,SF,29,53,740,120,207,0.58,10,22,0.455,110,185,0.595,0.604,50,69,0.725,30,170,200,51,18,19,37,71,300,OOR
Willie Cauley-Stein,C,24,73,2044,388,773,0.502,3,12,0.25,385,761,0.506,0.504,153,247,0.619,131,379,510,172,77,67,109,185,932,OOR
Tyler Cavanaugh,PF,23,39,518,67,152,0.441,32,89,0.36,35,63,0.556,0.546,17,21,0.81,45,82,127,27,9,4,14,61,183,OOR
Mario Chalmers,PG,31,66,1421,168,443,0.379,53,191,0.277,115,252,0.456,0.439,118,138,0.855,13,144,157,197,79,14,117,179,507,OOR
Tyson Chandler,C,35,46,1151,121,187,0.647,0,0,0.0,121,187,0.647,0.647,58,93,0.624,134,284,418,53,16,27,59,106,300,OOR
Wilson Chandler,SF,30,74,2346,281,631,0.445,88,246,0.358,193,385,0.501,0.515,88,114,0.772,102,296,398,159,43,39,92,156,738,OOR
Marquese Chriss,PF,20,72,1527,202,477,0.423,56,190,0.295,146,287,0.509,0.482,96,158,0.608,76,319,395,83,51,70,107,205,556,OOR
Ian Clark,SG,26,74,1455,222,495,0.448,62,195,0.318,160,300,0.533,0.511,45,59,0.763,10,117,127,110,33,10,57,120,551,OOR
Jordan Clarkson,SG,25,81,1888,430,954,0.451,112,318,0.352,318,636,0.5,0.509,152,190,0.8,57,160,217,221,58,6,127,107,1124,OOR
Gian Clavell,SG,24,7,64,6,18,0.333,6,15,0.4,0,3,0.0,0.5,2,2,1.0,1,6,7,3,2,0,2,8,20,OOR
Antonius Cleveland,SG,23,17,123,8,21,0.381,3,4,0.75,5,17,0.294,0.452,4,6,0.667,3,11,14,2,7,5,7,23,23,OOR
John Collins,PF,20,74,1785,314,545,0.576,16,47,0.34,298,498,0.598,0.591,133,186,0.715,176,365,541,98,47,80,105,215,777,OOR
Zach Collins,C,20,66,1045,115,289,0.398,35,113,0.31,80,176,0.455,0.458,27,42,0.643,45,176,221,52,17,31,58,133,292,OOR
Kyle Collinsworth,SF,26,32,480,38,99,0.384,4,17,0.235,34,82,0.415,0.404,21,40,0.525,32,75,107,56,17,9,24,44,101,OOR
Darren Collison,PG,30,69,2018,316,638,0.495,96,205,0.468,220,433,0.508,0.571,127,144,0.882,37,141,178,368,92,15,86,122,855,OOR
Nick Collison,PF,37,15,75,13,19,0.684,0,0,0.0,13,19,0.684,0.684,5,13,0.385,7,13,20,4,0,0,7,7,31,OOR
Mike Conley,PG,30,12,373,64,168,0.381,24,77,0.312,40,91,0.44,0.452,53,66,0.803,0,27,27,49,12,3,18,24,205,OOR
Pat Connaughton,SG,25,82,1488,165,390,0.423,74,210,0.352,91,180,0.506,0.518,37,44,0.841,36,125,161,91,23,22,43,120,441,OOR
Quinn Cook,PG,24,33,740,122,252,0.484,46,104,0.442,76,148,0.514,0.575,22,25,0.88,10,72,82,89,12,1,32,59,312,OOR
Charles Cooke,SG,23,13,38,2,14,0.143,1,8,0.125,1,6,0.167,0.179,1,2,0.5,0,2,2,1,1,0,1,0,6,OOR
Jack Cooley,PF,26,7,87,13,27,0.481,0,0,0.0,13,27,0.481,0.481,14,19,0.737,14,16,30,6,1,0,3,13,40,OOR
Matt Costello,C,24,4,32,2,4,0.5,0,0,0.0,2,4,0.5,0.5,0,0,0.0,1,8,9,2,2,2,1,7,4,OOR
DeMarcus Cousins,C,27,48,1737,406,864,0.47,104,294,0.354,302,570,0.53,0.53,294,394,0.746,105,512,617,257,79,76,242,183,1210,OOR
Robert Covington,SF,27,80,2532,345,836,0.413,203,550,0.369,142,286,0.497,0.534,116,136,0.853,55,378,433,156,137,72,126,238,1009,OOR
Allen Crabbe,SG,25,75,2197,337,827,0.407,201,532,0.378,136,295,0.461,0.529,115,135,0.852,28,296,324,117,47,35,78,168,990,OOR
Torrey Craig,SF,27,39,629,62,137,0.453,17,58,0.293,45,79,0.57,0.515,22,35,0.629,40,87,127,25,12,15,20,63,163,OOR
Jamal Crawford,SG,37,80,1653,308,742,0.415,104,314,0.331,204,428,0.477,0.485,102,113,0.903,21,78,99,185,40,9,95,85,822,OOR
Jordan Crawford,SG,29,5,53,12,27,0.444,8,14,0.571,4,13,0.308,0.593,1,1,1.0,2,2,4,13,1,1,5,7,33,OOR
Jae Crowder,SF,27,80,2090,271,671,0.404,110,341,0.323,161,330,0.488,0.486,121,148,0.818,59,216,275,99,64,21,74,187,773,OOR
Dante Cunningham,SF,30,73,1562,164,364,0.451,58,168,0.345,106,196,0.541,0.53,31,52,0.596,78,220,298,48,39,30,33,111,417,OOR
Stephen Curry,PG,29,51,1631,428,864,0.495,212,501,0.423,216,363,0.595,0.618,278,302,0.921,36,225,261,310,80,8,153,114,1346,OOR
Troy Daniels,SG,26,79,1622,232,575,0.403,183,458,0.4,49,117,0.419,0.563,56,64,0.875,12,115,127,48,26,5,56,137,703,OOR
Anthony Davis,PF,24,75,2727,780,1462,0.534,55,162,0.34,725,1300,0.558,0.552,495,598,0.828,187,645,832,174,115,193,162,159,2110,Candidate
Deyonta Davis,C,21,62,943,161,265,0.608,0,0,0.0,161,265,0.608,0.608,38,57,0.667,75,175,250,40,15,39,32,125,360,OOR
Ed Davis,C,28,78,1471,170,292,0.582,0,1,0.0,170,291,0.584,0.582,74,111,0.667,183,392,575,40,32,52,66,188,414,OOR
Dewayne Dedmon,C,28,62,1542,250,477,0.524,50,141,0.355,200,336,0.595,0.577,67,86,0.779,100,389,489,90,40,51,86,162,617,OOR
Sam Dekker,PF,23,73,883,128,259,0.494,10,60,0.167,118,199,0.593,0.514,37,56,0.661,44,130,174,38,24,9,33,71,303,OOR
Malcolm Delaney,PG,28,54,1014,109,285,0.382,46,124,0.371,63,161,0.391,0.463,74,92,0.804,9,91,100,163,35,6,66,82,338,OOR
Matthew Dellavedova,PG,27,38,712,55,152,0.362,29,78,0.372,26,74,0.351,0.457,25,27,0.926,14,50,64,145,14,0,49,67,164,OOR
Luol Deng,SF,32,1,13,1,2,0.5,0,0,0.0,1,2,0.5,0.5,0,0,0.0,0,0,0,1,1,0,1,0,2,OOR
DeMar DeRozan,SG,28,80,2711,645,1413,0.456,89,287,0.31,556,1126,0.494,0.488,461,559,0.825,59,256,315,417,85,22,175,151,1840,OOR
Cheick Diallo,PF,21,52,581,102,176,0.58,0,0,0.0,102,176,0.58,0.58,50,66,0.758,47,164,211,19,11,21,28,82,254,OOR
Gorgui Dieng,C,28,79,1333,186,388,0.479,19,61,0.311,167,327,0.511,0.504,79,102,0.775,106,254,360,71,45,39,59,147,470,OOR
Spencer Dinwiddie,PG,24,80,2306,324,838,0.387,141,433,0.326,183,405,0.452,0.471,218,268,0.813,40,219,259,524,68,23,128,186,1007,OOR
Tyler Dorsey,SG,21,56,974,144,382,0.377,72,199,0.362,72,183,0.393,0.471,45,63,0.714,17,113,130,79,17,5,37,63,405,OOR
Damyean Dotson,SG,23,44,474,72,161,0.447,22,68,0.324,50,93,0.538,0.516,16,23,0.696,9,75,84,31,12,2,17,34,182,OOR
Milton Doyle,SG,24,10,125,13,47,0.277,4,23,0.174,9,24,0.375,0.319,4,8,0.5,3,15,18,10,6,2,2,13,34,OOR
PJ Dozier,PG,21,2,3,1,2,0.5,0,0,0.0,1,2,0.5,0.5,0,0,0.0,0,1,1,0,0,0,1,1,2,OOR
Goran Dragić,PG,31,75,2378,484,1075,0.45,111,300,0.37,373,775,0.481,0.502,217,271,0.801,54,252,306,359,63,12,166,180,1296,OOR
Larry Drew II,PG,27,10,70,7,24,0.292,3,9,0.333,4,15,0.267,0.354,0,0,0.0,3,0,3,10,0,0,3,6,17,OOR
Andre Drummond,C,24,78,2625,466,881,0.529,0,11,0.0,466,870,0.536,0.529,239,395,0.605,399,848,1247,237,114,127,200,250,1171,OOR
Jared Dudley,PF,32,48,686,48,122,0.393,29,80,0.363,19,42,0.452,0.512,27,35,0.771,8,86,94,78,24,11,28,85,152,OOR
Kris Dunn,PG,23,52,1525,286,666,0.429,43,134,0.321,243,532,0.457,0.462,84,114,0.737,24,197,221,310,104,27,150,174,699,OOR
Kevin Durant,SF,29,68,2325,630,1222,0.516,173,413,0.419,457,809,0.565,0.586,359,404,0.889,31,433,464,366,50,119,207,133,1792,OOR
Jarell Eddie,SF,26,3,9,0,2,0.0,0,2,0.0,0,0,0.0,0.0,0,0,0.0,0,1,1,0,1,0,0,0,0,OOR
Henry Ellenson,PF,21,38,329,53,146,0.363,20,60,0.333,33,86,0.384,0.432,25,29,0.862,10,71,81,20,5,0,18,22,151,OOR
Wayne Ellington,SG,30,77,2041,285,700,0.407,227,579,0.392,58,121,0.479,0.569,67,78,0.859,23,195,218,79,53,8,52,94,864,OOR
Joel Embiid,C,23,63,1912,510,1056,0.483,66,214,0.308,444,842,0.527,0.514,359,467,0.769,143,547,690,199,40,111,234,209,1445,OOR
James Ennis,SF,27,72,1604,182,384,0.474,51,153,0.333,131,231,0.567,0.54,97,116,0.836,73,151,224,71,47,18,56,134,512,OOR
Tyler Ennis,PG,23,54,683,94,224,0.42,14,56,0.25,80,168,0.476,0.451,22,29,0.759,19,76,95,105,30,10,38,75,224,OOR
Jawun Evans,PG,21,48,778,89,253,0.352,15,54,0.278,74,199,0.372,0.381,38,49,0.776,9,75,84,100,36,6,44,97,231,OOR
Jeremy Evans,SF,30,1,5,1,1,1.0,0,0,0.0,1,1,1.0,1.0,0,0,0.0,1,0,1,0,0,0,1,1,2,OOR
Tyreke Evans,PG,28,52,1607,366,809,0.452,114,286,0.399,252,523,0.482,0.523,164,209,0.785,44,221,265,269,57,17,117,96,1010,OOR
Dante Exum,PG,22,14,235,42,87,0.483,5,18,0.278,37,69,0.536,0.511,25,31,0.806,4,22,26,43,8,3,20,20,114,OOR
Kenneth Faried,PF,28,32,461,76,148,0.514,0,1,0.0,76,147,0.517,0.514,36,51,0.706,68,85,153,18,12,13,23,51,188,OOR
Derrick Favors,C,26,77,2153,395,702,0.563,14,63,0.222,381,639,0.596,0.573,140,215,0.651,198,354,552,102,54,82,88,164,944,OOR
Kay Felder,PG,22,16,140,21,70,0.3,4,19,0.211,17,51,0.333,0.329,11,12,0.917,3,15,18,20,3,1,16,11,57,OOR
Cristiano Felício,C,25,55,977,127,215,0.591,0,2,0.0,127,213,0.596,0.591,54,81,0.667,83,150,233,55,16,11,54,104,308,OOR
Raymond Felton,PG,33,82,1365,224,552,0.406,81,230,0.352,143,322,0.444,0.479,36,44,0.818,25,131,156,203,49,16,76,91,565,OOR
Terrance Ferguson,SG,19,61,763,70,169,0.414,40,120,0.333,30,49,0.612,0.533,9,10,0.9,19,28,47,19,24,10,11,83,189,OOR
Yogi Ferrell,SG,24,82,2282,311,730,0.426,134,359,0.373,177,371,0.477,0.518,82,103,0.796,26,223,249,201,64,9,78,153,838,OOR
Dorian Finney-Smith,PF,24,21,448,46,121,0.38,20,67,0.299,26,54,0.481,0.463,11,15,0.733,22,53,75,26,10,4,21,43,123,OOR
Bryn Forbes,SG,24,80,1517,209,497,0.421,89,228,0.39,120,269,0.446,0.51,48,72,0.667,12,98,110,80,28,2,37,108,555,OOR
Evan Fournier,SF,25,57,1837,368,802,0.459,127,335,0.379,241,467,0.516,0.538,150,173,0.867,23,157,180,165,47,16,95,138,1013,OOR
De'Aaron Fox,PG,20,73,2026,328,797,0.412,47,153,0.307,281,644,0.436,0.441,141,195,0.723,33,171,204,320,70,20,173,163,844,OOR
Tim Frazier,PG,27,59,838,68,172,0.395,17,56,0.304,51,116,0.44,0.445,23,30,0.767,18,97,115,194,47,7,57,97,176,OOR
Channing Frye,C,34,53,695,104,212,0.491,39,115,0.339,65,97,0.67,0.583,17,19,0.895,12,123,135,38,18,13,21,69,264,OOR
Markelle Fultz,SG,19,14,253,45,111,0.405,0,1,0.0,45,110,0.409,0.405,10,21,0.476,11,32,43,53,12,4,17,22,100,OOR
Danilo Gallinari,SF,29,21,671,102,256,0.398,36,111,0.324,66,145,0.455,0.469,81,87,0.931,9,92,101,41,12,10,26,30,321,OOR
Langston Galloway,SG,26,58,863,126,340,0.371,75,218,0.344,51,122,0.418,0.481,33,41,0.805,13,79,92,58,35,5,18,39,360,OOR
Marc Gasol,C,33,73,2408,434,1033,0.42,109,320,0.341,325,713,0.456,0.473,281,337,0.834,78,514,592,305,54,101,194,185,1258,OOR
Pau Gasol,C,37,77,1812,287,627,0.458,43,120,0.358,244,507,0.481,0.492,158,209,0.756,129,490,619,238,24,79,108,121,775,OOR
Rudy Gay,PF,31,57,1231,253,537,0.471,37,118,0.314,216,419,0.516,0.506,112,145,0.772,76,215,291,73,46,38,78,98,655,OOR
Paul George,SF,27,79,2891,576,1340,0.43,244,609,0.401,332,731,0.454,0.521,338,411,0.822,72,375,447,263,161,39,212,233,1734,OOR
Marcus Georges-Hunt,SG,23,42,224,21,48,0.438,4,15,0.267,17,33,0.515,0.479,13,21,0.619,7,9,16,7,6,0,3,32,59,OOR
Jonathan Gibson,PG,30,4,40,14,23,0.609,6,12,0.5,8,11,0.727,0.739,0,0,0.0,0,3,3,4,0,0,3,5,34,OOR
Taj Gibson,PF,32,82,2726,425,737,0.577,7,35,0.2,418,702,0.595,0.581,142,185,0.768,194,390,584,99,62,59,89,218,999,OOR
Manu Ginóbili,SG,40,65,1299,201,463,0.434,64,192,0.333,137,271,0.506,0.503,110,131,0.84,19,123,142,163,43,16,105,126,576,OOR
Rudy Gobert,C,25,56,1816,276,444,0.622,0,0,0.0,276,444,0.622,0.622,204,299,0.682,165,436,601,80,44,129,107,153,756,OOR
Aaron Gordon,PF,22,58,1909,375,865,0.434,115,342,0.336,260,523,0.497,0.5,157,225,0.698,87,370,457,136,59,45,107,111,1022,OOR
Eric Gordon,SG,29,69,2154,415,970,0.428,218,608,0.359,197,362,0.544,0.54,195,241,0.809,25,145,170,154,44,27,130,116,1243,OOR
Marcin Gortat,C,33,82,2075,290,560,0.518,0,0,0.0,290,560,0.518,0.518,110,163,0.675,181,442,623,151,40,61,99,175,690,OOR
Treveon Graham,SG,24,63,1050,96,221,0.434,40,97,0.412,56,124,0.452,0.525,41,59,0.695,42,79,121,59,33,2,27,109,273,OOR
Jerami Grant,PF,23,81,1647,244,456,0.535,32,110,0.291,212,346,0.613,0.57,162,240,0.675,86,233,319,57,31,77,54,155,682,OOR
Jerian Grant,PG,25,74,1686,209,503,0.416,61,187,0.326,148,316,0.468,0.476,140,188,0.745,31,141,172,342,63,8,89,132,619,OOR
Josh Gray,PG,24,5,86,11,41,0.268,3,13,0.231,8,28,0.286,0.305,7,11,0.636,2,8,10,12,8,2,7,8,32,OOR
Danny Green,SG,30,70,1791,217,561,0.387,116,320,0.363,101,241,0.419,0.49,50,65,0.769,41,208,249,110,63,80,74,122,600,OOR
Draymond Green,PF,27,70,2287,281,619,0.454,77,256,0.301,204,363,0.562,0.516,134,173,0.775,75,460,535,508,95,91,202,185,773,OOR
Gerald Green,SG,32,41,929,168,413,0.407,110,298,0.369,58,115,0.504,0.54,51,60,0.85,15,118,133,25,24,15,31,87,497,OOR
JaMychal Green,PF,27,55,1542,223,488,0.457,43,127,0.339,180,361,0.499,0.501,80,111,0.721,147,317,464,79,32,25,76,153,569,OOR
Jeff Green,PF,31,78,1828,295,618,0.477,53,170,0.312,242,448,0.54,0.52,203,234,0.868,60,186,246,99,41,34,75,149,846,OOR
Blake Griffin,PF,28,58,1970,436,996,0.438,111,322,0.345,325,674,0.482,0.493,259,330,0.785,73,355,428,334,41,18,165,139,1242,OOR
Daniel Hamilton,SG,22,6,28,5,11,0.455,2,5,0.4,3,6,0.5,0.545,0,0,0.0,0,5,5,8,1,0,2,2,12,OOR
Tim Hardaway Jr.,SG,25,57,1885,360,856,0.421,130,410,0.317,230,446,0.516,0.496,146,179,0.816,32,192,224,155,62,10,92,123,996,OOR
James Harden,SG,28,72,2551,651,1449,0.449,265,722,0.367,386,727,0.531,0.541,624,727,0.858,41,348,389,630,126,50,315,169,2191,MVP
Maurice Harkless,SF,24,59,1264,147,297,0.495,49,118,0.415,98,179,0.547,0.577,42,59,0.712,46,116,162,53,48,43,40,103,385,OOR
Montrezl Harrell,C,24,76,1293,348,548,0.635,1,7,0.143,347,541,0.641,0.636,139,222,0.626,103,203,306,74,36,52,68,143,836,OOR
Devin Harris,PG,34,71,1340,187,454,0.412,79,227,0.348,108,227,0.476,0.499,142,170,0.835,12,115,127,152,47,12,76,158,595,OOR
Gary Harris,SG,23,67,2304,440,908,0.485,156,394,0.396,284,514,0.553,0.57,134,162,0.827,37,139,176,194,122,15,119,119,1170,OOR
Joe Harris,SG,26,78,1975,305,621,0.491,150,358,0.419,155,263,0.589,0.612,86,104,0.827,51,209,260,128,35,20,91,153,846,OOR
Tobias Harris,PF,25,80,2668,562,1221,0.46,183,445,0.411,379,776,0.488,0.535,179,216,0.829,58,379,437,192,71,35,105,164,1486,OOR
Aaron Harrison,SG,23,9,233,19,69,0.275,9,43,0.209,10,26,0.385,0.341,13,17,0.765,4,20,24,11,9,2,3,27,60,OOR
Andrew Harrison,PG,23,56,1326,181,429,0.422,47,142,0.331,134,287,0.467,0.477,124,159,0.78,23,108,131,177,38,26,81,138,533,OOR
Shaquille Harrison,PG,24,23,384,59,124,0.476,6,26,0.231,53,98,0.541,0.5,28,38,0.737,9,52,61,55,26,7,22,42,152,OOR
Josh Hart,SG,22,63,1461,176,375,0.469,78,197,0.396,98,178,0.551,0.573,66,94,0.702,42,221,263,80,47,16,47,107,496,OOR
Udonis Haslem,C,37,14,72,3,15,0.2,1,8,0.125,2,7,0.286,0.233,1,2,0.5,3,7,10,5,0,2,2,3,8,OOR
Nigel Hayes,SF,23,9,122,11,33,0.333,4,16,0.25,7,17,0.412,0.394,1,3,0.333,4,18,22,6,2,3,2,8,27,OOR
Gordon Hayward,SF,27,1,5,1,2,0.5,0,1,0.0,1,1,1.0,0.5,0,0,0.0,0,1,1,0,0,0,0,1,2,OOR
Reggie Hearn,SG,26,3,7,1,2,0.5,1,2,0.5,0,0,0.0,0.75,0,0,0.0,0,0,0,0,0,0,0,0,3,OOR
Myke Henry,SF,25,20,378,41,109,0.376,19,58,0.328,22,51,0.431,0.463,6,10,0.6,10,28,38,22,31,6,19,28,107,OOR
John Henson,C,27,76,1970,287,502,0.572,1,7,0.143,286,495,0.578,0.573,90,158,0.57,150,363,513,114,45,109,84,202,665,OOR
Juan Hernangómez,PF,22,25,277,29,75,0.387,14,50,0.28,15,25,0.6,0.48,10,12,0.833,18,36,54,12,6,3,9,25,82,OOR
Willy Hernangómez,C,23,48,495,91,164,0.555,5,12,0.417,86,152,0.566,0.57,59,90,0.656,61,122,183,33,18,16,35,64,246,OOR
Mario Hezonja,SF,22,75,1657,273,617,0.442,90,267,0.337,183,350,0.523,0.515,86,105,0.819,41,240,281,106,81,31,86,134,722,OOR
Isaiah Hicks,PF,23,18,240,33,72,0.458,2,9,0.222,31,63,0.492,0.472,12,18,0.667,10,31,41,16,2,4,16,45,80,OOR
Buddy Hield,SG,25,80,2024,416,933,0.446,176,408,0.431,240,525,0.457,0.54,71,81,0.877,55,252,307,155,85,22,124,148,1079,OOR
Nenê,C,35,52,758,136,239,0.569,0,2,0.0,136,237,0.574,0.569,68,107,0.636,54,122,176,45,28,14,38,123,340,OOR
George Hill,PG,31,67,1812,236,513,0.46,85,205,0.415,151,308,0.49,0.543,110,140,0.786,42,139,181,186,61,27,88,128,667,OOR
Solomon Hill,SF,26,12,187,11,41,0.268,4,21,0.19,7,20,0.35,0.317,3,6,0.5,9,27,36,22,7,1,9,22,29,OOR
Darrun Hilliard,SG,24,14,95,5,19,0.263,0,6,0.0,5,13,0.385,0.263,6,7,0.857,0,7,7,11,2,0,4,7,16,OOR
Jrue Holiday,SG,27,81,2927,615,1244,0.494,120,356,0.337,495,888,0.557,0.543,187,238,0.786,62,303,365,486,123,64,213,201,1537,OOR
Justin Holiday,SG,28,72,2265,290,782,0.371,161,449,0.359,129,333,0.387,0.474,135,164,0.823,31,260,291,153,80,31,93,134,876,OOR
John Holland,SF,29,24,174,17,59,0.288,11,36,0.306,6,23,0.261,0.381,9,13,0.692,6,18,24,5,7,2,8,10,54,OOR
Rondae Hollis-Jefferson,SF,23,68,1920,342,724,0.472,13,54,0.241,329,670,0.491,0.481,249,316,0.788,101,358,459,167,65,48,121,145,946,OOR
Richaun Holmes,C,24,48,746,135,241,0.56,4,31,0.129,131,210,0.624,0.568,37,56,0.661,57,154,211,61,20,29,25,97,311,OOR
Rodney Hood,SG,25,60,1616,322,751,0.429,127,333,0.381,195,418,0.467,0.513,111,129,0.86,22,143,165,95,45,12,70,105,882,OOR
Scotty Hopson,SG,28,1,8,0,1,0.0,0,0,0.0,0,1,0.0,0.0,1,2,0.5,0,0,0,1,0,0,1,0,1,OOR
Al Horford,C,31,72,2277,368,753,0.489,97,226,0.429,271,527,0.514,0.553,94,120,0.783,103,427,530,339,43,78,132,138,927,OOR
Danuel House,SG,24,23,403,56,129,0.434,15,58,0.259,41,71,0.577,0.492,25,31,0.806,13,63,76,25,7,6,11,23,152,OOR
Dwight Howard,C,32,81,2463,506,911,0.555,1,7,0.143,505,904,0.559,0.556,334,582,0.574,255,757,1012,105,48,131,208,249,1347,OOR
Josh Huestis,PF,26,69,982,60,182,0.33,33,115,0.287,27,67,0.403,0.42,6,20,0.3,42,119,161,20,15,43,26,82,159,OOR
R.J. Hunter,SG,24,5,45,7,20,0.35,3,14,0.214,4,6,0.667,0.425,2,2,1.0,0,5,5,3,3,0,2,7,19,OOR
Vince Hunter,PF,23,4,7,3,5,0.6,0,0,0.0,3,5,0.6,0.6,0,0,0.0,2,1,3,0,0,1,1,0,6,OOR
Serge Ibaka,PF,28,76,2093,379,784,0.483,107,297,0.36,272,487,0.559,0.552,94,118,0.797,78,400,478,62,29,99,90,209,959,OOR
Andre Iguodala,SF,34,64,1622,148,320,0.463,33,117,0.282,115,203,0.567,0.514,55,87,0.632,50,196,246,210,54,38,67,99,384,OOR
Ersan İlyasova,PF,30,69,1729,277,613,0.452,91,253,0.36,186,360,0.517,0.526,105,135,0.778,118,287,405,90,61,26,72,157,750,OOR
Joe Ingles,SF,30,82,2578,335,718,0.467,204,464,0.44,131,254,0.516,0.609,66,83,0.795,24,320,344,392,90,20,159,178,940,OOR
Andre Ingram,SG,32,2,64,8,17,0.471,5,9,0.556,3,8,0.375,0.618,3,3,1.0,1,5,6,7,3,3,3,3,24,OOR
Brandon Ingram,SF,20,59,1975,358,761,0.47,41,105,0.39,317,656,0.483,0.497,192,282,0.681,57,257,314,230,45,43,149,163,949,OOR
Kyrie Irving,PG,25,60,1931,534,1087,0.491,166,407,0.408,368,680,0.541,0.568,232,261,0.889,33,194,227,306,65,17,140,122,1466,OOR
Jonathan Isaac,PF,20,27,536,55,145,0.379,16,46,0.348,39,99,0.394,0.434,19,25,0.76,16,83,99,18,33,30,27,48,145,OOR
Wesley Iwundu,SF,23,62,1020,93,218,0.427,9,46,0.196,84,172,0.488,0.447,34,47,0.723,36,101,137,57,33,12,30,81,229,OOR
Jarrett Jack,PG,34,62,1548,189,443,0.427,25,86,0.291,164,357,0.459,0.455,63,75,0.84,22,169,191,348,35,4,115,98,466,OOR
Aaron Jackson,PG,31,1,35,3,9,0.333,1,4,0.25,2,5,0.4,0.389,1,2,0.5,2,1,3,1,0,0,1,4,8,OOR
Demetrius Jackson,PG,23,15,80,7,18,0.389,1,7,0.143,6,11,0.545,0.417,1,2,0.5,5,7,12,9,5,1,10,7,16,OOR
Josh Jackson,SF,20,77,1959,389,932,0.417,57,217,0.263,332,715,0.464,0.448,177,279,0.634,95,256,351,119,80,35,146,218,1012,OOR
Justin Jackson,SF,22,68,1506,185,419,0.442,57,185,0.308,128,234,0.547,0.51,26,36,0.722,27,160,187,74,28,13,40,81,453,OOR
Reggie Jackson,PG,27,45,1201,246,577,0.426,52,169,0.308,194,408,0.475,0.471,112,134,0.836,29,96,125,238,27,4,99,87,656,OOR
LeBron James,PF,33,82,3026,857,1580,0.542,149,406,0.367,708,1174,0.603,0.59,388,531,0.731,97,612,709,747,116,71,347,136,2251,Candidate
Mike James,PG,27,36,687,123,321,0.383,26,98,0.265,97,223,0.435,0.424,64,84,0.762,13,77,90,126,28,7,49,48,336,OOR
Al Jefferson,C,33,36,484,111,208,0.534,0,3,0.0,111,205,0.541,0.534,30,36,0.833,30,113,143,30,16,23,21,66,252,OOR
Richard Jefferson,SF,37,20,163,12,27,0.444,2,7,0.286,10,20,0.5,0.481,4,7,0.571,2,15,17,15,2,1,5,11,30,OOR
Brandon Jennings,PG,28,14,205,27,72,0.375,9,33,0.273,18,39,0.462,0.438,10,10,1.0,5,26,31,44,6,4,18,11,73,OOR
Jonas Jerebko,PF,30,74,1134,159,341,0.466,65,157,0.414,94,184,0.511,0.562,46,57,0.807,53,193,246,42,24,12,27,127,429,OOR
Amir Johnson,C,30,74,1171,140,260,0.538,10,32,0.313,130,228,0.57,0.558,52,85,0.612,123,207,330,118,45,44,55,192,342,OOR
Brice Johnson,PF,23,18,98,20,42,0.476,0,1,0.0,20,41,0.488,0.476,3,5,0.6,9,22,31,2,9,6,5,13,43,OOR
Dakari Johnson,C,22,31,161,22,39,0.564,0,0,0.0,22,39,0.564,0.564,11,20,0.55,16,18,34,8,6,8,3,27,55,OOR
James Johnson,PF,30,73,1943,309,614,0.503,57,185,0.308,252,429,0.587,0.55,113,162,0.698,61,297,358,280,70,51,141,192,788,OOR
Joe Johnson,SF,36,55,1205,146,360,0.406,40,145,0.276,106,215,0.493,0.461,40,45,0.889,14,158,172,83,18,7,49,67,372,OOR
Omari Johnson,PF,28,4,75,9,21,0.429,4,12,0.333,5,9,0.556,0.524,0,0,0.0,4,7,11,7,2,0,3,6,22,OOR
Stanley Johnson,SF,21,69,1894,210,560,0.375,67,234,0.286,143,326,0.439,0.435,112,145,0.772,33,219,252,112,95,14,77,169,599,OOR
Tyler Johnson,PG,25,72,2052,309,711,0.435,119,324,0.367,190,387,0.491,0.518,106,129,0.822,34,214,248,165,60,34,81,148,843,OOR
Wesley Johnson,SF,30,74,1486,150,368,0.408,60,177,0.339,90,191,0.471,0.489,43,58,0.741,29,187,216,61,76,62,55,146,403,OOR
Nikola Jokić,C,22,75,2443,504,1010,0.499,111,280,0.396,393,730,0.538,0.554,266,313,0.85,195,608,803,458,90,61,210,212,1385,OOR
Damian Jones,C,22,15,89,11,22,0.5,0,0,0.0,11,22,0.5,0.5,3,5,0.6,5,9,14,2,1,3,4,14,25,OOR
Derrick Jones Jr.,SF,20,20,245,21,53,0.396,3,18,0.167,18,35,0.514,0.425,16,24,0.667,21,17,38,9,4,13,7,24,61,OOR
Jalen Jones,SF,24,16,181,26,68,0.382,10,26,0.385,16,42,0.381,0.456,12,19,0.632,13,25,38,4,5,1,7,22,74,OOR
Tyus Jones,PG,21,82,1467,150,328,0.457,45,129,0.349,105,199,0.528,0.526,71,81,0.877,16,116,132,232,95,6,59,110,416,OOR
DeAndre Jordan,C,29,77,2424,373,578,0.645,0,0,0.0,373,578,0.645,0.645,181,312,0.58,329,842,1171,117,39,71,137,203,927,OOR
Cory Joseph,PG,26,82,2210,256,604,0.424,67,190,0.353,189,414,0.457,0.479,70,94,0.745,39,224,263,260,80,18,87,141,649,OOR
Frank Kaminsky,PF,24,79,1835,307,716,0.429,104,274,0.38,203,442,0.459,0.501,155,194,0.799,46,242,288,129,36,19,66,95,873,OOR
Enes Kanter,C,25,71,1830,422,713,0.592,0,2,0.0,422,711,0.594,0.592,156,184,0.848,273,507,780,105,36,37,122,187,1000,OOR
Luke Kennard,SG,21,73,1463,206,465,0.443,81,195,0.415,125,270,0.463,0.53,65,76,0.855,21,155,176,124,44,13,69,86,558,OOR
Michael Kidd-Gilchrist,SF,24,74,1850,282,560,0.504,0,2,0.0,282,558,0.505,0.504,117,171,0.684,84,218,302,71,51,32,53,143,681,OOR
Sean Kilpatrick,SG,28,52,640,110,294,0.374,46,144,0.319,64,150,0.427,0.452,64,72,0.889,5,82,87,46,13,5,38,33,330,OOR
Maxi Kleber,PF,26,72,1206,151,309,0.489,40,128,0.313,111,181,0.613,0.553,44,59,0.746,71,163,234,51,26,47,30,114,386,OOR
Furkan Korkmaz,SG,20,14,80,8,28,0.286,5,17,0.294,3,11,0.273,0.375,2,4,0.5,2,9,11,4,2,1,2,12,23,OOR
Luke Kornet,PF,22,20,326,49,125,0.392,28,79,0.354,21,46,0.457,0.504,8,11,0.727,11,53,64,26,6,16,12,28,134,OOR
Kyle Korver,SG,36,73,1574,222,484,0.459,164,376,0.436,58,108,0.537,0.628,64,72,0.889,9,156,165,88,31,27,55,130,672,OOR
Kosta Koufos,C,28,71,1391,222,389,0.571,0,0,0.0,222,389,0.571,0.571,33,74,0.446,149,323,472,87,47,32,49,146,477,OOR
Kyle Kuzma,PF,22,77,2401,468,1039,0.45,159,434,0.366,309,605,0.511,0.527,147,208,0.707,88,395,483,141,49,34,140,160,1242,OOR
Mindaugas Kuzminskas,SF,28,1,2,0,2,0.0,0,0,0.0,0,2,0.0,0.0,0,0,0.0,0,0,0,0,0,0,0,0,0,OOR
Skal Labissière,PF,21,60,1240,205,458,0.448,18,51,0.353,187,407,0.459,0.467,95,118,0.805,99,189,288,72,25,49,73,132,523,OOR
Jeremy Lamb,SG,25,80,1967,380,832,0.457,94,254,0.37,286,578,0.495,0.513,179,208,0.861,49,275,324,186,61,32,93,138,1033,OOR
Shane Larkin,PG,25,54,775,84,219,0.384,31,86,0.36,53,133,0.398,0.454,32,37,0.865,15,77,92,98,29,2,33,58,231,OOR
Joffrey Lauvergne,C,26,55,534,98,190,0.516,0,5,0.0,98,185,0.53,0.516,30,47,0.638,63,108,171,41,9,3,33,45,226,OOR
Zach LaVine,SG,22,24,656,136,355,0.383,42,123,0.341,94,232,0.405,0.442,87,107,0.813,9,85,94,72,24,4,43,55,401,OOR
Jake Layman,SF,23,35,160,14,47,0.298,4,20,0.2,10,27,0.37,0.34,2,3,0.667,4,12,16,11,6,4,5,13,34,OOR
T.J. Leaf,PF,20,53,459,64,136,0.471,18,42,0.429,46,94,0.489,0.537,10,16,0.625,29,53,82,9,5,4,10,45,156,OOR
Courtney Lee,SG,32,76,2310,343,755,0.454,113,278,0.406,230,477,0.482,0.529,114,124,0.919,30,194,224,180,80,17,84,109,913,OOR
Damion Lee,SG,25,15,404,62,152,0.408,15,60,0.25,47,92,0.511,0.457,22,29,0.759,11,60,71,29,19,1,14,25,161,OOR
Walt Lemon Jr.,PG,25,5,35,7,16,0.438,1,1,1.0,6,15,0.4,0.469,2,3,0.667,0,2,2,5,0,1,4,5,17,OOR
Alex Len,C,24,69,1395,214,378,0.566,1,3,0.333,213,375,0.568,0.567,158,231,0.684,175,343,518,82,27,61,78,158,587,OOR
Kawhi Leonard,SF,26,9,210,52,111,0.468,11,35,0.314,41,76,0.539,0.518,31,38,0.816,6,36,42,21,18,9,16,9,146,OOR
Meyers Leonard,C,25,33,254,46,78,0.59,11,26,0.423,35,52,0.673,0.66,9,11,0.818,12,58,70,17,7,0,10,36,112,OOR
Jon Leuer,PF,28,8,136,15,36,0.417,0,3,0.0,15,33,0.455,0.417,13,15,0.867,7,25,32,5,1,3,7,16,43,OOR
Caris LeVert,SF,23,71,1864,320,735,0.435,85,245,0.347,235,490,0.48,0.493,133,187,0.711,53,207,260,299,82,22,153,159,858,OOR
DeAndre Liggins,SG,29,58,724,40,106,0.377,19,53,0.358,21,53,0.396,0.467,2,5,0.4,7,68,75,48,37,14,20,81,101,OOR
Damian Lillard,PG,27,73,2670,621,1415,0.439,227,629,0.361,394,786,0.501,0.519,493,538,0.916,62,263,325,481,77,27,206,117,1962,Candidate
Jeremy Lin,PG,29,1,25,5,12,0.417,1,2,0.5,4,10,0.4,0.458,7,7,1.0,0,0,0,4,0,0,3,3,18,OOR
Shaun Livingston,PG,32,71,1129,172,343,0.501,0,5,0.0,172,338,0.509,0.501,50,61,0.82,32,99,131,140,35,21,58,117,394,OOR
Kevon Looney,C,21,66,910,112,193,0.58,1,5,0.2,111,188,0.59,0.583,42,77,0.545,83,132,215,42,34,56,31,106,267,OOR
Brook Lopez,C,29,74,1735,369,793,0.465,112,325,0.345,257,468,0.549,0.536,111,158,0.703,74,220,294,126,30,98,98,195,961,OOR
Robin Lopez,C,29,64,1690,342,645,0.53,4,14,0.286,338,631,0.536,0.533,68,90,0.756,134,156,290,124,14,53,107,109,756,OOR
Kevin Love,C,29,59,1651,334,729,0.458,137,330,0.415,197,399,0.494,0.552,234,266,0.88,101,445,546,103,43,24,90,120,1039,OOR
Kyle Lowry,PG,31,78,2510,403,944,0.427,238,596,0.399,165,348,0.474,0.553,223,261,0.854,66,368,434,537,85,19,183,192,1267,OOR
Timothé Luwawu-Cabarrot,SF,22,52,807,100,267,0.375,53,158,0.335,47,109,0.431,0.474,46,58,0.793,14,58,72,54,12,5,38,97,299,OOR
Tyler Lydon,PF,21,1,2,0,0,0.0,0,0,0.0,0,0,0.0,0.0,0,0,0.0,0,0,0,0,0,0,0,0,0,OOR
Trey Lyles,PF,22,73,1391,270,550,0.491,83,218,0.381,187,332,0.563,0.566,101,143,0.706,55,292,347,91,30,34,61,111,724,OOR
Shelvin Mack,PG,27,69,1365,178,414,0.43,48,139,0.345,130,275,0.473,0.488,69,97,0.711,23,143,166,272,54,8,89,91,473,OOR
Josh Magette,PG,28,18,216,15,46,0.326,8,22,0.364,7,24,0.292,0.413,8,8,1.0,2,17,19,57,8,1,9,16,46,OOR
Ian Mahinmi,C,31,77,1145,138,248,0.556,0,2,0.0,138,246,0.561,0.556,90,128,0.703,135,177,312,53,38,42,100,230,366,OOR
Thon Maker,C,20,74,1238,130,316,0.411,31,104,0.298,99,212,0.467,0.46,65,93,0.699,75,150,225,46,38,53,44,162,356,OOR
Boban Marjanović,C,29,39,337,79,148,0.534,0,0,0.0,79,148,0.534,0.534,77,97,0.794,48,96,144,22,10,11,36,51,235,OOR
Lauri Markkanen,PF,20,68,2020,374,862,0.434,145,401,0.362,229,461,0.497,0.518,140,166,0.843,79,429,508,79,39,40,83,103,1033,OOR
Jarell Martin,PF,23,73,1661,221,496,0.446,34,98,0.347,187,398,0.47,0.48,89,116,0.767,97,221,318,73,39,49,86,211,565,OOR
Frank Mason III,PG,23,52,984,144,380,0.379,31,86,0.36,113,294,0.384,0.42,94,115,0.817,30,100,130,147,34,10,65,72,413,OOR
Mangok Mathiang,C,25,4,20,4,7,0.571,0,0,0.0,4,7,0.571,0.571,0,1,0.0,3,7,10,0,1,0,0,5,8,OOR
Wesley Matthews,SF,31,63,2131,283,697,0.406,153,402,0.381,130,295,0.441,0.516,83,101,0.822,28,170,198,172,76,16,83,140,802,OOR
Luc Mbah a Moute,PF,31,61,1564,166,345,0.481,63,173,0.364,103,172,0.599,0.572,65,95,0.684,22,164,186,55,72,25,68,100,460,OOR
James Michael McAdoo,PF,25,3,18,2,7,0.286,2,7,0.286,0,0,0.0,0.429,2,2,1.0,0,2,2,0,0,1,1,1,8,OOR
Patrick McCaw,SG,22,57,961,92,225,0.409,19,80,0.238,73,145,0.503,0.451,26,34,0.765,16,66,82,81,43,10,41,67,229,OOR
CJ McCollum,SG,26,81,2923,667,1505,0.443,189,476,0.397,478,1029,0.465,0.506,209,250,0.836,53,268,321,272,77,35,151,168,1732,OOR
T.J. McConnell,PG,25,76,1706,210,421,0.499,27,62,0.435,183,359,0.51,0.531,31,39,0.795,37,189,226,303,92,13,112,122,478,OOR
Erik McCree,SF,24,4,8,0,2,0.0,0,1,0.0,0,1,0.0,0.0,0,0,0.0,0,1,1,0,1,0,1,0,0,OOR
Chris McCullough,PF,22,19,90,18,42,0.429,1,8,0.125,17,34,0.5,0.44,9,14,0.643,7,18,25,4,0,5,2,8,46,OOR
Doug McDermott,SF,26,81,1768,237,508,0.467,92,216,0.426,145,292,0.497,0.557,64,81,0.79,40,160,200,79,19,16,56,122,630,OOR
JaVale McGee,C,30,65,615,136,219,0.621,0,6,0.0,136,213,0.638,0.621,38,52,0.731,59,110,169,33,21,57,27,91,310,OOR
Rodney McGruder,SG,26,18,299,36,73,0.493,15,35,0.429,21,38,0.553,0.596,4,8,0.5,11,22,33,17,8,3,4,21,91,OOR
Trey McKinney-Jones,SG,27,1,1,0,0,0.0,0,0,0.0,0,0,0.0,0.0,0,0,0.0,0,0,0,0,0,0,0,0,0,OOR
Alfonzo McKinnie,SF,25,14,53,8,15,0.533,3,9,0.333,5,6,0.833,0.633,2,3,0.667,1,6,7,1,1,1,3,8,21,OOR
Ben McLemore,SG,24,56,1091,157,373,0.421,55,159,0.346,102,214,0.477,0.495,53,64,0.828,34,105,139,51,38,15,61,139,422,OOR
Josh McRoberts,PF,30,2,6,0,1,0.0,0,1,0.0,0,0,0.0,0.0,0,0,0.0,0,0,0,0,0,0,0,2,0,OOR
Jodie Meeks,SG,30,77,1119,157,393,0.399,72,210,0.343,85,183,0.464,0.491,101,117,0.863,15,111,126,70,29,4,37,55,487,OOR
Salah Mejri,C,31,61,729,88,137,0.642,0,3,0.0,88,134,0.657,0.642,38,66,0.576,85,161,246,35,22,67,39,121,214,OOR
Jordan Mickey,PF,23,23,284,39,82,0.476,2,16,0.125,37,66,0.561,0.488,13,19,0.684,18,63,81,9,6,10,18,36,93,OOR
Khris Middleton,SF,26,82,2982,593,1272,0.466,146,407,0.359,447,865,0.517,0.524,320,362,0.884,45,384,429,328,119,21,191,270,1652,OOR
C.J. Miles,SF,30,70,1337,227,599,0.379,164,454,0.361,63,145,0.434,0.516,81,97,0.835,18,134,152,55,37,21,39,134,699,OOR
Darius Miller,SF,27,82,1944,216,487,0.444,147,358,0.411,69,129,0.535,0.594,58,67,0.866,18,146,164,111,28,17,58,160,637,OOR
Malcolm Miller,SF,24,15,126,13,28,0.464,8,21,0.381,5,7,0.714,0.607,4,4,1.0,4,11,15,3,1,2,5,10,38,OOR
Patty Mills,PG,29,82,2107,280,682,0.411,154,414,0.372,126,268,0.47,0.523,105,118,0.89,26,128,154,229,55,11,106,128,819,OOR
Paul Millsap,PF,32,38,1143,202,435,0.464,39,113,0.345,163,322,0.506,0.509,112,161,0.696,65,180,245,105,39,44,73,99,555,OOR
Nikola Mirotić,PF,26,55,1494,306,684,0.447,135,358,0.377,171,326,0.525,0.546,112,137,0.818,59,346,405,80,44,39,62,108,859,OOR
Donovan Mitchell,SG,21,79,2638,595,1362,0.437,187,550,0.34,408,812,0.502,0.506,239,297,0.805,52,244,296,291,118,27,215,213,1616,OOR
Naz Mitrou-Long,SG,24,1,1,1,1,1.0,1,1,1.0,0,0,0.0,1.5,0,0,0.0,0,0,0,0,0,0,0,0,3,OOR
Malik Monk,SG,19,63,854,153,425,0.36,83,243,0.342,70,182,0.385,0.458,32,38,0.842,8,58,66,91,20,9,49,60,421,OOR
Greg Monroe,C,27,51,1040,218,386,0.565,0,0,0.0,218,386,0.565,0.565,88,119,0.739,109,241,350,114,44,23,94,95,524,OOR
Luis Montero,SG,24,2,8,0,1,0.0,0,0,0.0,0,1,0.0,0.0,0,0,0.0,0,2,2,0,0,0,2,0,0,OOR
Ben Moore,PF,22,2,9,0,0,0.0,0,0,0.0,0,0,0.0,0.0,0,0,0.0,0,1,1,1,0,0,0,4,0,OOR
E'Twaun Moore,SG,28,82,2586,423,832,0.508,128,301,0.425,295,531,0.556,0.585,48,68,0.706,57,181,238,187,79,12,102,182,1022,OOR
Eric Moreland,PF,26,67,805,66,122,0.541,0,0,0.0,66,122,0.541,0.541,11,29,0.379,81,197,278,78,31,51,42,116,143,OOR
Jaylen Morris,SG,22,6,98,13,32,0.406,2,10,0.2,11,22,0.5,0.438,0,0,0.0,2,14,16,7,2,1,6,2,28,OOR
Marcus Morris,PF,28,54,1442,262,611,0.429,86,234,0.368,176,377,0.467,0.499,124,154,0.805,43,246,289,72,35,12,65,100,734,OOR
Markieff Morris,PF,28,73,1968,330,687,0.48,76,207,0.367,254,480,0.529,0.536,105,128,0.82,75,334,409,142,56,38,127,216,841,OOR
Monte Morris,PG,22,3,25,4,6,0.667,0,1,0.0,4,5,0.8,0.667,2,2,1.0,0,2,2,7,3,0,1,1,10,OOR
Johnathan Motley,PF,22,11,176,40,75,0.533,1,6,0.167,39,69,0.565,0.54,15,28,0.536,14,35,49,7,3,2,9,18,96,OOR
Timofey Mozgov,C,31,31,359,52,93,0.559,4,18,0.222,48,75,0.64,0.581,23,30,0.767,32,66,98,11,5,13,33,39,131,OOR
Emmanuel Mudiay,PG,21,64,1245,204,526,0.388,47,148,0.318,157,378,0.415,0.433,98,129,0.76,26,126,152,206,41,11,113,80,553,OOR
Shabazz Muhammad,SF-SG,25,43,418,84,188,0.447,7,27,0.259,77,161,0.478,0.465,39,50,0.78,23,53,76,14,9,3,6,30,214,OOR
Xavier Munford,SG,25,6,21,1,6,0.167,0,2,0.0,1,4,0.25,0.167,1,2,0.5,1,0,1,4,1,0,2,4,3,OOR
Dejounte Murray,PG,21,81,1743,270,609,0.443,9,34,0.265,261,575,0.454,0.451,105,148,0.709,110,349,459,231,97,31,134,151,654,OOR
Jamal Murray,PG,20,81,2565,479,1062,0.451,165,436,0.378,314,626,0.502,0.529,229,253,0.905,82,215,297,274,79,28,172,173,1352,OOR
Mike Muscala,C,26,53,1060,143,312,0.458,62,167,0.371,81,145,0.559,0.558,57,62,0.919,56,174,230,51,31,27,42,80,405,OOR
Abdel Nader,SF,24,48,522,50,149,0.336,23,65,0.354,27,84,0.321,0.413,23,39,0.59,13,58,71,26,15,10,34,45,146,OOR
Larry Nance Jr.,C,25,66,1421,240,413,0.581,2,12,0.167,238,401,0.594,0.584,91,137,0.664,161,291,452,82,88,38,51,172,573,OOR
Shabazz Napier,PG,26,74,1535,223,531,0.42,82,218,0.376,141,313,0.45,0.497,116,138,0.841,26,144,170,150,81,14,90,84,644,OOR
Jameer Nelson,PG,35,50,1013,95,244,0.389,41,124,0.331,54,120,0.45,0.473,16,20,0.8,13,91,104,179,27,4,67,81,247,OOR
Raul Neto,PG,25,41,498,69,151,0.457,19,47,0.404,50,104,0.481,0.52,26,35,0.743,7,42,49,75,13,4,36,38,183,OOR
Georges Niang,PF,24,9,32,4,11,0.364,0,4,0.0,4,7,0.571,0.364,1,2,0.5,3,6,9,3,2,0,3,1,9,OOR
Joakim Noah,C,32,7,40,5,10,0.5,0,0,0.0,5,10,0.5,0.5,2,4,0.5,6,8,14,4,2,2,4,5,12,OOR
Nerlens Noel,C,23,30,472,55,105,0.524,0,1,0.0,55,104,0.529,0.524,21,28,0.75,48,120,168,20,31,22,26,59,131,OOR
Lucas Nogueira,C,25,49,418,49,80,0.613,5,19,0.263,44,61,0.721,0.644,19,28,0.679,18,69,87,22,23,43,16,49,122,OOR
Dirk Nowitzki,C,39,77,1900,346,758,0.456,138,337,0.409,208,421,0.494,0.547,97,108,0.898,22,416,438,120,43,45,51,146,927,OOR
Frank Ntilikina,PG,19,78,1706,182,500,0.364,50,157,0.318,132,343,0.385,0.414,49,68,0.721,37,140,177,250,65,18,131,181,463,OOR
Jusuf Nurkić,C,23,79,2088,480,951,0.505,0,7,0.0,480,944,0.508,0.505,172,273,0.63,189,519,708,143,64,111,183,247,1132,OOR
David Nwaba,SG,25,70,1646,202,423,0.478,18,52,0.346,184,371,0.496,0.499,133,203,0.655,89,237,326,104,59,29,77,158,555,OOR
Johnny O'Bryant,PF,24,36,379,68,171,0.398,14,43,0.326,54,128,0.422,0.439,21,25,0.84,29,64,93,14,9,6,15,45,171,OOR
Royce O'Neale,SF,24,69,1150,120,284,0.423,42,118,0.356,78,166,0.47,0.496,61,76,0.803,25,211,236,95,36,16,55,105,343,OOR
Kyle O'Quinn,C,27,77,1387,224,384,0.583,4,17,0.235,220,367,0.599,0.589,98,127,0.772,121,349,470,158,36,98,100,192,550,OOR
Semi Ojeleye,PF,23,73,1150,65,188,0.346,40,125,0.32,25,63,0.397,0.452,25,41,0.61,37,124,161,20,21,4,25,91,195,OOR
Emeka Okafor,C,35,26,353,48,95,0.505,0,0,0.0,48,95,0.505,0.505,18,22,0.818,47,73,120,8,8,25,13,30,114,OOR
Jahlil Okafor,C,22,28,353,77,138,0.558,1,4,0.25,76,134,0.567,0.562,21,29,0.724,21,64,85,12,3,18,21,51,176,OOR
Victor Oladipo,SG,25,75,2552,640,1342,0.477,161,434,0.371,479,908,0.528,0.537,294,368,0.799,47,343,390,323,177,57,219,175,1735,OOR
Kelly Olynyk,PF,26,76,1779,316,636,0.497,106,280,0.379,210,356,0.59,0.58,134,174,0.77,89,342,431,207,62,35,147,222,872,OOR
Chinanu Onuaku,C,21,1,22,2,5,0.4,0,0,0.0,2,5,0.4,0.4,0,0,0.0,1,3,4,1,0,0,3,4,4,OOR
Cedi Osman,SF,22,61,672,90,186,0.484,32,87,0.368,58,99,0.586,0.57,26,46,0.565,19,101,120,41,22,3,32,78,238,OOR
Kelly Oubre Jr.,SF,22,81,2231,318,790,0.403,126,369,0.341,192,421,0.456,0.482,191,233,0.82,59,304,363,98,80,35,90,234,953,OOR
Zaza Pachulia,C,33,69,972,149,264,0.564,0,1,0.0,149,263,0.567,0.564,75,93,0.806,89,232,321,109,38,17,72,122,373,OOR
Marcus Paige,PG,24,5,28,4,14,0.286,2,8,0.25,2,6,0.333,0.357,2,2,1.0,0,4,4,3,0,0,0,0,12,OOR
Georgios Papagiannis,C,20,17,122,18,42,0.429,0,0,0.0,18,42,0.429,0.429,0,0,0.0,13,24,37,9,4,6,8,12,36,OOR
Jabari Parker,PF,22,31,743,160,332,0.482,31,81,0.383,129,251,0.514,0.529,40,54,0.741,42,109,151,59,25,10,45,50,391,OOR
Tony Parker,PG,35,55,1071,178,388,0.459,10,37,0.27,168,351,0.479,0.472,55,78,0.705,7,88,95,195,28,1,68,52,421,OOR
Chandler Parsons,SF,29,36,691,108,234,0.462,51,121,0.421,57,113,0.504,0.571,17,27,0.63,14,76,90,69,18,11,35,53,284,OOR
Patrick Patterson,PF,28,82,1270,106,266,0.398,66,171,0.386,40,95,0.421,0.523,40,46,0.87,32,161,193,57,48,23,33,87,318,OOR
Justin Patton,C,20,1,4,1,2,0.5,0,0,0.0,1,2,0.5,0.5,0,0,0.0,0,0,0,0,1,0,0,1,2,OOR
Brandon Paul,SG,26,64,576,55,127,0.433,15,54,0.278,40,73,0.548,0.492,22,43,0.512,6,62,68,37,25,7,29,58,147,OOR
Chris Paul,PG,32,58,1847,367,798,0.46,144,379,0.38,223,419,0.532,0.55,203,221,0.919,37,276,313,457,96,14,128,141,1081,OOR
Adreian Payne,PF,26,5,43,7,10,0.7,2,3,0.667,5,7,0.714,0.8,5,6,0.833,2,7,9,0,2,0,2,6,21,OOR
Cameron Payne,PG,23,25,582,87,215,0.405,35,91,0.385,52,124,0.419,0.486,12,16,0.75,18,51,69,113,26,9,36,44,221,OOR
Elfrid Payton,PG,23,63,1808,329,667,0.493,30,92,0.326,299,575,0.52,0.516,109,168,0.649,64,210,274,393,83,22,168,147,797,OOR
Gary Payton II,PG,25,23,221,30,74,0.405,6,25,0.24,24,49,0.49,0.446,3,9,0.333,13,31,44,21,7,3,7,30,69,OOR
Kendrick Perkins,C,33,1,15,1,2,0.5,0,0,0.0,1,2,0.5,0.5,1,2,0.5,0,1,1,2,1,0,1,1,3,OOR
London Perrantes,PG,23,14,66,2,13,0.154,0,3,0.0,2,10,0.2,0.154,3,5,0.6,1,3,4,5,2,1,1,6,7,OOR
Alec Peters,PF,22,20,225,28,74,0.378,18,58,0.31,10,16,0.625,0.5,8,10,0.8,8,29,37,12,2,2,4,13,82,OOR
Marshall Plumlee,C,25,8,52,1,3,0.333,0,0,0.0,1,3,0.333,0.333,12,16,0.75,4,13,17,2,0,1,3,10,14,OOR
Mason Plumlee,C,27,74,1439,221,368,0.601,0,1,0.0,221,367,0.602,0.601,82,179,0.458,132,268,400,142,49,81,103,184,524,OOR
Miles Plumlee,C,29,55,918,105,180,0.583,0,0,0.0,105,180,0.583,0.583,27,60,0.45,77,151,228,45,17,30,63,79,237,OOR
Jakob Poeltl,C,22,82,1524,253,384,0.659,1,2,0.5,252,382,0.66,0.66,60,101,0.594,165,228,393,57,39,100,85,212,567,OOR
Quincy Pondexter,SF,29,23,196,14,49,0.286,3,22,0.136,11,27,0.407,0.316,14,17,0.824,8,19,27,9,8,2,11,24,45,OOR
Otto Porter,SF,24,77,2432,445,885,0.503,138,313,0.441,307,572,0.537,0.581,106,128,0.828,103,389,492,157,116,41,75,151,1134,OOR
Bobby Portis,PF,22,73,1643,382,811,0.471,80,223,0.359,302,588,0.514,0.52,120,156,0.769,159,339,498,123,50,23,103,130,964,OOR
Kristaps Porziņģis,PF,22,48,1553,390,889,0.439,90,228,0.395,300,661,0.454,0.489,218,275,0.793,62,254,316,57,36,115,93,141,1088,OOR
Dwight Powell,C,26,79,1672,255,430,0.593,28,84,0.333,227,346,0.656,0.626,133,185,0.719,135,309,444,91,67,32,59,186,671,OOR
Norman Powell,SG,24,70,1062,150,374,0.401,53,186,0.285,97,188,0.516,0.472,32,39,0.821,14,105,119,89,37,16,66,111,385,OOR
Alex Poythress,PF,24,25,104,11,26,0.423,4,11,0.364,7,15,0.467,0.5,0,0,0.0,7,10,17,2,3,1,2,16,26,OOR
Taurean Prince,SF,23,82,2464,415,975,0.426,176,457,0.385,239,518,0.461,0.516,152,180,0.844,50,339,389,214,85,42,191,168,1158,OOR
Jacob Pullen,PG,28,3,6,1,2,0.5,0,1,0.0,1,1,1.0,0.5,0,0,0.0,0,0,0,0,0,0,1,0,2,OOR
Rodney Purvis,SG,23,16,290,35,107,0.327,13,52,0.25,22,55,0.4,0.388,13,15,0.867,1,26,27,17,3,3,10,26,96,OOR
Zhou Qi,C,22,18,124,6,32,0.188,2,19,0.105,4,13,0.308,0.219,8,12,0.667,6,16,22,2,2,14,10,14,22,OOR
Tim Quarterman,SG,23,3,13,1,3,0.333,0,2,0.0,1,1,1.0,0.333,2,2,1.0,0,3,3,1,0,0,2,1,4,OOR
Ivan Rabb,PF,20,36,516,86,152,0.566,0,0,0.0,86,152,0.566,0.566,29,36,0.806,53,105,158,32,12,13,35,55,201,OOR
Julius Randle,C,23,82,2190,504,904,0.558,10,45,0.222,494,859,0.575,0.563,305,425,0.718,181,473,654,210,43,45,213,274,1323,OOR
Zach Randolph,PF,36,59,1508,361,763,0.473,51,147,0.347,310,616,0.503,0.507,84,107,0.785,97,300,397,127,42,10,116,119,857,OOR
Xavier Rathan-Mayes,SG,23,5,118,12,42,0.286,1,14,0.071,11,28,0.393,0.298,4,9,0.444,0,5,5,18,6,3,11,18,29,OOR
J.J. Redick,SG,33,70,2116,404,879,0.46,193,460,0.42,211,419,0.504,0.569,197,218,0.904,9,169,178,210,35,6,103,123,1198,OOR
Davon Reed,SG,22,21,242,22,76,0.289,11,38,0.289,11,38,0.289,0.362,8,12,0.667,2,37,39,13,10,2,10,17,63,OOR
Willie Reed,C,27,42,428,81,121,0.669,1,2,0.5,80,119,0.672,0.674,32,55,0.582,35,86,121,10,9,22,19,56,195,OOR
Josh Richardson,SF,24,81,2689,399,885,0.451,127,336,0.378,272,549,0.495,0.523,120,142,0.845,69,216,285,231,121,75,140,199,1045,OOR
Malachi Richardson,SG,22,26,324,30,90,0.333,12,40,0.3,18,50,0.36,0.4,17,22,0.773,5,29,34,13,10,1,10,27,89,OOR
Austin Rivers,SG,25,61,2057,341,805,0.424,136,360,0.378,205,445,0.461,0.508,102,159,0.642,27,118,145,242,74,16,109,152,920,OOR
Andre Roberson,SG,26,39,1037,87,162,0.537,8,36,0.222,79,126,0.627,0.562,12,38,0.316,75,110,185,46,45,35,30,89,194,OOR
Devin Robinson,SF,22,1,13,1,3,0.333,0,0,0.0,1,3,0.333,0.333,0,0,0.0,2,3,5,0,1,0,0,2,2,OOR
Glenn Robinson III,SF,24,23,338,36,85,0.424,14,34,0.412,22,51,0.431,0.506,9,11,0.818,11,26,37,17,13,1,5,14,95,OOR
Rajon Rondo,PG,31,65,1705,231,494,0.468,50,150,0.333,181,344,0.526,0.518,25,46,0.543,31,232,263,533,70,10,151,119,537,OOR
Derrick Rose,PG,29,25,420,81,186,0.435,7,30,0.233,74,156,0.474,0.454,40,46,0.87,13,22,35,37,7,4,35,16,209,OOR
Terrence Ross,SG,26,24,600,76,191,0.398,30,93,0.323,46,98,0.469,0.476,27,36,0.75,10,63,73,38,27,11,29,45,209,OOR
Terry Rozier,PG,23,80,2068,316,800,0.395,153,402,0.381,163,398,0.41,0.491,115,149,0.772,63,313,376,232,80,19,80,123,900,OOR
Ricky Rubio,PG,27,77,2254,346,827,0.418,96,273,0.352,250,554,0.451,0.476,220,254,0.866,44,307,351,410,121,11,207,206,1008,OOR
D'Angelo Russell,PG,21,48,1234,278,672,0.414,90,278,0.324,188,394,0.477,0.481,97,131,0.74,30,159,189,249,36,17,147,93,743,OOR
Domantas Sabonis,C,21,74,1810,340,661,0.514,13,37,0.351,327,624,0.524,0.524,168,224,0.75,165,407,572,151,40,32,137,220,861,OOR
JaKarr Sampson,SF,24,22,344,44,81,0.543,5,10,0.5,39,71,0.549,0.574,10,16,0.625,21,57,78,9,8,22,8,48,103,OOR
Dario Šarić,PF,23,78,2310,403,890,0.453,157,399,0.393,246,491,0.501,0.541,178,207,0.86,154,366,520,202,51,20,148,160,1141,OOR
Tomáš Satoranský,SG,26,73,1643,201,384,0.523,47,101,0.465,154,283,0.544,0.585,75,96,0.781,72,161,233,286,52,15,83,131,524,OOR
Dennis Schröder,PG,24,67,2078,500,1146,0.436,76,262,0.29,424,884,0.48,0.469,225,265,0.849,44,164,208,417,72,6,183,147,1301,OOR
Mike Scott,PF,29,76,1406,276,524,0.527,66,163,0.405,210,361,0.582,0.59,50,76,0.658,50,197,247,80,23,10,79,148,668,OOR
Thabo Sefolosha,SF,33,38,806,118,240,0.492,32,84,0.381,86,156,0.551,0.558,44,54,0.815,29,132,161,33,52,12,30,59,312,OOR
Wayne Selden,SG,23,35,692,116,269,0.431,49,122,0.402,67,147,0.456,0.522,44,59,0.746,16,40,56,66,18,5,54,59,325,OOR
Ramon Sessions,PG,31,28,392,42,117,0.359,8,26,0.308,34,91,0.374,0.393,44,57,0.772,6,32,38,77,14,2,30,29,136,OOR
Iman Shumpert,SG,27,14,276,22,58,0.379,7,26,0.269,15,32,0.469,0.44,11,15,0.733,7,34,41,17,9,4,16,22,62,OOR
Pascal Siakam,PF,23,81,1679,253,498,0.508,29,132,0.22,224,366,0.612,0.537,54,87,0.621,79,285,364,159,62,42,67,166,589,OOR
Xavier Silas,SG,30,2,7,0,3,0.0,0,2,0.0,0,1,0.0,0.0,0,0,0.0,1,1,2,0,1,0,0,1,0,OOR
Ben Simmons,PG,21,81,2732,544,998,0.545,0,11,0.0,544,987,0.551,0.545,191,341,0.56,145,514,659,661,140,70,278,211,1279,OOR
Jonathon Simmons,SG,28,69,2029,354,761,0.465,69,204,0.338,285,557,0.512,0.511,185,241,0.768,61,178,239,171,58,16,146,175,962,OOR
Kobi Simmons,PG,20,32,643,80,189,0.423,11,39,0.282,69,150,0.46,0.452,25,25,1.0,14,36,50,68,18,5,44,61,196,OOR
Kyle Singler,SF,29,12,59,7,21,0.333,2,5,0.4,5,16,0.313,0.381,7,13,0.538,1,9,10,2,1,0,3,4,23,OOR
Marcus Smart,SG,23,54,1614,189,515,0.367,75,249,0.301,114,266,0.429,0.44,97,133,0.729,43,146,189,259,71,23,129,133,550,OOR
Dennis Smith Jr.,PG,20,69,2049,404,1024,0.395,106,339,0.313,298,685,0.435,0.446,134,193,0.694,50,210,260,358,71,18,194,152,1048,OOR
Ish Smith,PG,29,82,2043,389,801,0.486,35,101,0.347,354,700,0.506,0.507,81,116,0.698,27,197,224,360,64,20,108,140,894,OOR
J.R. Smith,SG,32,80,2244,240,595,0.403,143,381,0.375,97,214,0.453,0.524,39,56,0.696,29,206,235,141,68,11,81,161,662,OOR
Jason Smith,C,31,33,285,45,115,0.391,4,32,0.125,41,83,0.494,0.409,19,21,0.905,18,35,53,14,3,13,16,44,113,OOR
Josh Smith,PF,32,3,12,1,4,0.25,0,0,0.0,1,4,0.25,0.25,0,0,0.0,3,1,4,0,0,0,0,3,2,OOR
Tony Snell,SG,26,75,2053,185,425,0.435,108,268,0.403,77,157,0.49,0.562,38,48,0.792,9,132,141,98,47,28,36,115,516,OOR
Marreese Speights,C,30,52,675,138,349,0.395,86,233,0.369,52,116,0.448,0.519,40,55,0.727,21,112,133,40,8,22,40,106,402,OOR
Nik Stauskas,SG,24,41,523,60,154,0.39,40,100,0.4,20,54,0.37,0.519,21,29,0.724,4,60,64,39,9,4,26,24,181,OOR
Lance Stephenson,SG,27,82,1850,303,709,0.427,67,232,0.289,236,477,0.495,0.475,84,127,0.661,62,362,424,235,46,17,131,177,757,OOR
David Stockton,PG,26,3,9,2,3,0.667,2,3,0.667,0,0,0.0,1.0,4,4,1.0,0,0,0,0,0,0,1,3,10,OOR
Julyan Stone,SG,29,23,175,6,13,0.462,6,13,0.462,0,0,0.0,0.692,1,2,0.5,1,28,29,26,4,2,7,21,19,OOR
Edmond Sumner,PG,22,1,2,1,1,1.0,0,0,0.0,1,1,1.0,1.0,0,0,0.0,0,1,1,0,0,0,0,1,2,OOR
Caleb Swanigan,PF,20,27,189,24,60,0.4,1,8,0.125,23,52,0.442,0.408,12,18,0.667,15,39,54,14,5,3,18,37,61,OOR
Jayson Tatum,SF,19,80,2443,397,835,0.475,105,242,0.434,292,593,0.492,0.538,213,258,0.826,50,352,402,128,83,58,114,170,1112,OOR
Isaiah Taylor,PG,23,67,1167,163,390,0.418,20,80,0.25,143,310,0.461,0.444,99,141,0.702,22,72,94,206,34,10,84,116,445,OOR
Jeff Teague,PG,29,70,2311,354,794,0.446,84,228,0.368,270,566,0.477,0.499,202,239,0.845,24,185,209,492,102,23,177,171,994,OOR
Marquis Teague,PG,24,3,74,4,16,0.25,1,4,0.25,3,12,0.25,0.281,2,5,0.4,1,5,6,13,4,0,3,5,11,OOR
Mirza Teletović,PF,32,10,159,25,57,0.439,21,45,0.467,4,12,0.333,0.623,0,0,0.0,3,20,23,10,4,1,7,14,71,OOR
Garrett Temple,SG,31,65,1615,199,476,0.418,89,227,0.392,110,249,0.442,0.512,60,78,0.769,22,130,152,124,57,27,79,135,547,OOR
Miloš Teodosić,PG,30,45,1134,151,360,0.419,88,232,0.379,63,128,0.492,0.542,39,46,0.848,16,110,126,209,23,5,97,103,429,OOR
Jason Terry,SG,40,51,814,59,154,0.383,40,115,0.348,19,39,0.487,0.513,8,9,0.889,5,43,48,59,42,13,25,52,166,OOR
Daniel Theis,C,25,63,936,126,233,0.541,18,58,0.31,108,175,0.617,0.579,61,81,0.753,90,184,274,56,30,48,56,157,331,OOR
Isaiah Thomas,PG,28,32,862,157,421,0.373,55,188,0.293,102,233,0.438,0.438,117,131,0.893,17,50,67,153,15,3,95,58,486,OOR
Lance Thomas,PF,29,73,1353,102,267,0.382,50,124,0.403,52,143,0.364,0.476,44,53,0.83,44,131,175,44,30,14,40,134,298,OOR
Klay Thompson,SG,27,73,2506,575,1179,0.488,229,521,0.44,346,658,0.526,0.585,82,98,0.837,31,246,277,185,55,34,128,117,1461,OOR
Tristan Thompson,C,26,53,1072,132,235,0.562,0,0,0.0,132,235,0.562,0.562,43,79,0.544,126,226,352,33,16,17,36,102,307,OOR
Sindarius Thornwell,SG,23,73,1156,100,233,0.429,23,61,0.377,77,172,0.448,0.479,59,88,0.67,33,107,140,68,48,25,53,125,282,OOR
Anthony Tolliver,PF,32,79,1757,219,472,0.464,159,365,0.436,60,107,0.561,0.632,106,133,0.797,50,191,241,90,32,21,58,144,703,OOR
Karl-Anthony Towns,C,22,82,2918,639,1172,0.545,120,285,0.421,519,887,0.585,0.596,345,402,0.858,238,774,1012,199,64,115,159,285,1743,OOR
P.J. Tucker,PF,32,82,2281,172,441,0.39,115,310,0.371,57,131,0.435,0.52,43,60,0.717,93,364,457,77,78,26,74,205,502,OOR
Evan Turner,SF,29,79,2034,258,577,0.447,42,132,0.318,216,445,0.485,0.484,91,107,0.85,30,214,244,173,47,29,99,163,649,OOR
Myles Turner,C,21,65,1836,306,639,0.479,56,157,0.357,250,482,0.519,0.523,160,206,0.777,93,324,417,87,38,118,96,186,828,OOR
Ekpe Udoh,C,30,63,810,60,120,0.5,0,1,0.0,60,119,0.504,0.5,42,56,0.75,68,82,150,53,43,74,20,105,162,OOR
Tyler Ulis,PG,22,71,1658,214,551,0.388,42,146,0.288,172,405,0.425,0.426,84,101,0.832,24,104,128,311,70,7,127,120,554,OOR
Jonas Valančiūnas,C,25,77,1727,390,687,0.568,30,74,0.405,360,613,0.587,0.59,170,211,0.806,183,477,660,81,29,69,115,192,980,OOR
Denzel Valentine,SG,24,77,2095,301,721,0.417,143,370,0.386,158,351,0.45,0.517,38,51,0.745,48,345,393,244,65,11,99,185,783,OOR
Fred VanVleet,PG,23,76,1520,232,545,0.426,108,261,0.414,124,284,0.437,0.525,84,101,0.832,25,159,184,243,68,19,74,130,656,OOR
Rashad Vaughn,SG,21,28,212,23,56,0.411,14,37,0.378,9,19,0.474,0.536,4,6,0.667,3,18,21,13,5,3,6,15,64,OOR
Noah Vonleh,PF,22,54,875,104,234,0.444,20,66,0.303,84,168,0.5,0.487,36,58,0.621,70,241,311,34,19,17,31,68,264,OOR
Nikola Vučević,C,27,57,1683,399,840,0.475,64,204,0.314,335,636,0.527,0.513,77,94,0.819,101,422,523,191,56,62,109,144,939,OOR
Dwyane Wade,SG,36,67,1536,299,682,0.438,32,111,0.288,267,571,0.468,0.462,135,189,0.714,50,202,252,228,61,47,140,124,765,OOR
Dion Waiters,SG,26,30,918,163,410,0.398,52,170,0.306,111,240,0.463,0.461,51,69,0.739,8,69,77,113,23,9,70,61,429,OOR
Kemba Walker,PG,27,80,2736,588,1363,0.431,231,601,0.384,357,762,0.469,0.516,363,420,0.864,32,216,248,444,91,24,179,98,1770,OOR
John Wall,PG,27,41,1410,280,667,0.42,62,167,0.371,218,500,0.436,0.466,175,241,0.726,22,128,150,393,57,45,158,80,797,OOR
Tyrone Wallace,PG,23,30,851,110,247,0.445,10,40,0.25,100,207,0.483,0.466,61,78,0.782,21,84,105,71,27,13,46,83,291,OOR
Derrick Walton,PG,22,16,147,8,25,0.32,7,17,0.412,1,8,0.125,0.46,6,6,1.0,2,14,16,16,7,3,2,7,29,OOR
Jameel Warney,PF,24,3,27,7,12,0.583,0,0,0.0,7,12,0.583,0.583,3,5,0.6,4,5,9,0,0,0,1,2,17,OOR
T.J. Warren,SF,24,65,2142,529,1063,0.498,20,90,0.222,509,973,0.523,0.507,193,255,0.757,125,208,333,85,65,41,85,149,1271,OOR
Travis Wear,SF,27,17,228,25,72,0.347,17,47,0.362,8,25,0.32,0.465,8,8,1.0,0,38,38,7,4,5,6,30,75,OOR
James Webb III,SF,24,10,120,6,24,0.25,4,19,0.211,2,5,0.4,0.333,0,0,0.0,8,16,24,4,1,0,4,10,16,OOR
Briante Weber,PG,25,18,237,19,43,0.442,4,11,0.364,15,32,0.469,0.488,8,10,0.8,8,27,35,22,18,5,15,28,50,OOR
David West,C,37,73,999,216,378,0.571,3,8,0.375,213,370,0.576,0.575,60,79,0.759,64,174,238,138,47,75,80,120,495,OOR
Russell Westbrook,PG,29,80,2914,757,1687,0.449,97,326,0.298,660,1361,0.485,0.477,417,566,0.737,152,652,804,820,147,20,381,200,2028,Candidate
Andrew White,SF,24,15,209,25,73,0.342,18,49,0.367,7,24,0.292,0.466,1,4,0.25,4,30,34,6,3,1,8,12,69,OOR
Derrick White,PG,23,17,139,16,33,0.485,8,13,0.615,8,20,0.4,0.606,14,20,0.7,5,21,26,9,4,3,6,8,54,OOR
Okaro White,PF,25,6,80,7,16,0.438,4,11,0.364,3,5,0.6,0.563,2,3,0.667,3,8,11,2,1,1,1,6,20,OOR
Isaiah Whitehead,PG,22,16,180,40,86,0.465,7,18,0.389,33,68,0.485,0.506,13,19,0.684,4,22,26,20,8,2,24,23,100,OOR
Hassan Whiteside,C,28,54,1364,312,578,0.54,2,2,1.0,310,576,0.538,0.542,128,182,0.703,174,444,618,54,37,94,92,131,754,OOR
Andrew Wiggins,SF,22,82,2979,569,1300,0.438,112,338,0.331,457,962,0.475,0.481,202,314,0.643,82,276,358,160,91,51,138,163,1452,OOR
Jacob Wiley,PF,23,5,33,1,4,0.25,1,2,0.5,0,2,0.0,0.375,1,2,0.5,2,9,11,2,1,0,0,4,4,OOR
Damien Wilkins,SF,38,19,152,13,39,0.333,4,18,0.222,9,21,0.429,0.385,3,4,0.75,5,11,16,9,2,1,5,7,33,OOR
Alan Williams,PF,25,5,70,7,18,0.389,0,0,0.0,7,18,0.389,0.389,6,9,0.667,3,19,22,8,5,1,7,13,20,OOR
C.J. Williams,SG,27,38,707,87,197,0.442,22,78,0.282,65,119,0.546,0.497,13,16,0.813,12,44,56,43,31,13,20,63,209,OOR
Derrick Williams,PF,26,2,9,1,4,0.25,0,2,0.0,1,2,0.5,0.25,0,0,0.0,0,1,1,0,0,0,0,0,2,OOR
Lou Williams,SG,31,79,2589,582,1337,0.435,186,518,0.359,396,819,0.484,0.505,432,491,0.88,40,158,198,417,85,19,234,106,1782,OOR
Marvin Williams,PF,31,78,2006,258,563,0.458,126,305,0.413,132,258,0.512,0.57,102,123,0.829,74,296,370,96,56,38,66,116,744,OOR
Matt Williams,SG,24,3,11,2,6,0.333,1,5,0.2,1,1,1.0,0.417,0,0,0.0,0,1,1,0,0,0,1,1,5,OOR
Troy Williams,SF,23,21,307,51,109,0.468,11,38,0.289,40,71,0.563,0.518,20,30,0.667,22,41,63,16,20,4,19,34,133,OOR
D.J. Wilson,PF,21,22,71,9,16,0.563,2,5,0.4,7,11,0.636,0.625,1,2,0.5,2,8,10,3,3,1,4,7,21,OOR
Jamil Wilson,SF,27,15,274,38,81,0.469,27,63,0.429,11,18,0.611,0.636,2,4,0.5,3,29,32,10,5,8,8,34,105,OOR
Justise Winslow,PF,21,68,1680,207,488,0.424,49,129,0.38,158,359,0.44,0.474,66,104,0.635,64,306,370,148,54,33,77,140,529,OOR
Jeff Withey,C,27,9,39,6,16,0.375,2,10,0.2,4,6,0.667,0.438,1,2,0.5,1,9,10,0,0,3,2,3,15,OOR
Nate Wolters,PG,26,5,19,1,6,0.167,0,0,0.0,1,6,0.167,0.167,0,0,0.0,1,1,2,1,0,0,0,1,2,OOR
Brandan Wright,PF,30,28,381,59,102,0.578,0,0,0.0,59,102,0.578,0.578,21,33,0.636,33,62,95,13,13,26,8,32,139,OOR
Delon Wright,PG,25,69,1433,201,432,0.465,56,153,0.366,145,279,0.52,0.53,97,117,0.829,45,153,198,200,72,33,78,81,555,OOR
Guerschon Yabusele,PF,22,33,235,26,61,0.426,12,37,0.324,14,24,0.583,0.525,15,22,0.682,17,35,52,16,4,5,12,23,79,OOR
James Young,SG,22,6,61,5,14,0.357,3,10,0.3,2,4,0.5,0.464,4,6,0.667,0,2,2,2,0,0,1,4,17,OOR
Joe Young,PG,25,53,558,80,186,0.43,25,66,0.379,55,120,0.458,0.497,22,29,0.759,12,51,63,39,14,1,26,39,207,OOR
Nick Young,SG,32,80,1393,201,488,0.412,123,326,0.377,78,162,0.481,0.538,56,65,0.862,20,105,125,36,38,7,39,100,581,OOR
Thaddeus Young,PF,29,81,2607,421,864,0.487,58,181,0.32,363,683,0.531,0.521,55,92,0.598,184,328,512,152,135,36,105,175,955,OOR
Cody Zeller,C,25,33,627,85,156,0.545,2,3,0.667,83,153,0.542,0.551,61,85,0.718,67,110,177,31,14,21,33,81,233,OOR
Tyler Zeller,C,28,66,1109,187,334,0.56,10,28,0.357,177,306,0.578,0.575,57,79,0.722,110,195,305,47,15,35,47,126,441,OOR
Paul Zipser,SF,23,54,824,81,234,0.346,37,110,0.336,44,124,0.355,0.425,19,25,0.76,13,118,131,46,20,15,43,86,218,OOR
Ante Žižić,C,21,32,214,49,67,0.731,0,0,0.0,49,67,0.731,0.731,21,29,0.724,24,36,60,5,2,13,11,30,119,OOR
Ivica Zubac,C,20,43,410,61,122,0.5,0,1,0.0,61,121,0.504,0.5,39,51,0.765,45,78,123,25,8,15,26,47,161,OOR
